CLAIMS  1 char = 1 block  x -149..148 across, z -133..132 down
KEY  0 free  1 fluid  2 paving  3 structure  4 tree  5 boulder  6 flora  7 spawn keep-out  8 door approach  9 goal clearance  a wool-room keep-out  b structure keep-out  space void
             -4        -3        -2        -1        -0        -9        -8        -7        -6        -5        -4        -3        -2        -1         0         1         2         3         4         5         6         7         8         9         0         1         2         3         4        
     9876543210987654321098765432109876543210987654321098765432109876543210987654321098765432109876543210987654321098765432109876543210987654321098765432101234567890123456789012345678901234567890123456789012345678901234567890123456789012345678901234567890123456789012345678901234567890123456789012345678
-133 0000000000000000000000000000000000000000000000000000000000000000              0000000000000000000000000000000000000000000000000000000000000000              0000000000000000000000000000000000000000000000000000000000000000              0000000000000000000000000000000000000000000000000000000000000000
-132 0000000000000000000000000000000000000000000000000000000000000000              0000000000000000000000000000000000000000000000000000000000000000              0000000000000000000000000000000000000000000000000000000000000000              0000000000000000000000000000000000000000000000000000000000000000
-131 0000000000000000000000000000000000000000000000000000000000000000              0000000000000000000000000000000000000000000000000000000000000000              0000000000000000000000000000000000000000000000000000000000000000              0000000000000000000000000000000000000000000000000000000000000000
-130 0000000000000000000000000000000000000000000000000000000000000000              0000000000000000000000000000000000000000000000000000000000000000              0000000000000000000000000000000000000000000000000000000000000000              0000000000000000000000000000000000000000000000000000000000000000
-129 0000000000000000000000000000000000000000000000000000000000000000              0000000000000000000000000000000000000000000000000000000000000000              0000000000000000000000000000000000000000000000000000000000000000              0000000000000000000000000000000000000000000000000000000000000000
-128 0000000000000000000000000000000000000000000000000000000000000000              0000000000000000000000000000000000000000000000000000000000000000              0000000000000000000000000000000000000000000000000000000000000000              0000000000000000000000000000000000000000000000000000000000000000
-127 0000000000000000000000000000000000000000000000000000000000000000              0000000000000000000000000000000000000000000000000000000000000000              0000000000000000000000000000000000000000000000000000000000000000              0000000000000000000000000000000000000000000000000000000000000000
-126 0000000000000000000000000000000000000000000000000000000000000000              0000000000000000000000000000000000000000000000000000000000000000              0000000000000000000000000000000000000000000000000000000000000000              0000000000000000000000000000000000000000000000000000000000000000
-125 0000000000000000000000000000000000000000000000000000000000000000              0000000000000000000000000000000000000000000000000000000000000000              0000000000000000000000000000000000000000000000000000000000000000              0000000000000000000000000000000000000000000000000000000000000000
-124 0000000000000000000000000000000000000000000000000000000000000000              0000000000000000000000000000000000000000000000000000000000000000              0000000000000000000000000000000000000000000000000000000000000000              0000000000000000000000000000000000000000000000000000000000000000
-123 0000000000000000000000000000000000000000000000000000000000000000              0000000000000000000000000000000000000000000000000000000000000000              0000000000000000000000000000000000000000000000000000000000000000              0000000000000000000000000000000000000000000000000000000000000000
-122 0000000000000000000000000000000000000000000000000000000000000000              0000000000000000000000000000000000000000000000000000000000000000              0000000000000000000000000000000000000000000000000000000000000000              0000000000000000000000000000000000000000000000000000000000000000
-121 0000000000000000000000000000000000000000000000000000000000000000              0000000000000000000000000000000000000000000000000000000000000000              0000000000000000000000000000000000000000000000000000000000000000              0000000000000000000000000000000000000000000000000000000000000000
-120 0000000000000000000000000000000000000000000000000000000000000000              0000000000000000000000000000000000000000000000000000000000000000              0000000000000000000000000000000000000000000000000000000000000000              0000000000000000000000000000000000000000000000000000000000000000
-119 0000000000000000000000000000000000000000000000000000000000000000              0000000000000000000000000000000000000000000000000000000000000000              0000000000000000000000000000000000000000000000000000000000000000              0000000000000000000000000000000000000000000000000000000000000000
-118 0000000000000000000000000000000000000000000000000000000000000000              0000000000000000000000000000000000000000000000000000000000000000              0000000000000000000000000000000000000000000000000000000000000000              0000000000000000000000000000000000000000000000000000000000000000
-117 0000000000000000000000000000000000000000000000000000000000000000              0000000000000000000000000000000000000000000000000000000000000000              0000000000000000000000000000000000000000000000000000000000000000              0000000000000000000000000000000000000000000000000000000000000000
-116 0000000000000000000000000000000000000000000000000000000000000000              0000000000000000000000000000000000000000000000000000000000000000              0000000000000000000000000000000000000000000000000000000000000000              0000000000000000000000000000000000000000000000000000000000000000
-115 0000000000000000000000000000000000000000000000000000000000000000              0000000000000000000000000000000000000000000000000000000000000000              0000000000000000000000000000000000000000000000000000000000000000              0000000000000000000000000000000000000000000000000000000000000000
-114 0000000000000000000000000000000000000000000000000000000000000000              0000000000000000000000000000000000000000000000000000000000000000              0000000000022222222222222200000000000000000000000000000002222000              0000000000000000000000000000000000000000000000000000000000000000
-113 0000000000000000000000000000000000000000000000000000000000000000              0000000000000000000000000000000000000000000000000000000000000000              0000000022222222222222222220000000000000000000002222222222222200              0000000000000000000000000000000000000000000000000000000000000000
-112 0000000000000000000000000000000000000000000000000000000000000000              0000000000000000000000000000000000000000000000000000000000000000              0022222222222222222222222222202222222222000222222222222222222222              0000000000000000000000000000000000000000000000000000000000000000
-111 0000000000000000000000000000000000000000000000000000000000000000              0000000000000000000000000000000000000000000000000000000000000000              2222222222222222222222222222222222222222222222222222222222222222              0000000000000000000000000000000000000000000000000000000000000000
-110 0000000000000000000000000000000000000000000000000000000000000000              0000000000000000000000000000000000000000000000000000000000000000              2222222222222222222222222222222222222222222222222222222222222222              0000000000000000000000000000000000000000000000000000000000000000
-109 0000000000000000000000000000000000000000000000000000000000000000              0000000000000000000000000000000000000000000000000000000000000000              2222222222222222222222222222222222222222222222222222222222222222              0000000000000000000000000000000000000000000000000000000000000000
-108 0000000000000000000000000000000000000000000000000000000000000000              0000000000000000000000000000000000000000000000000000000000000000              2222222222222222222222222222222222222222222222222222222222222222              0000000000000000000000000000000000000000000000000000000000000000
-107 0222222222222222222222222222222222222222222222222222222222222220              0222222222222222222222222222222222222222222222222222222222222220              2222222222222222222222222222222222222222222222222222222222222222              0222222222222222222222222222222222222222222222222222222222222220
-106 2222222222222222222222222222222222222222222222222222222222222222              2222222222222222222222222222222222222222222222222222222222222222              2222222222222222222222222222222222222222222222222222222222222222              2222222222222222222222222222222222222222222222222222222222222222
-105 2222222222222222222222222222222222222222222222222222222222222222              2222222222222222222222222222222222222222222222222222222222222222              2222222222222222222222222222222222222222222222222222222222222222              2222222222222222222222222222222222222222222222222222222222222222
-104 0222222222222222222222222222222222222222222222222222222222222220              0222222222222222222222222222222222222222222222222222222222222220              2222222222222222222222222222222222222222222222222222222222222222              0222222222222222222222222222222222222222222222222222222222222220
-103 0000000000000000000000444444400000000444440000000000040000000000              0000000000000000000000000000000000000000000000000000000000000000              2222222222222222222222222222222222222222222222222222222222222222              0000000000000000000000000000000000000000000000000000000000000000
-102 0000000000000000000000444444400000004444444000000004444400000000              0000000000000000000000000000000000000555500000000000055000000000              2222222222222222222222222222222222222222222222222222222222222222              0000000000000000000000000000000000000000000000000000000000000000
-101 0000000000000000000004444444440000004444444000000044444440000000              0000000000000000000000000000000000000555555000000005555500000000              2222222222222222222222222222222222222222222222222222222222222222              0000000000000000000000000000000000000000000000000000000000000000
-100 0000000000000000000000444444400000044444444400000044444440000000              0000000000000000000000000000000000005555555000000005555500000000              2222222222222222222222222222222222222222222222222022222222222222              0000000000000000000000000000000000400000000000400000040000000000
 -99 0000000000000000000000444444400000004444444000000444444444000000              0000000000000000000000000000000000000555550000000005555550000000              2222222222222222222222222222222222222222222222220000022222222222              0000000000000000000000000000000444444400000044444044444440000000
 -98 0000000000000000000000044444000000004444444000000044444440000000              0000000000000000000000000000000000000555550000000005555500000000              2222222222222222222222222222222200222222222200000000022222222222              0000000000000000000000000000004444444440000444444444444444000000
 -97 0000000000000000000000000400000000000444440000000044444440000000              0000000000000000000000000000000000000000000000000005555500000000              0022004444422222222222222222220000000044444000000000002222222222              0000000000000000000000000000004444444440000444444444444444000000
 -96 0000000000000000000000000000000000000004000000000004444400000000              0000000000000000000000000000000000000000000000000000000000000000              0000044444440000222224444444000000000444444400000000044444440020              0000000000000004000000000000004444444440004444444444444444000000
 -95 0000000000000000000000000000000000000000000000000000040000000000              0000000000000000000000000000000000000000000000000000000000000000              0000044444440000000004444444000000000444444400000000044444440000              0000000000004444444000000000044444444444000444444444444444400000
 -94 0000000000000000000000000000000000000000000000000000000000000000              0000000000000000000000000000000000000000000000000000000000000000              0000444444444000000044444444400000004444444440000000444444444000              0000000040044444444400000000004444444440000444444444444444000000
 -93 0000000000000000000000000000000000000000000000000000000000000000              0000000000000000000000000000000000000000000000000000000000000000              0000044444440000000004444444000000000444444400000000044444440000              0000004444444444444400000000004444444440000044444444444444000000
 -92 0000000000000000000000000000000000000000000000000000000000000000              0000000000000000000000000000000000000000000000000000000000000000              0000044444440000000004444444000000000444444400000000044444440000              0000044444444444444400000000004444444440000000400444444444400000
 -91 0000000000000000000000000000000000000000000000000000000000000000              0000000000000000000000000000000000000000000000000000000000000000              0000004444400000000000444440000000000044444000000000004444400000              0000044444444444444440000000000444444400000000000044444444440000
 -90 0000000000000000000000000000000000000000000000000000000000000000              0000000000000000000000000000000000000000000000000000000000000000              0000000040000000000000004000000000000000400000000000000040000000              0000444444444444444400000000000000400000000000000004444444440000
 -89 0000000000000000000000000000000000000000000000000000000000000000              0000000000000000000000000000000000000000000000000000000000000000              0000000000000000000000000000000000000000000000000000000000000000              0000044444444444444400000000000000000000000000000004444444440000
 -88 0000000000000000000000000000000000000000000000000000000000000000              0000000000000000000000000000000000000000000000000000000000000000              0000000000000000000000000000000000000000000000000000000000000000              0000044444444444444400000000000000000000000000000044444444444000
 -87 0000000000000000000000000000000000000000000000000000000000000000              0000000000000000000000000000000000000000000000000000000000000000              0000000000000000000000000000000000000000000000000000000000000000              0000004444404444444000000000000000000000000000000004444444440000
 -86 0000000000000000000000000000000000000000000000000000000000000000              0000000000000000000000000000000000000000000000000000000000000000              0000000000000000000000000000000000000000000000000000000000000000              0000000044444004000000000000004000000000000040000004444444440000
 -85 0000000000000000000000000000000000000000000000000000000000000000              0000000000000000000000000000000000000000000000000000000000000000              0000000000000000000000000000000000000000000000000000000000000000              0000000444444400000000000000444440000000044444440004444444440000
 -84 0000000000000000000000000000000000000000000000000000000000000000              0000000000000000000000000000000000000000000000000000000000000000              0000000000000000000000000000000000000000000000000000000000000000              0000000444444400000000000004444444000000444444444000444444400000
 -83 0000000000000000000000000000000000000000000000000000000000000000              0000000000000000000000000000000000000000000000000000000000000000              0000000000000000000000000000000000000000000000000000000000000000              0000004444444440000000000004444444000000444444444000000400000000
 -82 0000000000000000000000000000000000000000000000000000000000000000              0000000000000000000000000000000000000000000000000000000000000000              0000000000000000000000000000000000000000000000000000000000000000              0000000444444400000000000044444444400000444444444000000000000000
 -81 0000000000000000000000000000000000000000000000000000000000000000              0000000000000000000000000000000000000000000000000000000000000000              0000000000000000000000000000000000000000000000000000000000000000              0000000444444400000000000004444444000004444444444400000000000000
 -80 0000000000000000000000000000000000000000000000000000000000000000              0000000000000000000000000000000000000000000000000000000000000000              0000000000000000000000000000000000000000000000000000000000000000              0000000044444000000000000004444444000000444444444000000000000000
 -79 0000000000000000000000000000000000000000000000000000000000000000              0000000000000000000000000000000000000000000000000000000000000000              0000000000000000000000000000000000000000000000000000000000000000              0000000000400000000000000000444440000000444444444000000000000000
 -78 0000000000000000000000000000000000000000000000000000000000000000              0000000000000000000000000000000000000000000000000000000000000000              0000000000000000000000000000000000000000000000000000000000000000              0000000000000000000000000000004000000000444444444000000000000000
 -77                                                                                                                                                                                                                                                                                                           
 -76                                                                                                                                                                                                                                                                                                           
 -75                                                                                                                                                                                                                                                                                                           
 -74                                                                                                                                                                                                                                                                                                           
 -73                                                                                                                                                                                                                                                                                                           
 -72                                                                                                                                                                                                                                                                                                           
 -71                                                                                                                                                                                                                                                                                                           
 -70                                                                                                                                                                                                                                                                                                           
 -69                                                                                                                                                                                                                                                                                                           
 -68                                                                                                                                                                                                                                                                                                           
 -67                                                                                                                                                                                                                                                                                                           
 -66                                                                                                                                                                                                                                                                                                           
 -65                                                                                                                                                                                                                                                                                                           
 -64                                                                                                                                                                                                                                                                                                           
 -63 0000000000000000000000000000000000000000000000000000000000000000              0000000000000000000000000000000000000000000000000000000000000000              0000000000000000000000000000000000000000000000000000000000000000              0000000000000000000000000000000000000000000000000000000000000000
 -62 0000000000000000000000000000000000000000000000000000000000000000              0000000000000000000000000000000000000000000000000000000000000000              0000000000000000000000000000000000000000000000000000000000000000              0000000000000000000000000000000000000000000000000000000000000000
 -61 0000000000000000000000000000000000000000000000000000000000000000              0000000000000000000000000000000000000000000000000000000000000000              0000000000000000000000000000000000000000000000000000000000000000              0000000000000000000040000000400000000000000000000000000400000000
 -60 0000000000000000000000000000000000000000000000000000000000000000              0000000000000000000000000000000000000000000000000000000000000000              0000000000000000000000000000000000000000000000000000000000000000              0000000040000000044444440444444400000000000040000000044444000000
 -59 0000000000000000000000000000000000000000000000000000000000000000              0000000000000000000000000000000000000000000000000000000000000000              0000000000000000000000000000000000000000000000000000000000000000              0000004444400400444444444444444440000000044444440000444444400000
 -58 0000000000000000000000000000000000000000000000000000000000000000              0000000000000000000000000000000000000000000000000000000000000000              0000000000000000000000000000000000000000000000000000000000000000              0000044444444444444444444444444446000000444444444000444444400000
 -57 0000000000000000000000000000000000000000000000000000000000000000              0000000000000000000000000000000000000000000000000000000000000000              0000000000000000000000000000000000000000000000000000000000000000              0000044444444444444444444444444446666600444444444004444444440000
 -56 0000000000000000000000000000000000000000000000000000000000000000              0000000000000000000000000000000000000000000000000000000000000000              0000000000000000000000000000000000000000000000000000000000000000              0000444444444444444444444444444444666666444444444400444444400000
 -55 0000000000000000000000000000000000000000000000000000000000000000              0000000000000000000000000000000000000000000000000000000000000000              0000000000000000000000000000000000000000000000000000000000000000              0000044444444444444444444444444446666664444444444444444444400000
 -54 0000000000000000000000000000000000000000000000000000000000000000              0000000000000000000000000000000000000000000000000000000000000000              0000000000000000000000000000000000000000000000000000000000000000              0000044444444444444444444444444446666666444444444444444444000000
 -53 0000000000000000000000000000000000000000000000000000000000000000              0000000000000000000000000000000000000000000000000000000000000000              0000000040000000000000004000000000000000400000000000000040000400              0000004444444444444444444444444446666666444444444444440400000000
 -52 0000000000000000000000000000000000000000000000000000000000000000              0000000000000000000000000000000000000000000000000000000000000000              0000004444400000000000444440000000000044444000000000004444444444              0000004444444444444444446444444446666666444444444444440000000000
 -51 0000000000000000000000000000000000000000000000000000000000000000              0000000000000000000000000000000000000000000000000000000000000000              0000044444440000000004444444000000000444444400000000044444444444              0000044444440444444444466664444444666666644444444444444000000000
 -50 0000000000000000000000000000000000000000000000000000000000000000              0000000000000000000000000000000000000000000000000000000000000000              0000044444440000000004444444000000000444444400000000044444444444              0000044444446644444444466664444444666466666644444444440400000000
 -49 0000000000000000000000000000000000000000000000000000000000000000              0000000000000000000000000000000000000000000000000000000000000000              0000444444444000000044444444400000004444444440000000444444444444              0000444444444644444444446644444444444444664444444444444444000000
 -48 0000000000000000000000000000000000000000000000000000000000000000              0000000000000000000000000000000000000000000000000000000000000000              0000044444440000000004444444000000000444444400000000044444444444              0000044444446444444444444444444444444444444444444444444444400000
 -47 0000000000000000000000000000000000000000000000000000000000000000              0000000000000000000000000000000000000000000000000000000000000000              0000044444440000000004444444000000000444444400000000044444444444              0000044444446644444444444444444444444444444444444444444444400000
 -46 0000000000000000000000000000000000000000000000000000000000000000              0000000000000000000000000000000000000000000000000000000000000000              0000004444400000000000444440000000000044444000000000004444444444              0000004444466444444444444444444444444444444444444464444444440000
 -45 0000000000000000000000000000000000000000000000000000000000000000              0000000000000000000000000000000000000000000000000000000000000000              0000000040000000000000004000000000000000400000000000000040000400              0000000046644444444444444444664666444444444444446666444444400000
 -44 0000000000000000000000000000000000000000000000000000000000000000              0000000000000000000000000000000000000000000000000000000000000000              0000000000000000000000000000000000000000000000000000000000000000              0000000066444444444444444444466664444444444444444666444444400000
 -43 0000000000000055555000000000000000000055555000055555000000000000              0000000000000000000000000000000000000000000000000000000000000000              0000000000000000000000000000000000000000000000000000000000000000              0000000066444444464444444444666644444444664444444446644444000000
 -42 0000000000000055555000000000000000000055555500055555000000000000              0000000000000000000000000000000000000000000000000000000000000000              0000000000000000000000000000000000000000000000000000000000000000              0000000664444444446444444444666644444446666644444444664444444000
 -41 0000000000000055555500000000000000000555555500555555000000000000              0000000000000000000000000000000000000000000000000000000000000000              0000000000000000000000000000000000000000000000000000000000000000              0000000666444444466444444444666444444444666664444444644444444400
 -40 0000000000000055555000000000000000000055555000055555000000000000              0000000000000000000000000000000000000000000000000000000000000000              0000000000000000000000000000000000000000000000000000000000000000              0000000666444444466644444446666644444446666644444444444444444400
 -39 0000000000000005555000000000000000000055555000055555000000000000              0000000000000000000000000000000000000000000000000000000000000000              0000000000000000000000000000000000000000000000000000000000000000              0000004666644444666466646666644444444444466664444444644444444400
 -38 0000000000000000000000000000000000000000000000000550000000000000              0000000000000000050000000000000000000000000000055000000000000000              0000000000000000000000000000000000000000000000000000000000000000              0004444444666466644444666666444444444444446664444444444444444440
 -37 0000000000000000000000000000000000000000000000000000000000000000              0000000000000000555500000000000000000000000000555550000000000000              0000000000000000000000000000000000000000000000000000000000000000              0044444444466666444444466666444444444444446666444444444444444400
 -36 0000000000000000000000000000000000000000000000000000000000000000              0000000000000000555550000000000000000000000000555550000000000000              0000000000000000000000000000000000000000000000000000000000000000              0044444444466666444444466666444444444444444666644444444444444400
 -35 0000000000000000000000000000000000000000000000000000000000000000              0000000000000005555550000000000000000000000005555550000000000000              0000000000000000000000000000000000000000000000000000000000000000              0044444444466664444444446664444444444444446646644444444444444400
 -34 0000000000000000000000000000000000000000000000000000000000000000              0000000000000000555550000000000000000000000000555550000000000000              0000000000000000000000000000000000000000000000000000000000000000              0444444444446646444444466666444444444444444444444444444444444000
 -33 0000000000000000000000000000000000000000000000000000000000000000              0000000000000000055500000000000000000000000000555500000000000000              0000000000000000000000000000000000000000000000000000000000000000              0044444444464444444444466466444444444444444444444444444444444000
 -32 0000000000000000000000000000000000000000000000000000000000000000              0000000000000000000000000000000000000000000000000000000000000000              0000000000000000000000000000000000000000000000000000000000000000              0044444444444444444444644444444444444646444444444444444444444400
 -31 0000000000000000000000000000000000000000000000000000000000000000              0000000000000000000000000000000000000000000000000000000000000000              0000000000000000000000000000000000000000000000000000000000000000              0044444444444444444466644444644444446666444444444444444444444400
 -30 0000000000000000000000000000000000000000000000000000000000000000              0000000000000000000000000000000000000000000000000000000000000000              0000000000000000000000000000000000000000000000000000000000000000              0004444444444444444446444444466646666664444444444444444444444440
 -29 0000000000000000000000000000000000000000000000000000000000000000              0000000000000000000000000000000000000000000000000000000000000000              0000000000000000000000000000000000000000000000000000000000000000              0000004444444444444444644444666666466666444444444444444444444400
 -28 0000000000000000000000000000000000000000000000000000000000000000              0000000000000000000000000000000000000000000000000000000000000000              0000000000000000000000000000000000000000000000000000000000000000              0000044444444444444444644444666644444644444444444664444444444400
 -27 0000000000000000000000000000000000000000000000000000000000000000              0000000000000000000000000000000000000000000000000000000000000000              0000000000000000000000000000000000000000000000000000000000000000              0000004444444444444444464466646444444444444444444664444444444000
 -26 0000000000000000000000000000000000000000000000000000000000000000              0000000000000000000000000000000000000000000000000000000000000000              0000000040000000000000004000000000000000400000000000000040000040              0000004444444644444444444444444444444444444444446644444444400000
 -25 0000000000000000000000000000000000000000000000000000000000000000              0000000000000000000000000000000000000000000000000000000000000000              0000044444440000000004444444000000000444444400000000044444444444              0000000444444464444444444444444444444444444444444444444444000000
 -24 0000000000000000000000000000000000000000000000000000000000000000              0000000000000000000000000000000000000000000000000000000000000000              0000444444444000000044444444400000004444444440000000444444444444              0000004444444446444444444444444444444444444444444444444444440000
 -23 0000000000000000000000000000000000000000000000000000000000000000              0000000000000000000000000000000000000000000000000000000000000000              0000444444444000000044444444400000004444444440000000444444444444              0000004444444446664644444444444444444444444444444444444444444000
 -22 0000000000000000000000000000000000000000000000000000000000000000              0000000000000000000000000000000000000000000000000000000000000000              0000444444444000000044444444400000004444444440000000444444444444              0000004444444446666664444444444444444444444444444444004444444000
 -21 0000000000000000000000000000000000000000000000000000000000000000              0000000000000000000000000000000000000000000000000000000000000000              0004444444444400000444444444440000044444444444000004444444444444              0000044444444444664664444444444446444444464444444444444444444400
 -20 0000000000000000000000000000000000000000000000000000000000000000              0000000000000000000000000000000000000000000000000000000000000000              0000444444444000000044444444400000004444444440000000444444444444              0000004444444446444446444444444444444444466444444444004444444000
 -19 0000000000000000000000000000000000000000000000000000000000000000              0000000000000000000000000000000000000000000000000000000000000000              0000444444444000000044444444400000004444444440000000444444444444              0000004444444444444444664666444444444444466444444444004444444000
 -18 0000000000000000000000000000000000000000000000000000000000000000              0000000000000000000000000000000000000000000000000000000000000000              0000444444444000000044444444400000004444444440000000444444444444              0000004444444444444444666666444444444444446444444444000444440000
 -17 0000000000000000000000000000000000000000000000000000000000000000              0000000000000000000000000000000000000000000000000000000000000000              0000044444440000000004444444000000000444444400000000044444444444              0000004444444444444444466644444444444444466644444440000044444000
 -16 0000000000000000000000000000000000000000000000000000000000000000              0000000000000000000000000000000000000000000000000000000000000000              0000000040000000000000004000000000000000400000000000000040000040              0000004444444444444444664444444444444444466664444400000444444400
 -15 0000000000000000000000000000000000000000000000000000000000000000              0000000000000000000000000000000000000000000000000000000000000000              0000000000000000000000000000000000000000000000000000000000000000              0000004444444444444444644444444444444444666044444440000444444400
 -14 0000000000000000000000000000000000000000000000000000000000000000              0000000000000000000000000000000000000000000000000000000000000000              0000000000000000000000000000000000000000000000000000000000000000              0000044444444444444440044444444444444440000044444440004444444440
 -13 0000000000000000000000000000000000000000000000000000000000000000              0000000000000000000000000000000000000000000000000000000000000000              0000000000000000000000000000000000000000000000000000000000000000              0000004444444440004000444444444444444444000444444444000444444400
 -12 0000000000000000000000000000000000000000000000000000000000000000              0000000000000000000000000000000000000000000000000000000000000000              0000000000000000000000000000000000000000000000000000000000000000              0000004444444440000000044444440044444440000044444440000444444400
 -11 0000000000000000000000000000000000000000000000000000000000000000              0000000000000000000000000000000000000000000000000000000000000000              0000000000000000000000000000000000000000000000000000000000000000              0000004444444440000000044444440044444440000044444440000044444000
 -10 0000000000000000000000000000000000000000000000000000000000000000              0000000000000000000000000000000000000000000000000000000000000000              0000000000000000000000000000000000000000000000000000000000000000              0000000444444400000000004444400004444400000004444400000000400000
  -9 0000000000000000000000000000000000000000000000000000000000000000              0000000000000000000000000000000000000000000000000000000000000000              0000000000000000000000000000000000000000000000000000000000000000              0000000000400000000000000040000000040000000000040000000000000000
  -8 0000000000000000000000000000000000000000000000000000000000000000              0000000000000000000000000000000000000000000000000000000000000000              0000000000000000000000000000000000000000000000000000000000000000              0000000000000000000000000000000000000000000000000000000000000000
  -7                                                                                                                                                                                                                                                                                                           
  -6                                                                                                                                                                                                                                                                                                           
  -5                                                                                                                                                                                                                                                                                                           
  -4                                                                                                                                                                                                                                                                                                           
  -3                                                                                                                                                                                                                                                                                                           
  -2                                                                                                                                                                                                                                                                                                           
  -1                                                                                                                                                                                                                                                                                                           
   0                                                                                                                                                                                                                                                                                                           
   1                                                                                                                                                                                                                                                                                                           
   2                                                                                                                                                                                                                                                                                                           
   3                                                                                                                                                                                                                                                                                                           
   4                                                                                                                                                                                                                                                                                                           
   5                                                                                                                                                                                                                                                                                                           
   6                                                                                                                                                                                                                                                                                                           
   7 0000000000000000000000000000000000000000000000000000000000000000              0000000000000000000000000000000000000000000000000000000000000000              0000000000000000000000000000000000000000000000000000000000000000              0000000000000000000000000000000000000000000000000000000000000000
   8 0000000000000000000000000000000000000000000000000000000000000000              0000000000000000000000000000000000000000000000000000000000000000              0000000000000000000000000000000000000000000000000000000000000000              0000000000000000000000000000000000000000000000000000000000000000
   9 0000000000000000000000000000000000000000000000000000000000000000              0000000000000000000000000000000000000000000000000000000000000000              0000000000000000000000000000000000000000000000000000000000000000              0000000000000000000000000000000000000000000000000000000000000000
  10 0000000000000000000000000000000000000000000000000000000000000000              0000000000000000000000000000000000000000000000000000000000000000              0000000000000000000000000000000000000000000000000000000000000000              0000000000000000000000000000000000000000000000000000000000000000
  11 0000000000000000000000000000000000000000000000000000000000000000              0000000000000000000000000000000000000000000000000000000000000000              0000000000000000000000000000000000000000000000000000000000000000              0000000000000000000000000000000000000000000000000000000000000000
  12 0000000000000000000000000000000000000000000000000000000000000000              0000000000000000000000000000000000000000000000000000000000000000              0000000000000000000000000000000000000000000000000000000000000000              0000000000000000000000000000006666000000000000000000000000000000
  13 0000000000000000000000000000000000000000000000000000000000000000              0000000000000000000000000000000000000000000000000000000000000000              0000000000000000000000000000000000000000000000000000000000000000              0000000000000000000000000666666666666600000000000000000000000000
  14 0000000000000000000000000000000000000000000000000000000000000000              0000000000000000000000000000000000000000000000000000000000000000              0000000000000000000000000000000000000000000000000000000000000000              0000000000000000000066666666666666666666666000000000000000000000
  15 0000000000000000000000000000000000000000000000000000000000000000              0000000000000000000000000000000000000000000000000000000000000000              0000000000000000000000000000000000000000000000000000000000000000              0000000000000000066666666666666666666666666666000000000000000000
  16 0000000000000000000000000000000000000000000000000000000000000000              0000000000000000000000000000000000000000000000000000000000000000              0000000000000000000000000000000000000000000000000000000000000000              0000000000000000666666666666666666666666666666600000000000000000
  17 0000000000000000000000000000000000000000000000000000000000000000              0000000000000000000000000000000000000000000000000000000000000000              0000000000000000000000000000000000000000000000000000000000000000              0000000000000006666666666666666666666666666666660000000000000000
  18 0000000000000000000000000000000000000000000000000000000000000000              0000000000000000000000000000000000000000000000000000000000000000              0000000000000000000000000000000000000000000000000000000000000000              0000000000000066666666666666666666666666666666666000000000000000
  19 0000000000000000000000000000000000000000000000000000000000000000              0000000000000000000000000000000000000000000000000000000000000000              0000000000000000000000000000000040000000000000000000000000000000              0000000000000666666666666666666666666666666666666660000000000000
  20 0000000000000000000000000000000000000000000000000000000000000000              0000000000000000000000000000000000000000000000000000000000000000              0000000000000000000000000000004444400000000000000000000000000000              0000000000006666666666666666666666666666666666666666000000000000
  21 0000000000000000000000000000000000000000000000000000000000000000              0000000000000000000000000000000000000000000000000000000000000000              0000000000000000000000000000044444440000000000000000000000000000              0000000000066666666666666666666666666666666666666666600000000000
  22 0000000000000000000000000000000000000000000000000000000000000000              0000000000000000000000000000000000000000000000000000000000000000              0000000000000000000000000000044444440000000000000000000000000000              0000000000666666666666666666666666666666666666666666660000000000
  23 0000000000000000000000000000000000000000000000000000000000000000              0000000000000000000000000000000000000000000000000000000000000000              0000000000000000000000000000444444444000000000000000000000000000              0000000006666666666666666666666666666666666666666666666000000000
  24 0000000000000000000000000000000000000000000000000000000000000000              0000000000000000000000000000000000000000000000000000000000000000              0000000000000000000000000000044444440000000000000000000000000000              0000000006666666666666666666666666666666666666666666666000000000
  25 0000000000000000000000000000000000000000000000000000000000000000              0000000000000000000000000000000000000000000000000000000000000000              0000000000000000000000999999944444449999999000000000000000000000              0000000066666666666666666666666666666666666666666666666600000000
  26 0000000000000000000000000000000000000000000000000000000000000000              0000000000000000000000000000000000000000000000000000000000000000              0000000000000000000000999999994444499999999000000000000000000000              0000000066666666666666666666666666666666666666666666666600000000
  27 0000000000000000000000000000000000000000000000000000000000000000              0000000000000000000000000000000000000000000000000000000000000000              0000000000000000000000999999999949999999999000000000000000000000              0000000066666666666666666666666666666666666666666666666600000000
  28 0000000000000000000000000000000000000000000000000000000000000000              0000000000000000000000000000000000000000000000000000000000000000              0000000000000000000000999999999999999999999000000000000000000000              0000000666666666666666666666666666666666666666666666666660000000
  29 0000000000000000000000000000000000000000000000000000000000000000              0000000000000000000000000000000000000000000000000000000000000000              0000000000000000000000999999999999999999999000000000000000000000              0000000666666666666666666666666666666666666666666666666660000000
  30 00000000000000bbbbbbbbbbbbbbbbbbbbbbbbbbbbbbbbbbbb00000000000000              0000000000000000000000000000000000000000000000000000000000000000              0000000000000000000000999999999999999999999000000000000000000000              0000000666666666666666666666666666666666666666666666666660000000
  31 00000000000000bbbbbbbbbbbbbbbbbbbbbbbbbbbbbbbbbbbb00000000000000              0000000000000000000000000000000000000000004000000000000000000000              0000000000000000000004999999999999999999999000000000000000000000              0000006666666666666666666600666666666666666666666666666666000000
  32 00000000000000bbbbbbbbbbbbbbbbbbbbbbbbbbbbbbbbbbbb00000000000000              0000000000000000000000000000000000000000444440000000000000000000              0000000000000000000444449999999999999999999000000000000000000000              0000006666666666666666666000066666666666666666660066666666000000
  33 00000000000000bbbbbbbbbbbbbbbbbbbbbbbbbbbbbbbbbbbb00000000000000              0000000000000000000055555000000000000004444444000000000000000000              0000000000000000004444444999999999999999999000000000000000000000              0222222222222222222222222222222222222222222222222222222222222220
  34 00000000000000bbbbbbbbbbbbbbbbbbbbbbbbbbbbbbbbbbbb00000000000000              0000000000000000000055555000000000000004444444000000000000000000              0000000000000000004444444999999999999999999000000000000000000000              2222222222222222222222222222222222222222222222222222222222222222
  35 00000000000000bbbbbbbbbbbbbbbbbbbbbbbbbbbbbbbbbbbb00000000000000              0000000000000000000055555000000000000044444444400000000000000000              0000000000000000044444444499999999999999999000000000000000000000              2222222222222222222222222222222222222222222222222222222222222222
  36 00000000000000bbbbbbbbbbbbbbbbbbbbbbbbbbbbbbbbbbbb00000000000000              0000000000000000000055555000000000000004444444000000000000000000              0000000000000000004444444999999999999999999000000000000000000000              0222222222222222222222222222222222222222222222222222222222222220
  37 00000000000000bbbbbbbbbbbbbbbbbbbbbbbbbbbbbbbbbbbb00000000000000              0000000000000000000055555000000000000004444444000000000000000000              0000000000000000004444444999999999999999999000000000000000000000              0000006666666666666666666666666666666666666666666666666666000000
  38 00000000000000bbbbbbbbbbbbbbbbbbbbbbbbbbbbbbbbbbbb00000000000000              0000000000000000000000000000000000000000444440000000000000000000              0000000000000000000444449999999999999999999000000000000000000000              0000006666666666666666666666666666666666666666666666666666000000
  39 00000000000000bbbbbbbbbbbbbbbbbbbbbbbbbbbbbbbbbbbb00000000000000              0000000000000000000000000000000000000000004000000000000000000000              0000000000000000000004999999999999999999999000000000000000000000              0000000666666666666666666666666666666666666666666666666660000000
  40 0000000000000000000000000000000000000000000000000000000000000000              0000000000000000000000000000000000000000000000000000000000000000              0000000000000000000000999999999999999999999000000000000000000000              0000000666666666666666666666666666666666666666666666666660000000
  41 0000000000000000000000000000000000000000000000000000000000000000              0000000000000000000000000000000000000000000000000000000000000000              0000000000000000000000999999999999999999999000000000000000000000              0000000666666666666666666666666666666666666666666666666660000000
  42 0000000000000000000000000000000000000000000000000000000000000000              0000000000000000000000000000000000000000000000000000000000000000              0000000000000000000000999999999999999999999000000000000000000000              0000000066666666666666666666666666666666666666666666666600000000
  43 0000000000000000000000000000000000000000000000000000000000000000              0000000000000000000000000000000000000000000000000000000000000000              0000000000000000000000999999999999999999999000000000000000000000              0000000066666666666666666666666666666666666666666666666600000000
  44 0000000000000000000000000000000000000000000000000000000000000000              0000000000000000000000000000000000000000000000000000000000000000              0000000000000000000000999999999999999999999000000000000000000000              0000000066666666666666666666666666666666666666666666666600000000
  45 0000000000000000000000000000000000000000000000000000000000000000              0000000000000000000000000000000000000000000000000000000000000000              0000000000000000000000999999999999999999999000000000000000000000              0000000006666666555556666666666666666666666666666666666000000000
  46 0000000000000000000000000000000000000000000000000000000000000000              0000000000000000000000000000000000000000000000000000000000000000              0000000000000000000000000000000000000000000000000000000000000000              0000000000666666555555666666666666666666666666666666660000000000
  47 0000000000000000000000000000000000000000000000000000000000000000              0000000000000000000000000000000000000000000000000000000000000000              0000000000000000000000000000000000000000000000000000000000000000              0000000000066665555555666666666666666666666666666666600000000000
  48 0000000000000000000000000000000000000000000000000000000000000000              0000000000000000000000000000000000000000000000000000000000000000              0000000000000000000000000000000000000000000000000000000000000000              0000000000006666555556666666666066666666666666666666000000000000
  49 0000777777777777777770000000000000000000000000000000000000000000              0000000000000000000000000000000000000000000077777777777777777000              0000000000000000000000000000000000000000000000000000000000000000              0000000000000666555556666666666666666666666666666660000000000000
  50 0000777bbbbbbbbbbbb770000000000000000000000000000000000000000000              000000000000000000000000000000000000000000007bbbbbbbbbbbb7777000              0000000000000000000000000000000000000000000000000000000000000000              0000000000000066666666666666666666666666666666666600000000000000
  51 0000777bbbbbbbbbbbb770000000000000000000000000000000000000000000              000000000000000000000000000000000000000000007bbbbbbbbbbbb7777000              0000000000000000000000000000000000000000000000000000000000000000              0000000000000006666666666666666666666666666666666000000000000000
  52 8888777bbbbbbbbbbbb770000000000000000000000000000000000000000000              000000000000000000000000000000000000000000007bbbbbbbbbbbb7777888              0000000000000000000000000000000000000000000000000000000000000000              0000000000000000666666666666666666666666666666660000000000000000
  53 8888777bbbbbbbbbbbb770000000000000000000000000000000000000000000              000000000000000000000000000000000000000000007bbbbbbbbbbbb7777888              0000000000000000000000000000000000000000000000000000000000000000              0000000000000000066666666666666666666666666666600000000000000000
  54 8888777bbbbbbbbbbbb770000000000000000000000000000000000000000000              000000000000000000000000000000000000000000007bbbbbbbbbbbb7777888              0000000000000000000000000000000000000000000000000000000000000000              0000000000000000006666666666666666666666666666000000000000000000
  55 8888777bbbbbbbbbbbb770000000000000000000000000000000000000000000              000000000000000000000000000000000000000000007bbbbbbbbbbbb7777888              0000000000000000000000000000000000000000000000000000000000000000              0000000000000000000006666666666666666666666000000000000000000000
  56 8888777bbbbbbbbbbbb770000000000000000000000000000000000000000000              000000000000000000000000000000000000000000007bbbbbbbbbbbb7777888              0000000000000000000000000000000000000000000000000000000000000000              0000000000000000000000000666666666666600000000000000000000000000
  57 8888777bbbbbbbbbbbb770000000000000000000000000000000000000000000              000000000000000000000000000000000000000000007bbbbbbbbbbbb7777888              0000000000000000000000000000000000000000000000000000000000000000              0000000000000000000000000000006666000000000000000000000000000000
  58 8888777bbbbbbbbbbbb770000000000000000000000000000000000000000000              000000000000000000000000000000000000000000007bbbbbbbbbbbb7777888              0000000000000000000000000000000000000000000000000000000000000000              0000000000000000000000000000000000000000000000000000000000000000
  59 0000777bbbbbbbbbbbb770000000000000000000000000000000000000000000              000000000000000000000000000000000000000000007bbbbbbbbbbbb7777000              0000000000000000000000000000000000000000000000000000000000000000              0000000000000000000000000000000000000000000000000000000000000000
  60 0000777777777777777770000000000000000000000000000000000000000000              0000000000000000000000000000000000000000000077777777777777777000              0000000000000000000000000000000000000000000000000000000000000000              0000000000000000000000000000000000000000000000000000000000000000
  61 0000777777777777777770000000000000000000000000000000000000000000              0000000000000000000000000000000000000000000077777777777777777000              0000000000000000000000000000000000000000000000000000000000000000              0000000000000000000000000000000000000000000000000000000000000000
  62 0000000000000000000000000000000000000000000000000000000000000000              0000000000000000000000000000000000000000000000000000000000000000              0000000000000000000000000000000000000000000000000000000000000000              0000000000000000000000000000000000000000000000000000000000000000
  63                                                                                                                                                                                                                                                                                                           
  64                                                                                                                                                                                                                                                                                                           
  65                                                                                                                                                                                                                                                                                                           
  66                                                                                                                                                                                                                                                                                                           
  67                                                                                                                                                                                                                                                                                                           
  68                                                                                                                                                                                                                                                                                                           
  69                                                                                                                                                                                                                                                                                                           
  70                                                                                                                                                                                                                                                                                                           
  71                                                                                                                                                                                                                                                                                                           
  72                                                                                                                                                                                                                                                                                                           
  73                                                                                                                                                                                                                                                                                                           
  74                                                                                                                                                                                                                                                                                                           
  75                                                                                                                                                                                                                                                                                                           
  76                                                                                                                                                                                                                                                                                                           
  77 0000000000000000000000000000000000000000000000000000000000000000              0000000000000000000000000000000000000000000000000000000000000000              0000000000000000000000000000000000000000000000000000000000000000              0000000000004000000000000000000000000000000000000000000000000000
  78 0000000000000000000000000000000000000000000000000000000000000000              0000000000000000000000000000000000000000000000000000000000000000              0000000000000000000000000000000000000000000000000000000000000000              0000000044444444400000000000000000000000000000000000000000000000
  79 0000000000000000000000000000000000000000000000000000000000000000              0000000000000000000000000000000000000000000000000000000000000000              0000000000000000000000000000000000000000000000000000000000000000              0000004444444444444000000000000000000000000000000000000000000000
  80 0000000000000000000000000000000000000000000000000000000000000000              0000000000000000000000000000000000000000000000000000000000000000              0000000040000000000000000000000000004000000000000000000000000000              0000044444444444444400000000000000000000000000000000000000000000
  81 0000000000000000000000000000000000000000000000000000000000000000              0000000000000000000000000000000000000000000000000000000000000000              0000444444444000000000000000000044444444400000000000000000000000              0000444444444444444440000000000000000000000000000000000000000000
  82 0000000000000000000000000000000000000000000000000000000000000000              0000000000000000000000000000000000000000000000000000000000000000              0044444444444440000000000000004444444444444000000000000000000000              0004444444444444444444000000000000000000000000000000000000000000
  83 0000000000000000000000000000000000000000000000000000000000000000              0000000000000000000000000000000000000000000000000000000000000000              0444444444444444000000000000044444444444444400000000000000000000              0004444444444444444444000000000000000000000000000000000000000000
  84 0000000000000000000000000000000000000000000000000000000000000000              0000000000000000000000000000000000000000000000000000000000000000              4444444444444444400000000000444444444444444440000000000000000000              0044444444444444444444400000000000000000000000000000000000000000
  85 0000000000000000000000000000000000000000000000000000000000000000              0000000000000000000000000000000000000000000000000000000000000000              4444444444444444400000000000444444444444444440000000000000000000              0044444444444444444444400000000000000000000000000000000000000000
  86 0000000000000000000000000000000000000000000000000000000000000000              0000000000000000000000000000000000000000000000000000000000000000              4444444444444444440000000004444444444444444444000000000000000000              0044444444444444444444400000000000000000000000000000000000000000
  87 0000000000000000000000000000000000000000000000000000000000000000              0000000000000000000000000000000000000000000000000000000000000000              4444444444444444440000000004444444444444444444000000000000000000              0044444444444444444444400000000000000000000000000000000000000000
  88 0000000000000000000000000000000000000000000000000000000000000000              0000000000000000000000000000000000000000000000000000000000000000              4444444444444444440000000004444444444444444444000000000000000000              0444444444444444444444440000000000000000000000000000000000000000
  89 0000000000000000000000000000000000000000000000000000000000000000              0000000000000000000000000000000000000000000000000000000000000000              4444444444444444440000000004444444444444444444000000000000000000              0044444444444444444444400000000000000000000000000000000000000000
  90 0000000000000000000000000000000000000000000000000000000000000000              0000000000000000000000000000000000000000000000000000000000000000              4444444444444444444000000044444444444444444444400000000000000000              0044444444444444444444400000000000000000000000000000000000000000
  91 0000000000000000000000000000000000000000000000000000000000000000              0000000000000000000000000000000000000000000000000000000000000000              4444444444444444440000000004444444444444444444000000000000000000              0044444444444444444444400000000000000000000000000000000000000000
  92 0000000000000000000000000000000000000000000000000000000000000000              0000000000000000000000000000000000000000000000000000000000000000              4444444444444444440000000004444444444444444444000000000000000000              0044444444444444444444400000000000000000000000000000000000000000
  93 0000000000000000000000000000000000000000000000000000000000000000              0000000000000000000000000000000000000000000000000000000000000000              4444444444444444440000000004444444444444444444000000000000000000              0004444444444444444444000000000000000000000000000000000000000000
  94 0000000000000000000000000000000000400000000000000000000000000000              0000000000000000000000000000000000000000000000000000000000000000              4444444444444444440000000004444444444444444444000000000000000000              0004444444444444444444000000000000000000000000000000000000000000
  95 0000000000000040000000000000004444444440000000000000000000000000              0000000000000000000000000000000000000000000000000000000000000000              4444444444444444400000000000444444444444444440000000000000000000              0000444444444444444440000000000000000000000000000000000000000000
  96 0000000000444444444000000000444444444444400000000000000000000000              0000000000000000000000000000000000000000000000000000000000000000              4444444444444444400000000000444444444444444440000000000000000000              0000044444444444444400000000000000000000000000000000000000000000
  97 0000000044444444444440000004444444444444440000000000000000000000              0000000000000000000000000000000000000000000000000000000000000000              0444444444444444000000000000044444444444444400000000000000000000              0000004444444444444000000000000000000000000000000000000000000000
  98 0000000444444444444444000044444444444444444000000000000000000000              0000000000000000000000000000000000000000000000000000000000000000              0044444444444440000000000000004444444444444000000000000000000000              0000000044444444400000000000000000000000000000000000000000000000
  99 0000004444444444444444400444444444444444444400000000000000000000              0000000000000000004000000000000000000000000000000000000000000000              0000444444444000000000000000000044444444400000000000000000000000              0000000000004000000000000000000000000000000000000000000000000000
 100 0000004444444444444444400444444444444444444400000000000000000000              0000000000000044444444400000000000000000000000000000000000000000              0000000040000000000000000000000000004000000000000000000000000000              0000000000000000000000000000400000000000000000000000000000000000
 101 0000044444444444444444444444444444444444444440000000000000000000              0000000000004444444444444000000000000000000000000000000000000000              0000000000000000000000000000000000000000000000000000000000000000              0000000000000000000000000444444400000000000000000000000000000000
 102 0000044444444444444444444444444444444444444440000000004000000000              0000000000044444444444444400000000000000000000000000000000000000              0000000000000000000000000000000000000000000000000000000000000000              0000000000000000000000004444444440000000000000000000000000000000
 103 0000044444444444444444444444444444444444444440000004444444000000              0222222222222222222222222222222222222222222222222222222222222220              0000000000000000000000000000000000000000000000000000000000000000              0000000000000000000000004444444440000000000000000000000000000000
 104 0000044444444444444444444444444444444444444440000044444444400000              2222222222222222222222222222222222222222222222222222222222222222              0000000000000000000000000000000000000000000000000000000000000000              0000000000000000000000004444444440000000000005550000000000000000
 105 0000444444444444444444444444444444444444444444000044444444400000              2222222222222222222222222222222222222222222222222222222222222222              0000000000000000000000000000000000000000000000000000000000000000              0000000000000000000000044444444444000000000005555000000000000000
 106 0000044444444444444444444444444444444444444440000044444444400000              0222222222222222222222222222222222222222222222222222222222222220              0000000000000000000000000000000000000000000000000000000000000000              0000000000000000000000004444444440000000000055555000000000000000
 107 0000044444444444444444444444444444444444444440000444444444440000              0000000004444444444444444444000000000000000000000000000000000000              0000000000000000000000000000000000000000000000000000000000000000              0000000000000000000000004444444440000000000055555000000000000000
 108 0000044444444444444444444444444444444444444440000044444444400000              0000000004444444444444444444000000000000000000000000000000000000              0000000000000000000000000000000000000000000000000000000000000000              0000000000000000000000004444444440000000000000050000000000000000
 109 0000044444444444444444444444444444444444444440000044444444400000              0000000044444444444444444444400000000000000000000000000000000000              0000000000000000000000000000000000000000000000000000000000000000              0000000000000000000000000444444400000000000000000040000000000000
 110 0000004444444444444444400444444444444444444400000044444444400000              0000000004444444444444444444000000000000000000000000000000000000              0000000040000000000000000000000000400000000000400000000000000000              0000000000000000000000000000400000000000000000444444444000000000
 111 0000004444444444444444400444444444444444444400000004444444000000              0000000004444444444444444444000000000000000000000000000000000000              0000444444444000000000000000004444444440004444444440000000000000              0000000000000000000000000000000000000000000044444444444440000000
 112 0000000444444444444444000044444444444444444000000000004000000000              0000000004444444444444444444000000000000000000000000000000000000              0044444444444440000000000000444444444444444444444444400000000000              0000000000000000000000000000000000000000000444444444444444000000
 113 0000000044444444444440000004444444444444440000000000000000000000              0000000004444444444444444444000000000000000000000000000000000000              0444444444444444000000000004444444444444444444444444440000000000              0000000000000000000000000000000000000000004444444444444444400000
 114 0000000000444444444000000000444444444444400000000000000000000000              0000000000444444444444444440000000000000000000000000000000000000              4444444444444444400000000044444444444444444444444444444000000000              0000000000000000000000000000000000000000004444444444444444400000
 115 0000000000000040000000000000004444444440000000000000000000000000              0000000000444444444444444440000000000000000000000000000000000000              4444444444444444400000000044444444444444444444444444444000000000              0000000000000000000000000000000000000000044444444444444444440000
 116 0000000000000000000000000000000000400000000000000000000000000000              0000000000044444444444444400000000000000000000000000000000000000              4444444444444444440000000444444444444444444444444444444400000000              0000000000000000000000000000000000000000044444444444444444440000
 117 0000000000000000000000000000000000000000000000000000000000000000              0000000000004444444444444000000000000000000000000000000000000000              4444444444444444440000000444444444444444444444444444444400000000              0000000000000000000000000000000000000000044444444444444444440000
 118 0000000000000000000000000000000000000000000000000000000000000000              0000000000000044444444400000000000000000000000000000000000000000              4444444444444444440000000444444444444444444444444444444400000000              0000000000000000000000000000000000000000044444444444444444440000
 119 0000000000000000000000000000000000000000000000000000000000000000              0000000000000000004000000000000000000000000000000000000000000000              4444444444444444440000000444444444444444444444444444444400000000              0000000000000000000000000000000000000000444444444444444444444000
 120 0000000000000000000000000000000000000000000000000000000000000000              0000000000000000000000000000000000000000000000000000000000000000              4444444444444444444000004444444444444444444444444444444440000000              0000000000000000000000000000000000000000044444444444444444440000
 121 0000000000000000000000000000000000000000000000000000000000000000              0000000000000000000000000000000000000000000000000000000000000000              4444444444444444440000000444444444444444444444444444444400000000              0000000000000000000000000000000000000000044444444444444444440000
 122 0000000000000000000000000000000000000000000000000000000000000000              0000000000000000000000000000000000000000000000000000000000000000              4444444444444444440000000444444444444444444444444444444400000000              0000000000000000000000000000000000000000044444444444444444440000
 123 0000000000000000000000000000000000000000000000000000000000000000              0000000000000000000000000000000000000000000000000000000000000000              4444444444444444440000000444444444444444444444444444444400000000              0000000000000000000000000000000000000000044444444444444444440000
 124 0000000000000000000000000000000000000000000000000000000000000000              0000000000000000000000000000000000000000000000000000000000000000              4444444444444444440000000444444444444444444444444444444400000000              0000000000000000000000000000000000000000004444444444444444400000
 125 0000000000000000000000000000000000000000000000000000000000000000              0000000000000000000000000000000000000000000000000000000000000000              4444444444444444400000000044444444444444444444444444444000000000              0000000000000000000000000000000000000000004444444444444444400000
 126 0000000000000000000000000000000000000000000000000000000000000000              0000000000000000000000000000000000000000000000000000000000000000              4444444444444444400000000044444444444444444444444444444000000000              0000000000000000000000000000000000000000000444444444444444000000
 127 0000000000000000000000000000000000000000000000000000000000000000              0000000000000000000000000000000000000000000000000000000000000000              0444444444444444000000000004444444444444444444444444440000000000              0000000000000000000000000000000000000000000044444444444440000000
 128 0000000000000000000000000000000000000000000000000000000000000000              0000000000000000000000000000000000000000000000000000000000000000              0044444444444440000000000000444444444444444444444444400000000000              0000000000000000000000000000000000000000000000444444444000000000
 129 0000000000000000000000000000000000000000000000000000000000000000              0000000000000000000000000000000000000000000000000000000000000000              0000444444444000000000000000004444444440004444444440000000000000              0000000000000000000000000000000000000000000000000040000000000000
 130 0000000000000000000000000000000000000000000000000000000000000000              0000000000000000000000000000000000000000000000000000000000000000              0000000040000000000000000000000000400000000000400000000000000000              0000000000000000000000000000000000000000000000000000000000000000
 131 0000000000000000000000000000000000000000000000000000000000000000              0000000000000000000000000000000000000000000000000000000000000000              0000000000000000000000000000000000000000000000000000000000000000              0000000000000000000000000000000000000000000000000000000000000000
 132 0000000000000000000000000000000000000000000000000000000000000000              0000000000000000000000000000000000000000000000000000000000000000              0000000000000000000000000000000000000000000000000000000000000000              0000000000000000000000000000000000000000000000000000000000000000
decline DR-ROAD boulder 'rock-off-1' rests on (-62, -103), nearer than 2 blocks to the road at (-63, -104)
decline DR-ROAD boulder 'rock-off-2' rests on (-45, -103), nearer than 2 blocks to the road at (-46, -104)
decline DR-CLAIM boulder 'pair-near-b' rests on (-131, -43), claimed by the prop 'pair-near-a'
decline DR-KEEP boulder 'kept-rock' rests on (-128, 34), which is kept clear for a stated structure
decline DR-STEEP boulder 'grade-face-rock' stands at (131, 105) on ground inclined 63°, and the theme painting that cell calls the ground a face from 55° — the slope is already the feature there and a rock pinned to it reads as neither. Move it onto the flat, or onto the graded band below the face
decline DR-CUT boulder 'grade-face-rock' seats clear of what it then reaches into: 62 of its 99 blocks are inside something already standing and were not written, and that cut 0 more off its own footing, which stand in the air. 37 block(s) are in the world; first stopped at (130, 8, 103). Over half of it is buried, so what stands there is not the prop that was placed — a prop seats on the lowest column its feet cover, which on stepped ground is the bottom of a step, so move it onto one step or the other
decline DR-ROAD tree 'off-1' rests on (-138, -102), nearer than 3 blocks to the road at (-140, -104)
decline DR-CLAIM tree 'tree-second' rests on (-51, -35), claimed by the prop 'rock-first'
decline DR-CLAIM tree 'tree-first' rests on (-25, -35), claimed by the prop 'rock-second'
decline DR-CLAIM tree 'nine-2-b' rests on (17, -49), claimed by the prop 'nine-2-a'
decline DR-CLAIM tree 'nine-3-b' rests on (34, -49), claimed by the prop 'nine-3-a'
decline DR-CLAIM tree 'nine-4-b' rests on (51, -49), claimed by the prop 'nine-4-a'
decline DR-CLAIM tree 'tall-3-b' rests on (18, -21), claimed by the prop 'tall-3-a'
decline DR-CLAIM tree 'tall-4-b' rests on (35, -21), claimed by the prop 'tall-4-a'
decline DR-CLAIM tree 'tall-5-b' rests on (52, -21), claimed by the prop 'tall-5-a'
decline DR-KEEP tree 'kept-tree' rests on (-107, 35), which is kept clear for a stated structure
decline DR-ROOT tree 'plain-tree' stands at (-29, 35) on Stone Bricks, which is ground rather than soil — a trunk out of it reads as a model set down rather than as a wood. Paint a band of grass or dirt under the canopy, or move it onto ground that has one
decline OB19 tree 'goal-off-9' rests on (48, 35), inside a goal's clearance
decline OB19 tree 'goal-off-10' rests on (39, 45), inside a goal's clearance
decline DR-ROAD tree 'foot-buttressed' rests on (-26, 108), nearer than 3 blocks to the road at (-28, 106)
decline DR-CLAIM tree 'crown-2-b' rests on (16, 90), claimed by the prop 'crown-2-a'
decline DR-CLAIM tree 'crown-6-b' rests on (48, 90), claimed by the prop 'crown-6-a'
decline DR-CLAIM tree 'crown-11-b' rests on (25, 120), claimed by the prop 'crown-11-a'
decline DR-ROOT tree 'grade-face' stands at (113, 105) on Stone, which is ground rather than soil — a trunk out of it reads as a model set down rather than as a wood. Paint a band of grass or dirt under the canopy, or move it onto ground that has one
placed 104, declined 24
