CLAIMS  1 char = 1 block  x -55..54 across, z -85..84 down
KEY  0 free  1 water  2 paving  3 structure  4 tree  5 boulder  6 flora  7 spawn keep-out  8 door approach  9 goal clearance  a wool-room keep-out  b structure keep-out  space void
         -5        -4        -3        -2        -1         0         1         2         3         4         5    
     54321098765432109876543210987654321098765432109876543210123456789012345678901234567890123456789012345678901234
 -85                                    777777777777777                                                            
 -84                                    777777777777777                                                            
 -83                                    777777777777777                                                            
 -82                                    777777777777777                                                            
 -81                                    7777bbbbbbb7777                                                            
 -80                                    7777bbbbbbb7777                                                            
 -79                                    7777bbbbbbb7777                                                            
 -78                                    aaaabbbbbbb7777                                                            
 -77                                    aaaabbbbbbb7777                                                            
 -76                                    aaaabbbbbbb7777                                                            
 -75                                    aaaabbbbbbb7777                                                            
 -74                                    aaaaa7777777777                                                            
 -73                                    777777777777777                                                            
 -72                                    777777777777777                                                            
 -71                                    777777777777777                                                            
 -70                               00077777777777777777777000000000000000000000000bbbbbbb000000000bbbbbaaaaaaaaaaaa
 -69                               00077777777777777777777000000000000000000000000bbbbbbb008888888bbbbbaaaaaaaaaaaa
 -68                               00044477777777777777777000000000000000000000000bbbbbbb008888888bbbbbaaaaaaaaaaaa
 -67                               00444448888888888888000000000000000000000000000bbbbbbb008888888bbbbbaaaaaaaaaaaa
 -66                               00444448888888888888000000000000000000000000000bbbbbbb008888888bbbbbabbbbbbbaaaa
 -65                               00444448888888888888000000000000000000000000000bbbbbbb008888888bbbbbabbbbbbbaaaa
 -64                               00044488888888888888000000000000000000000000000bbbbbbb008888888bbbbbabbbbbbbaaaa
 -63                               00000088888888888888000000000000000000000000000bbbbbbb008888888bbbbbabbbbbbbaaaa
 -62                               00004488888888888888000000000000000000000000000bbbbbbb008888888bbbbbabbbbbbbaaaa
 -61                               00444448888888888888000000000000000000000000000bbbbbbb008888888bbbbbabbbbbbbaaaa
 -60                               00444488888888888888000000000000000000000000000bbbbbbb008888888bbbbbabbbbbbbaaaa
 -59                               00444488888888888888000000000000000000000000000bbbbbbb008888888bbbbbaaaaaaaaaaaa
 -58                               00044488888888888888000000000000000000000000000bbbbbbb008888888bbbbbbbbbbbbbbbbb
 -57                               00000088888888888888000000000000000000000000000bbbbbbb008888888bbbbbbbbbbbbbbbbb
 -56                               00000088888888888888000000000000000000000000000bbbbbbb008888888bbbbbbbbbbbbbbbbb
 -55                               00000088888888888888          000000000000000                    bbbbbbbbbbbbbbb
 -54                               33333333333888888888          000000000000000                    bbbbbbbbbbbbbbb
 -53                               33333333333000000000          000000000000000                    aaaaaaaaaaaaaaa
 -52                               33333333333000000000          000000000000000                    088888888888888
 -51                               33333333333000000000          000000000000000                    088888888888888
 -50                               33333333333000000000          000000000000000                    088888888888888
 -49                               33333333333000000000          000000000000000                    088888888888888
 -48                               33333333333000000000          000000000000000                    088888888888888
 -47                               33333333333000000000          000000000000000                    088888888888888
 -46                               33333333333000000000          000000000000000                    088888888888888
 -45                               333333333330000000000000000000000000003333333                    000000000000000
 -44                               333333333330000000000000000000000000003333333                    000000000000000
 -43                               333333333330000000000000000000000000003333333                    000000000000000
 -42                               000000000000000000000000000000000000003333333                    000000000000000
 -41                               000000000000000000000000000000000000003333333                    000000000000000
 -40                               333333000000000000000000000000000000003333333                    000000000000000
 -39                               333333000000000000000000000000000000003333333                    000000000000000
 -38                               333333000000000000000000000000000000000000000                    000000440000000
 -37                               333333000000000000000000000000000000000000000                    000044444000000
 -36                               333333000000000000000000000000000000000000000                    000044444400000
 -35                               333333000000000000000000000000000000000000000                    000044444444000
 -34                               333333000000000000000000000000000000000000000                    000000444444000
 -33                               000000000000000000000000000000000000000000000                    000000044444000
 -32                               000000000000000000000000000000000000000000000                    000000000440000
 -31                               000000000000000000000000000000000000000000500                    000000000000000
 -30                               05550000000000000000          000000000005550                                   
 -29                               05550000000000000000          000000000005555                                   
 -28                               05550000000000000000          000000000005550                                   
 -27                               00000000000000000000          000000000000000                                   
 -26                               00000000000000000000          000000000000000                                   
 -25                                                                                                               
 -24                                                                                                               
 -23                                                                                                               
 -22                                                                                                               
 -21                                                                                                               
 -20                                                                                                               
 -19                                                                                                               
 -18                                                                                                               
 -17                                                                                                               
 -16                                                                                                               
 -15                                                                                                               
 -14                                                                                                               
 -13                                                                                                               
 -12                                                                                                               
 -11                                                                                                               
 -10                                         000000000440005550000000000000                                        
  -9                                         004440004440055550000000000000                                        
  -8                                         044444044444005550000000000000                                        
  -7                                         044444044444000500000000044400                                        
  -6                                         044444004440000000000000044440                                        
  -5                                         004440000000000000000000444440                                        
  -4                                         000000000000000000000000444400                                        
  -3                                         000000000000bbbbbb000000044450                                        
  -2                                         000000000000bbbbbb000000000555                                        
  -1                                         555000000000bbbbbb000000000555                                        
   0                                         555000000000bbbbbb000000000555                                        
   1                                         555000000000bbbbbb000000000000                                        
   2                                         054440000000bbbbbb000000000000                                        
   3                                         004444000000000000000000000000                                        
   4                                         044444000000000000000000044400                                        
   5                                         044440000000000000044400444440                                        
   6                                         004440000000005000444440444440                                        
   7                                         000000000000055500444440444440                                        
   8                                         000000000000055550044400044400                                        
   9                                         000000000000055500044000000000                                        
  10                                                                                                               
  11                                                                                                               
  12                                                                                                               
  13                                                                                                               
  14                                                                                                               
  15                                                                                                               
  16                                                                                                               
  17                                                                                                               
  18                                                                                                               
  19                                                                                                               
  20                                                                                                               
  21                                                                                                               
  22                                                                                                               
  23                                                                                                               
  24                                                                                                               
  25                                    000000000000000          00000000000000000000                              
  26                                    000000000000000          00000000000000000000                              
  27                                    055500000000000          00000000000000005550                              
  28                                    555500000000000          00000000000000005550                              
  29                                    055500000000000          00000000000000005550                              
  30 000000000000000                    005000000000000000000000000000000000000000000                              
  31 000044000000000                    000000000000000000000000000000000000000000000                              
  32 000444440000000                    000000000000000000000000000000000000000000000                              
  33 000444444000000                    000000000000000000000000000000000000000333333                              
  34 000444444440000                    000000000000000000000000000000000000000333333                              
  35 000004444440000                    000000000000000000000000000000000000000333333                              
  36 000000444440000                    000000000000000000000000000000000000000333333                              
  37 000000044000000                    000000000000000000000000000000000000000333333                              
  38 000000000000000                    333333300000000000000000000000000000000333333                              
  39 000000000000000                    333333300000000000000000000000000000000333333                              
  40 000000000000000                    333333300000000000000000000000000000000000000                              
  41 000000000000000                    333333300000000000000000000000000000000000000                              
  42 000000000000000                    333333300000000000000000000000000033333333333                              
  43 000000000000000                    333333300000000000000000000000000033333333333                              
  44 000000000000000                    333333300000000000000000000000000033333333333                              
  45 000000000000000                    000000000000000          00000000033333333333                              
  46 088888888888888                    000000000000000          00000000b33333333333                              
  47 088888888888888                    000000000000000          00000000b33333333333                              
  48 088888888888888                    000000000000000          00000000b33333333333                              
  49 088888888888888                    000000000000000          00000000b33333333333                              
  50 088888888888888                    000000000000000          00000000b33333333333                              
  51 088888888888888                    000000000000000          00000000033333333333                              
  52 088888888888888                    000000000000000          00000000033333333333                              
  53 bbbbbbbbbbbbbbb                    000000000000000          00000000033333333333                              
  54 bbbbbbbbbbbbbbb                    000000000000000          08888888888888800000                              
  55 bbbbbbbbbbbbbbbbba000000000bbbbbbb0000000000000000000000000008888888888888800000                              
  56 bbbbbbbbbbbbbbbbba888888800bbbbbbb0000000000000000000000000008888888888888800000                              
  57 bbbbbbbbbbbbbbbbba888888800bbbbbbb0000000000000000000000000008888888888888444000                              
  58 aaaaaaaaaaaabbbbba888888800bbbbbbb0000000000000000000000000008888888888888444400                              
  59 aaaabbbbbbbabbbbba888888800bbbbbbb0000000000000000000000000008888888888888444400                              
  60 aaaabbbbbbbabbbbba888888800bbbbbbb0000000000000000000000000008888888888884444400                              
  61 aaaabbbbbbbabbbbba888888800bbbbbbb0000000000000000000000000008888888888888440000                              
  62 aaaabbbbbbbabbbbba888888800bbbbbbb0000000000000000000000000008888888888888800000                              
  63 aaaabbbbbbbabbbbba888888800bbbbbbb0000000000000000000000000008888888888888444000                              
  64 aaaabbbbbbbabbbbba888888800bbbbbbb0000000000000000000000000008888888888884444400                              
  65 aaaabbbbbbbabbbbba888888800bbbbbbb0000000000000000000000000008888888888884444400                              
  66 aaaaaaaaaaaabbbbba888888800bbbbbbb0000000000000000000000000008888888888884444400                              
  67 aaaaaaaaaaaabbbbba888888800bbbbbbb0000000000000000000000000008888888888888444000                              
  68 aaaaaaaaaaaabbbbba888888800bbbbbbb0000000000000000000000007777777777777777777700                              
  69 aaaaaaaaaaaabbbbba888888800bbbbbbb0000000000000000000000007777777777777777777700                              
  70                                                             777777777777777                                   
  71                                                             777777777777777                                   
  72                                                             777777777777777                                   
  73                                                             aaaaa7777777777                                   
  74                                                             aaaabbbbbbb7777                                   
  75                                                             aaaabbbbbbb7777                                   
  76                                                             aaaabbbbbbb7777                                   
  77                                                             aaaabbbbbbb7777                                   
  78                                                             7777bbbbbbb7777                                   
  79                                                             7777bbbbbbb7777                                   
  80                                                             7777bbbbbbb7777                                   
  81                                                             777777777777777                                   
  82                                                             777777777777777                                   
  83                                                             777777777777777                                   
  84                                                             777777777777777                                   
placed 28, declined 0
