## tree
SEATS  tree, footprint 1x1, 3 blocks off a route  1 char = 1 block  x -64..63 across, z -88..87 down
KEY  1 the footprint seats with its minimum corner here  0 refused  space void
        -6        -5        -4        -3        -2        -1         0         1         2         3         4         5         6   
     43210987654321098765432109876543210987654321098765432109876543210123456789012345678901234567890123456789012345678901234567890123
 -88                                                     000000000000000000000000                                                    
 -87                                                     000000000000000000000000                                                    
 -86                                                     000000000000000000000000                                                    
 -85                                                     000000000000000000000000                                                    
 -84                                                     000000000000000000000000                                                    
 -83                                                     000000000000000000000000                                                    
 -82                                                     000000000000000000000000                                                    
 -81                                                     000000000000000000000000                                                    
 -80                                                     000000000000000000000000                                                    
 -79                                                     000000000000000000000000                                                    
 -78                                                     000000000000000000000000                                                    
 -77                                                     000000000000000000000000                                                    
 -76                                                     000000000000000000000000                                                    
 -75                                                     000000000000000000000000                                                    
 -74                                                     000000000000000000000000                                                    
 -73                                                     000000000000000000000000                                                    
 -72 11111111111111111111111111111110000000000000000000000000000000000000000000000000111111111000000000000001111111111000000000000000
 -71 11111111111111111111111111111100000000000000000000000000000000000000000000000000111111100001100000000000011111110000000000000000
 -70 11111111111111111111111000000100000000000000000000000000000000000000000000000000111111100000000000000000000111110000000000000000
 -69 11111111111111111111100000000000000000000000000000000000000000000000000000000000011111000000000000000000000011100000000000000000
 -68 11111111111111111111000000000000000000000000000000000000000000000000000000000000001111000011111111110000000001100000000000000000
 -67 11111111111111111110000000000000000000000000000000000000000000000000000000000000000110000011111111111110000000100000000000000000
 -66 11111111111111111110000001100000000000000000000000000000000000000000000000000000000000000011111111111111100000000000000000000000
 -65 11111111111111111110000111111100000000000000000000000000000000000000000000000000000000000111111111111111110000000000000000000000
 -64 11111111111111111100000111111100000000000000000000000000000000000000000000000000000000000111111111111111110000000000000000000000
 -63 11111111111111111100000111111100000000000000000000000000000000000000000000000000000000000111111111111111110000000000000000000000
 -62 11111111111111111100000111111110000000000000000000000000000000000000000000000000000000000011111111111111100000000000000000000000
 -61 11111111110000000000000111111110000000000000000000000100000000000000000000000000000000000001111111111111000000100000000000000000
 -60 11111111110000000000000011111111000000000000000000011100000000000000000000011000000000000000111111111110000000000000000000000000
 -59 11111111110000000000000011111111100000000000000000111100000000000000000000011100000000000000011111110000000000000000000000000000
 -58 11111111110000000000000001111111100000000000000001111100000000000000000000011110000000000000000100000000000000000000000000000000
 -57 11111111110000000000000000111110000000000000000111111100000000000000000000011111100000000000000000000000000000000000000000000000
 -56 11111111110000000000000000000000000000000000001111111100000000000000000000011111110000000000000000000000001100000000000000000000
 -55 11111111110000000000000000000000000000000000011111111100000000000000000000011111111000000000000000000000111100000000000000000011
 -54 11111111110000000000000000000000000000000000111111111100000000000000000000011111111100000000000000000111111100000000000110111111
 -53 11111111110000000000011000000000000000000011111111111111111111111111111111111111111111000000000000001111111100000000000111111111
 -52 11111111110000000000011111000000000000000111111111111111111111111111111111111111111111100000000000000111111100000000000111111111
 -51 11111111111111111111111111100000000000001111111111111111111111111111111111111111111111110000000000000111111100000000000111111111
 -50 11111111111111111111111111000000000000011111111111111111111111111111111111111111111111111000000000000011111100000000000111111111
 -49 11111111111111111111111110000000000000111111111111111111111111111111111111111111111111111100000000000001111111111111111111111111
 -48 11111110111111111111111100000000000001111111111111111111111111111111111111111111111111111110000000000000111111111111111111111111
 -47 11100000000011111111111100000000000011111111111111111111111111111111111111111111111111111111000000000000111111111111111011111111
 -46 10000000000000111111111000000000000111111111111111111111111111111111111111111111111111111111100000000000011111111110000000001111
 -45 00000000000000011111111000000000001111111111111111111111111111111111111111111111111111111111110000000000011111111000000000000011
 -44 00000000000000001111110000000000011111111111111111110000000000000000000000111111111111111111111000000000001111110000000000000001
 -43 00000000000000000111110000000000011111111111111111000000000000000000000010000000111111111111111000000000001111100000000000000000
 -42 00000000000000000111110000000000111111111111110011111110000000000000000010000000000111111111111100000000001111100000000000000000
 -41 00000000000000000011110000000001111111111110000010001110000000000000000000000000000000111111111110000000001111000000000000000000
 -40 00000000000000000011110000000001111111110000000110001100001000000000000000110000000000000111111110000000001111000000000000000000
 -39 00000000000000000011110000000011111111000000000000000000001000000000000000000000000000000001111111000000001111000000000000000000
 -38 00000000000000000011110000000001111100000000000000100000111000111111100000000000001110000000011110000000001111000000000000000000
 -37 00000000000000000001110000000001110000000000000000000000000000100010000000000000001000000000000110000000001110000000000000000000
 -36 00000000000000000011110000000001100000000000000000001110000000100000000000000000100000001111000010000000001111000000000000000000
 -35 00000000000000000011110000000000000000000000000000000000000010000000000000000000000000000011100000000000001111000000000000000000
 -34 00000000000000000011111000000000000000000000000000000000100010000000100000000000000011000011100000000000011111000000000000000000
 -33 00000000000000000011111000000000000000000000100000000000000000000000000000000000000010000000100000000000011111000000000000000000
 -32 00000000000000000111111000000000000000011000100000000000001000000010000000100000000000000000100000000000011111100000000000000000
 -31 00000000000000000111111100000000000000000000100000000000001000000000000000000000000000000000000000000000111111100000000000000000
 -30 00000000000000001111111100000000000000000000100000001100000000001000000010000000000001100000000000000000111111110000000000000001
 -29 00000000000000011111111100000000000000000000000000000000000000000000000000000000000000000000000000000000011111111000000000000011
 -28 10000000000000111111111000000000000000000000000000000000000000000011100000100000100000000000000000000000001111111110000000001111
 -27 11100000000011111111110000000000000000000000001000000000000000000011100000100000000000000000000000000000001111111111111011111111
 -26 11111110111111111111100000000000000000000000001000000010000010000000111001100010000000000000000000000000000110001111111111111111
 -25 11111111111111111111100000000000000000000000000000000000000000000000000000000011000000000000000000000000000010001111111111111111
 -24 11111111111111111111000000000000000000000000000000000000000000000000000000000011100000000000000000000001100001111111111111111111
 -23 11111111111111111110001000000000000000000000000000000000000000000000000000000000000000100000000000000001100000111111111111111111
 -22 11111111111111111100001110001000000000000000000000000000000000000000000000000000000111100000000000000000111110111111111111111111
 -21 11111111111111111100000000000000000000000000000000000000000000001000000000000000000000000000000000000000000000011111111111111111
 -20 11111111111111111110000000000000000000000000001000000000000000000000001110000000000000000000000000000000000000011111111111111111
 -19 11111111111111111010000000000000000000000000000000000000000000000000000110000000000000000000000000000000000000001111111111111111
 -18 11111111111111110011001000000010000000000000000000001000100110000000000110000000000000000000000000000000000000000111111111111111
 -17 11111111111111110000000000000000000000000000000010001000111000000000001100000000000000000000000000000000000000000111111111111111
 -16 11111111111111111000000010000000000000000000000000000000111000000000000000111000100000000000000000001000001000100111111111111111
 -15 11111111111111100000000000000000000000000000000010000000000000000000000000000000000000000000000000001000000000000011111111111111
 -14 11111111111111000000000000000000000000000000000110000000000000000100000010000000001000000000000010001100000000001011111111111111
 -13 11111111111111000000000000000000000000000000000000000000000000000000000000000000000000001000000010001000000000000001111111111111
 -12 11111111111110000000100000100011110000000000100000000000000000000000001000000000000010000000000010000000000000000001111111111111
 -11 11111111111110000000000000000000100000000000000000000000000000000000000000000000000010000000000000000000000000000000111111111111
 -10 11111111111100000000000000000000000000000000000000000000000000000000000000000000100000000000000000000000000000000000111111111111
  -9 11111111111100000000000000000000000000000000000000000000000000000000000000001000100000000000000000000000000000000000111111111111
  -8 11111111111100000000000000000000000000000000000000000000000000000000000000001000100000110000000000000000000000000000111111111111
  -7 11111111111100000000000000000000000000000000000000000000000000000000000000001000000000000000000000000000000000000000111111111111
  -6 11111111111100000000000000000000000000000000000000001000000000000000000000000000000000000000001000000000000000000000111111111111
  -5 11111111111100000000000000000000000000000011100000001000000000000000000000000000000000000000001000000000000000000000111111111111
  -4 11111111111100000000000000000000000000000111100000001000000000000000000000000000000000000000000000000000000000000000111111111111
  -3 11111111110100000000000000000000000000000000000000000000000000000000000000000000000000000000000000000000000000000000101111111111
  -2 11111111111100000000000000000000000000000000000000000000000000000000000000000000000010000000000000000000000000000000111111111111
  -1 11111111111100000000000000000000000000000000000000100000000000000000000000000000000010000000000000000000000000000000111111111111
   0 11111111111000000000000000000000000000000001000000000000000000000000000000000100000000000000000000000000000000000000111111111111
   1 11111111111100000000000000000000000000000001000000000000000000000000000000000000000000000000000000000000000000000000111111111111
   2 11111111110100000000000000000000000000000000000000000000000000000000000000000000000000000000000000000000000000000000101111111111
   3 11111111111100000000000000000000000000000000000000000000000000000000000000000000000111100000000000000000000000000000111111111111
   4 11111111111100000000000000000000010000000000000000000000000000000000000000000000000111000000000000000000000000000000111111111111
   5 11111111111100000000000000000000010000000000000000000000000000000000000000000000000000000000000000000000000000000000111111111111
   6 11111111111100000000000000000000000000000000000000010000000000000000000000000000000000000000000000000000000000000000111111111111
   7 11111111111100000000000000000000000000001100000100011000000000000000000000000000000000000000000000000000000000000000111111111111
   8 11111111111100000000000000000000000000000000000100010000000000000000000000000000000000000000000000000000000000000000111111111111
   9 11111111111100000000000000000000000000000000000100000000000000000000000000000000000000000000000000000000000000000000111111111111
  10 11111111111100000000000000000000000000000001000000000000000000000000000000000000000000000000000100000000000000000001111111111111
  11 11111111111110000000000000000001000000000001000000000000000000000000000000000000000100000000001111000100000100000001111111111111
  12 11111111111110000000000000010001000000010000000000000000000000000000000000000000000000000000000000000000000000000011111111111111
  13 11111111111111010000000000110001000000000000010000000001000000100000000000000001100000000000000000000000000000000011111111111111
  14 11111111111111000000000000010000000000000000000000000000000000000000000000000001000000000000000000000000000000000111111111111111
  15 11111111111111100100010000010000000000000000000100011100000000000000011100000000000000000000000000000001000000011111111111111111
  16 11111111111111100000000000000000000000000000000000000000110000000000011100010001000000000000000000000000000000001111111111111111
  17 11111111111111100000000000000000000000000000000000000001100000000001100100010000000000000000000001000000010011001111111111111111
  18 11111111111111110000000000000000000000000000000000000001100000000000000000000000000000000000000000000000000001011111111111111111
  19 11111111111111111000000000000000000000000000000000000001110000000000000000000000010000000000000000000000000001111111111111111111
  20 11111111111111111000000000000000000000000000000000000000000000010000000000000000000000000000000000000000000000111111111111111111
  21 11111111111111111101111100000000000000000111100000000000000000000000000000000000000000000000000000010001110000111111111111111111
  22 11111111111111111100000110000000000000000100000000000000000000000000000000000000000000000000000000000000010001111111111111111111
  23 11111111111111111110000110000000000000000000000111000000000000000000000000000000000000000000000000000000000011111111111111111111
  24 11111111111111110001000000000000000000000000000011000000000000000000000000000000000000000000000000000000000111111111111111111111
  25 11111111111111110001100000000000000000000000000001000110011100000001000001000000010000000000000000000000000111111111111101111111
  26 11111111011111111111110000000000000000000000000000000100000111000000000000000000010000000000000000000000001111111111000000000111
  27 11110000000001111111110000000000000000000000000100000100000111000000000000000000000000000000000000000000011111111100000000000001
  28 11000000000000011111111000000000000000000000000000000000000000000000000000000000000000000000000000000000111111111000000000000000
  29 10000000000000001111111100000000000000000110000000000001000000010000000000110000000100000000000000000000111111110000000000000000
  30 00000000000000000111111100000000000000000000000000000000000000000000010000000000000100000000000000000000111111100000000000000000
  31 00000000000000000111111000000000000100000000000000000100000001000000010000000000000100011000000000000000011111100000000000000000
  32 00000000000000000011111000000000000100000001000000000000000000000000000000000000000100000000000000000000011111000000000000000000
  33 00000000000000000011111000000000000111000011000000000000000100000001000100000000000000000000000000000000011111000000000000000000
  34 00000000000000000011110000000000000111000000000000000000000000000001000000000000000000000000000000000000001111000000000000000000
  35 00000000000000000011110000000001000011110000000100000000000000000100000001110000000000000000000110000000001111000000000000000000
  36 00000000000000000001110000000001100000000000010000000000000001000100000000000000000000000000001110000000001110000000000000000000
  37 00000000000000000011110000000001111000000001110000000000000111111100011100000100000000000000111110000000001111000000000000000000
  38 00000000000000000011110000000011111110000000000000000000000000000000010000000000000000000011111111000000001111000000000000000000
  39 00000000000000000011110000000001111111100000000000001100000000000000010000110001100000001111111110000000001111000000000000000000
  40 00000000000000000011110000000001111111111100000000000000000000000000000001110001000001111111111110000000001111000000000000000000
  41 00000000000000000111110000000000111111111111100000000001000000000000000001111111001111111111111100000000001111100000000000000000
  42 00000000000000000111110000000000011111111111111100000001000000000000000000000011111111111111111000000000001111100000000000000000
  43 10000000000000001111110000000000011111111111111111111100000000000000000000001111111111111111111000000000001111110000000000000000
  44 11000000000000011111111000000000001111111111111111111111111111111111111111111111111111111111110000000000011111111000000000000000
  45 11110000000001111111111000000000000111111111111111111111111111111111111111111111111111111111100000000000011111111100000000000001
  46 11111111011111111111111100000000000011111111111111111111111111111111111111111111111111111111000000000000111111111111000000000111
  47 11111111111111111111111100000000000001111111111111111111111111111111111111111111111111111110000000000000111111111111111101111111
  48 11111111111111111111111110000000000000111111111111111111111111111111111111111111111111111100000000000001111111111111111111111111
  49 11111111100000000000111111000000000000011111111111111111111111111111111111111111111111111000000000000011111111111111111111111111
  50 11111111100000000000111111100000000000001111111111111111111111111111111111111111111111110000000000000111111111111111111111111111
  51 11111111100000000000111111100000000000000111111111111111111111111111111111111111111111100000000000000011111000000000001111111111
  52 11111111100000000000111111110000000000000011111111111111111111111111111111111111111111000000000000000000011000000000001111111111
  53 11111101100000000000111111100000000000000000111111111111111111111111111111111111111100000000000000000000000000000000001111111111
  54 11000000000000000000111100000000000000000000011111111100000000000000000000011111111000000000000000000000000000000000001111111111
  55 00000000000000000000110000000000000000000000001111111100000000000000000000011111110000000000000000000000000000000000001111111111
  56 00000000000000000000000000000000000000000000000111111100000000000000000000011111100000000000000001111100000000000000001111111111
  57 00000000000000000000000000000000100000000000000001111100000000000000000000011110000000000000000111111110000000000000001111111111
  58 00000000000000000000000000001111111000000000000000111100000000000000000000011100000000000000000111111111000000000000001111111111
  59 00000000000000000000000001111111111100000000000000011100000000000000000000011000000000000000000011111111000000000000001111111111
  60 00000000000000000100000011111111111110000000000000000100000000000000000000000000000000000000000001111111100000000000001111111111
  61 00000000000000000000000111111111111111000000000000000000000000000000000000000000000000000000000001111111100000111111111111111111
  62 00000000000000000000001111111111111111100000000000000000000000000000000000000000000000000000000000111111100000111111111111111111
  63 00000000000000000000001111111111111111100000000000000000000000000000000000000000000000000000000000111111100000111111111111111111
  64 00000000000000000000001111111111111111100000000000000000000000000000000000000000000000000000000000111111100001111111111111111111
  65 00000000000000000000000111111111111111000000000000000000000000000000000000000000000000000000000000000110000001111111111111111111
  66 00000000000000000100000001111111111111000001100000000000000000000000000000000000000000000000000000000000000001111111111111111111
  67 00000000000000000110000000001111111111000011110000000000000000000000000000000000000000000000000000000000000011111111111111111111
  68 00000000000000000111000000000000000000000011111000000000000000000000000000000000000000000000000000000000000111111111111111111111
  69 00000000000000001111100000000000000000000111111100000000000000000000000000000000000000000000000000100000011111111111111111111111
  70 00000000000000001111111000000000000110000111111100000000000000000000000000000000000000000000000000111111111111111111111111111111
  71 00000000000000011111111110000000000000011111111100000000000000000000000000000000000000000000000001111111111111111111111111111111
  72                                                     000000000000000000000000                                                    
  73                                                     000000000000000000000000                                                    
  74                                                     000000000000000000000000                                                    
  75                                                     000000000000000000000000                                                    
  76                                                     000000000000000000000000                                                    
  77                                                     000000000000000000000000                                                    
  78                                                     000000000000000000000000                                                    
  79                                                     000000000000000000000000                                                    
  80                                                     000000000000000000000000                                                    
  81                                                     000000000000000000000000                                                    
  82                                                     000000000000000000000000                                                    
  83                                                     000000000000000000000000                                                    
  84                                                     000000000000000000000000                                                    
  85                                                     000000000000000000000000                                                    
  86                                                     000000000000000000000000                                                    
  87                                                     000000000000000000000000                                                    
seats 5711; refused 5029 DR-ROOT, 4094 DR-CLAIM, 1640 DR-KEEP, 1403 DR-ROAD, 1323 OB19

## boulder
SEATS  boulder, footprint 1x1, 2 blocks off a route  1 char = 1 block  x -64..63 across, z -88..87 down
KEY  1 the footprint seats with its minimum corner here  0 refused  space void
        -6        -5        -4        -3        -2        -1         0         1         2         3         4         5         6   
     43210987654321098765432109876543210987654321098765432109876543210123456789012345678901234567890123456789012345678901234567890123
 -88                                                     000000000000000000000000                                                    
 -87                                                     000000000000000000000000                                                    
 -86                                                     000000000000000000000000                                                    
 -85                                                     000000000000000000000000                                                    
 -84                                                     000000000000000000000000                                                    
 -83                                                     000000000000000000000000                                                    
 -82                                                     000000000000000000000000                                                    
 -81                                                     000000000000000000000000                                                    
 -80                                                     000000000000000000000000                                                    
 -79                                                     000000000000000000000000                                                    
 -78                                                     000000000000000000000000                                                    
 -77                                                     000000000000000000000000                                                    
 -76                                                     000000000000000000000000                                                    
 -75                                                     000000000000000000000000                                                    
 -74                                                     000000000000000000000000                                                    
 -73                                                     000000000000000000000000                                                    
 -72 11111111111111111111111111111111111111111111111110000000000000000000000000000001111111111111111111111111111111111111111111111111
 -71 11111111111111111111111111111111111111111111111110000000000000000000000000000001111111111111111111111111111111111111111111111111
 -70 11111111111111111111111111111111111111111111111110000000000000000000000000000001111111111111111111111111111111111111111111111111
 -69 11111111111111111111111111111111111111111111111110000000000000000000000000000001111111111111111111111111111111111111111111111111
 -68 11111111111111111111111111111111111111111111111100000000000000000000000000000000111111111111111111111111111111111111111111111111
 -67 11111111111111111111111111111111111111111111111000000000000000000000000000000000011111111111111111111111111111111111111111111111
 -66 11111111111111111111111111111111111111111111110000000000000000000000000000000000001111111111111111111111111111111111111111111111
 -65 11111111111111111111111111111111111111111111000000000000000000000000000000000000000011111111111111111111111111111111111111111111
 -64 11111111111111111111111111111111111111111110000000000000000000000000000000000000000001111111111111111111111111111111111111111111
 -63 11111111111111111111111111111111111111111100000000000100000000000000000000000000000000111111111111111111111111111111111111111111
 -62 11111111111111111111111111111111111111110000000000001100000000000000000000010000000000001111111111111111111111111111111111111111
 -61 11111111110000000000011111111111111111100000000000111100000000000000000000011100000000000111111111111111111111111111111111111111
 -60 11111111110000000000011111111111111111000000000001111100000000000000000000011110000000000011111111111111111100000000000111111111
 -59 11111111110000000000001111111111111110000000000011111100000000000000000000011111000000000001111111111111111100000000000111111111
 -58 11111111110000000000001111111111111100000000001111111100000000000000000000011111110000000000111111111111111100000000000111111111
 -57 11111111110000000000001111111111111000000000011111111100000000000000000000011111111000000000011111111111111100000000000111111111
 -56 11111111110000000000001111111111100000000000111111111100000000000000000000011111111100000000000111111111111100000000000111111111
 -55 11111111110000000000001111111111000000000001111111111100000000000000000000011111111110000000000011111111111100000000000111111111
 -54 11111111110000000000001111111110000000000111111111111100000000000000000000011111111111100000000001111111111100000000000111111111
 -53 11111111110000000000011111111100000000001111111111111111111111111111111111111111111111110000000000111111111100000000000111111111
 -52 11111111110000000000011111111000000000011111111111111111111111111111111111111111111111111000000000011111111100000000000111111111
 -51 11111111111111111111111111110000000000111111111111111111111111111111111111111111111111111100000000001111111100000000000111111111
 -50 11111111111111111111111111110000000001111111111111111111111111111111111111111111111111111110000000001111111100000000000111111111
 -49 11111111111111111111111111100000000011111111111111111111111111111111111111111111111111111111000000000111111111111111111111111111
 -48 11111111111111111111111111000000000111111111111111111111111111111111111111111111111111111111100000000011111111111111111111111111
 -47 11111111111111111111111110000000001111111111111111111111111111111111111111111111111111111111110000000001111111111111111111111111
 -46 11111111111111111111111110000000011111111111111111111111111111111111111111111111111111111111111000000001111111111111111111111111
 -45 11111111111111111111111100000000111111111111111111111111111111111111111111111111111111111111111100000000111111111111111111111111
 -44 11111111111111111111111100000000111111111111111111111111111111111111111111111111111111111111111100000000111111111111111111111111
 -43 11111111111111111111111000000001111111111111111111111111111111111111111111111111111111111111111110000000011111111111111111111111
 -42 11111111111111111111111000000011111111111111111111111111111111111111111111111111111111111111111111000000011111111111111111111111
 -41 11111111111111111111111000000011111111111111111111111111111111111111111111111111111111111111111111000000011111111111111111111111
 -40 11111111111111111111111000000111111111111111111111111111111111111111111111111111111111111111111111100000011111111111111111111111
 -39 11111111111111111111111000000111111111111111111111111111111111111111111111111111111111111111111111100000011111111111111111111111
 -38 11111111111111111111111000000111111111111111111111111111111111111111111111111111111111111111111111100000011111111111111111111111
 -37 11111111111111111111111000000011111111111111111111111111111111111111111111111111111111111111111111000000011111111111111111111111
 -36 11111111111111111111111000000011111111111111111111111111111111111111111111111111111111111111111111000000011111111111111111111111
 -35 11111111111111111111111100000011111111111111111111111111111111111111111111111111111111111111111111000000111111111111111111111111
 -34 11111111111111111111111100000001111111111111111111111111111111111111111111111111111111111111111110000000111111111111111111111111
 -33 11111111111111111111111100000001111111111111111111111111111111111111111111111111111111111111111110000000111111111111111111111111
 -32 11111111111111111111111110000000111111111111111111111111111111111111111111111111111111111111111100000001111111111111111111111111
 -31 11111111111111111111111110000000011111111111111111111111111111111111111111111111111111111111111000000001111111111111111111111111
 -30 11111111111111111111111111000000011111111111111111111111111111111111111111111111111111111111111000000011111111111111111111111111
 -29 11111111111111111111111111000000001111111111111111111111111111111111111111111111111111111111110000000011111111111111111111111111
 -28 11111111111111111111111111100000001111111111111111111111111111111111111111111111111111111111110000000111111111111111111111111111
 -27 11111111111111111111111111100000000111111111111111111111111111111111111111111111111111111111100000000111111111111111111111111111
 -26 11111111111111111111111111110000000011111111111111111111111111111111111111111111111111111111000000001111111110001111111111111111
 -25 11111111111111111111111111110000000001111111111111111111111111111111111111111111111111111110000000001111111110001111111111111111
 -24 11111111111111111111111111111000000001111111111111111111111111111111111111111111111111111110000000011111111111111111111111111111
 -23 11111111111111111111111111111100000000111111111111111111001111111111111111111111111111111100000000111111111111111111111111111111
 -22 11111111111111111111111111111100000000011111111111111111001111111111111111111111111111111000000000111111111111111111111111111111
 -21 11111111111111111111111111111110000000001111111111111111001111111000001111111111111111110000000001111111111111111111111111111111
 -20 11111111111111111111111111111111000000001111111111111111111111100000001111111111111111110000000011111111111111111111111111111111
 -19 11111111111111111111111111111111000000000111111111111111111110000000000111111100111111100000000011111111111111111111111111111111
 -18 11111111111111111111111111111111100000000111111111001111111110000000000111111100111111100000000111111111111111111111111111111111
 -17 11111111111111111111111111111111110000000111111111001111111110000000001111111100111111100000001111111111111111111111111111111111
 -16 11111111111111111111111111111111111000000111111111111111111111000000001111111111111111100000011110001111111111111111111111111111
 -15 11111111111111111111111111100011111100001111111111111111111111110000001111111111111111110000111110001111000000111111111111111111
 -14 11111111111111111111111111100011111111111111111111111111111111111100111111111111111111111111111111111111000000111111111111111111
 -13 11111111111111111111111111100011111111111111111111111111111111111111111111111111111111111111111111111111000000111111111111111111
 -12 11111111111111111111111111111111111111111111110011111111111111111111111111111111111111111111111111111111000000111111111111111111
 -11 11111111111111111111111111111111111111111111110011111000000000000000000000001111111111111111111000000000000000000000111111111111
 -10 11111111111100000000000000000000011111111111111111111000000000000000000000001111111111111111111000000000000000000000111111111111
  -9 11111111111100000000000000000000011111111111111111111000000000000000000000001111111111111111111000000000000000000000111111111111
  -8 11111111111100000000000000000000011111111111111111111000000000000000000000001111111000111111111000000000000000000000111111111111
  -7 11111111111100000000000000000000011111111111111111111000000000000000000000001111111000111100111000000000000000000000111111111111
  -6 11111111111100000000000000000000011111111111111111111000000000000000000000001111111111111100111000000000000000000000111111111111
  -5 11111111111100000000000000000000011111111111111111111000000000000000000000001111111111111100111000000000000000000000111111111111
  -4 11111111111100000000000000000000011111111111111111111000000000000000000000001111111111111111111000000000000000000000111111111111
  -3 11111111110100000000000000000000011111111110111111111000000000000000000000001111111101111111111000000000000000000000101111111111
  -2 11111111111100000000000000000000011111111111111111111000000000000000000000001111111111111111111000000000000000000000111111111111
  -1 11111111111100000000000000000000011111111111111111111000000000000000000000001111111111111111111000000000000000000000111111111111
   0 11111111111100000000000000000000011111111111111111111000000000000000000000001111111111111111111000000000000000000000111111111111
   1 11111111111100000000000000000000011111111111111111111000000000000000000000001111111111111111111000000000000000000000111111111111
   2 11111111110100000000000000000000011111111110111111111000000000000000000000001111111101111111111000000000000000000000101111111111
   3 11111111111100000000000000000000011111111111111111111000000000000000000000001111111111111111111000000000000000000000111111111111
   4 11111111111100000000000000000000011100111111111111111000000000000000000000001111111111111111111000000000000000000000111111111111
   5 11111111111100000000000000000000011100111111111111111000000000000000000000001111111111111111111000000000000000000000111111111111
   6 11111111111100000000000000000000011100111100011111111000000000000000000000001111111111111111111000000000000000000000111111111111
   7 11111111111100000000000000000000011111111100011111111000000000000000000000001111111111111111111000000000000000000000111111111111
   8 11111111111100000000000000000000011111111111111111111000000000000000000000001111111111111111111000000000000000000000111111111111
   9 11111111111100000000000000000000011111111111111111111000000000000000000000001111111111111111111000000000000000000000111111111111
  10 11111111111100000000000000000000011111111111111111111000000000000000000000001111001111111111111111111111111111111111111111111111
  11 11111111111111111100000011111111111111111111111111111000000000000000000000001111001111111111111111111111111111111111111111111111
  12 11111111111111111100000011111111111111111111111111111111111111111111111111111111111111111111111111000111111111111111111111111111
  13 11111111111111111100000011111111111111111111111111111111111100111111111111111111111111111111111111000111111111111111111111111111
  14 11111111111111111100000011110001111100001111111111111111110000001111111111111111111111110000111111000111111111111111111111111111
  15 11111111111111111111111111110001111000000111111111111111110000000011111111111111111111100000011111111111111111111111111111111111
  16 11111111111111111111111111111111110000000111111100111111110000000001111111110011111111100000001111111111111111111111111111111111
  17 11111111111111111111111111111111100000000111111100111111100000000001111111110011111111100000000111111111111111111111111111111111
  18 11111111111111111111111111111111000000000111111100111111100000000001111111111111111111100000000011111111111111111111111111111111
  19 11111111111111111111111111111111000000001111111111111111110000000111111111111111111111110000000011111111111111111111111111111111
  20 11111111111111111111111111111110000000001111111111111111110000011111110011111111111111110000000001111111111111111111111111111111
  21 11111111111111111111111111111100000000011111111111111111111111111111110011111111111111111000000000111111111111111111111111111111
  22 11111111111111111111111111111100000000111111111111111111111111111111110011111111111111111100000000111111111111111111111111111111
  23 11111111111111111111111111111000000001111111111111111111111111111111111111111111111111111110000000011111111111111111111111111111
  24 11111111111111110001111111110000000001111111111111111111111111111111111111111111111111111110000000001111111111111111111111111111
  25 11111111111111110001111111110000000011111111111111111111111111111111111111111111111111111111000000001111111111111111111111111111
  26 11111111111111111111111111100000000111111111111111111111111111111111111111111111111111111111100000000111111111111111111111111111
  27 11111111111111111111111111100000001111111111111111111111111111111111111111111111111111111111110000000111111111111111111111111111
  28 11111111111111111111111111000000001111111111111111111111111111111111111111111111111111111111110000000011111111111111111111111111
  29 11111111111111111111111111000000011111111111111111111111111111111111111111111111111111111111111000000011111111111111111111111111
  30 11111111111111111111111110000000011111111111111111111111111111111111111111111111111111111111111000000001111111111111111111111111
  31 11111111111111111111111110000000111111111111111111111111111111111111111111111111111111111111111100000001111111111111111111111111
  32 11111111111111111111111100000001111111111111111111111111111111111111111111111111111111111111111110000000111111111111111111111111
  33 11111111111111111111111100000001111111111111111111111111111111111111111111111111111111111111111110000000111111111111111111111111
  34 11111111111111111111111100000011111111111111111111111111111111111111111111111111111111111111111111000000111111111111111111111111
  35 11111111111111111111111000000011111111111111111111111111111111111111111111111111111111111111111111000000011111111111111111111111
  36 11111111111111111111111000000011111111111111111111111111111111111111111111111111111111111111111111000000011111111111111111111111
  37 11111111111111111111111000000111111111111111111111111111111111111111111111111111111111111111111111100000011111111111111111111111
  38 11111111111111111111111000000111111111111111111111111111111111111111111111111111111111111111111111100000011111111111111111111111
  39 11111111111111111111111000000111111111111111111111111111111111111111111111111111111111111111111111100000011111111111111111111111
  40 11111111111111111111111000000011111111111111111111111111111111111111111111111111111111111111111111000000011111111111111111111111
  41 11111111111111111111111000000011111111111111111111111111111111111111111111111111111111111111111111000000011111111111111111111111
  42 11111111111111111111111000000001111111111111111111111111111111111111111111111111111111111111111110000000011111111111111111111111
  43 11111111111111111111111100000000111111111111111111111111111111111111111111111111111111111111111100000000111111111111111111111111
  44 11111111111111111111111100000000111111111111111111111111111111111111111111111111111111111111111100000000111111111111111111111111
  45 11111111111111111111111110000000011111111111111111111111111111111111111111111111111111111111111000000001111111111111111111111111
  46 11111111111111111111111110000000001111111111111111111111111111111111111111111111111111111111110000000001111111111111111111111111
  47 11111111111111111111111111000000000111111111111111111111111111111111111111111111111111111111100000000011111111111111111111111111
  48 11111111111111111111111111100000000011111111111111111111111111111111111111111111111111111111000000000111111111111111111111111111
  49 11111111100000000000111111110000000001111111111111111111111111111111111111111111111111111110000000001111111111111111111111111111
  50 11111111100000000000111111110000000000111111111111111111111111111111111111111111111111111100000000001111111111111111111111111111
  51 11111111100000000000111111111000000000011111111111111111111111111111111111111111111111111000000000011111111000000000001111111111
  52 11111111100000000000111111111100000000001111111111111111111111111111111111111111111111110000000000111111111000000000001111111111
  53 11111111100000000000111111111110000000000111111111111111111111111111111111111111111111100000000001111111110000000000001111111111
  54 11111111100000000000111111111111000000000001111111111100000000000000000000011111111110000000000011111111110000000000001111111111
  55 11111111100000000000111111111111100000000000111111111100000000000000000000011111111100000000000111111111110000000000001111111111
  56 11111111100000000000111111111111111000000000011111111100000000000000000000011111111000000000011111111111110000000000001111111111
  57 11111111100000000000111111111111111100000000001111111100000000000000000000011111110000000000111111111111110000000000001111111111
  58 11111111100000000000111111111111111110000000000011111100000000000000000000011111000000000001111111111111110000000000001111111111
  59 11111111100000000000111111111111111111000000000001111100000000000000000000011110000000000011111111111111111000000000001111111111
  60 11111111111111111111111111111111111111100000000000111100000000000000000000011100000000000111111111111111111000000000001111111111
  61 11111111111111111111111111111111111111110000000000001100000000000000000000010000000000001111111111111111111111111111111111111111
  62 11111111111111111111111111111111111111111100000000000100000000000000000000000000000000111111111111111111111111111111111111111111
  63 11111111111111111111111111111111111111111110000000000000000000000000000000000000000001111111111111111111111111111111111111111111
  64 11111111111111111111111111111111111111111111000000000000000000000000000000000000000011111111111111111111111111111111111111111111
  65 11111111111111111111111111111111111111111111110000000000000000000000000000000000001111111111111111111111111111111111111111111111
  66 11111111111111111111111111111111111111111111111000000000000000000000000000000000011111111111111111111111111111111111111111111111
  67 11111111111111111111111111111111111111111111111100000000000000000000000000000000111111111111111111111111111111111111111111111111
  68 11111111111111111111111111111111111111111111111110000000000000000000000000000001111111111111111111111111111111111111111111111111
  69 11111111111111111111111111111111111111111111111110000000000000000000000000000001111111111111111111111111111111111111111111111111
  70 11111111111111111111111111111111111111111111111110000000000000000000000000000001111111111111111111111111111111111111111111111111
  71 11111111111111111111111111111111111111111111111110000000000000000000000000000001111111111111111111111111111111111111111111111111
  72                                                     000000000000000000000000                                                    
  73                                                     000000000000000000000000                                                    
  74                                                     000000000000000000000000                                                    
  75                                                     000000000000000000000000                                                    
  76                                                     000000000000000000000000                                                    
  77                                                     000000000000000000000000                                                    
  78                                                     000000000000000000000000                                                    
  79                                                     000000000000000000000000                                                    
  80                                                     000000000000000000000000                                                    
  81                                                     000000000000000000000000                                                    
  82                                                     000000000000000000000000                                                    
  83                                                     000000000000000000000000                                                    
  84                                                     000000000000000000000000                                                    
  85                                                     000000000000000000000000                                                    
  86                                                     000000000000000000000000                                                    
  87                                                     000000000000000000000000                                                    
seats 13624; refused 1860 DR-CLAIM, 1640 DR-KEEP, 1323 OB19, 753 DR-ROAD

## house
SEATS  house, footprint 9x7, no route standoff  1 char = 1 block  x -64..63 across, z -88..87 down
KEY  1 the footprint seats with its minimum corner here  0 refused  space void
        -6        -5        -4        -3        -2        -1         0         1         2         3         4         5         6   
     43210987654321098765432109876543210987654321098765432109876543210123456789012345678901234567890123456789012345678901234567890123
 -88                                                     000000000000000000000000                                                    
 -87                                                     000000000000000000000000                                                    
 -86                                                     000000000000000000000000                                                    
 -85                                                     000000000000000000000000                                                    
 -84                                                     000000000000000000000000                                                    
 -83                                                     000000000000000000000000                                                    
 -82                                                     000000000000000000000000                                                    
 -81                                                     000000000000000000000000                                                    
 -80                                                     000000000000000000000000                                                    
 -79                                                     000000000000000000000000                                                    
 -78                                                     000000000000000000000000                                                    
 -77                                                     000000000000000000000000                                                    
 -76                                                     000000000000000000000000                                                    
 -75                                                     000000000000000000000000                                                    
 -74                                                     000000000000000000000000                                                    
 -73                                                     000000000000000000000000                                                    
 -72 11000000011111111111111111111111111111110000000000000000000000000000000000000000111111111111100001111111111111100000001100000000
 -71 11000000011111111111111111111111111111100000000000000000000000000000000000000000011111111111111001111111111111100000001100000000
 -70 00000000000000000000000000000000000000000000000000000000000000000000000000000000000000000000000000000000000000000000000000000000
 -69 00000000000000000000000000000000000000000000000000000000000000000000000000000000000000000000000000000000000000000000000000000000
 -68 00000000000000000000000000000000000000000000000000000000000000000000000000000000000000000000000000000000000000000000000000000000
 -67 00000000000000000000000000000000000000000000000000000000000000000000000000000000000000000000000000000000000000000000000000000000
 -66 00000000000000000000000000000000000000000000000000000000000000000000000000000000000000000000000000000000000000000000000000000000
 -65 00000000000000000000000000000000000000000000000000000000000000000000000000000000000000000000000000000000000000000000000000000000
 -64 00000000000000000000000000000000000000000000000000000000000000000000000000000000000000000000000000000000000000000000000000000000
 -63 11000000000000000000001111111000000000000000000000000000000000000000000000000000000000000001111111110000000000000000000100000000
 -62 11000000000000000000001111110000000000000000000000000000000000000000000000000000000000000000111111110000000000000000000100000000
 -61 11000000000000000000001111000000000000000000000000000000000000000000000000000000000000000000001111000000000000000000000100000000
 -60 11000000000000000000001110000000000000000000000000000000000000000000000000000000000000000000000100000000000000000000000100000000
 -59 11000000000000000000001100000000000000000000010000000000000000000000000000000000000000000000000000000000000000000000000100000000
 -58 11000000000000000000001000000000000000000000110000000000000000000000000000010000000000000000000000110000000000000000000100000000
 -57 11000000000000000000000000000000000000000001110000000000000000000000000000011000000000000000000000110000000000000000000100000000
 -56 11000000000000000000000000000000000000000011110000000000000000000000000000011100000000000000000000010000000000000000000100000000
 -55 11000000000000000000000000000000000000001111110000000000000000000000000000011111000000000000000000010000000000000000000100000000
 -54 11000000000000000000000000000000000000011111110000000000000000000000000000011111100000000000000000000000000000000000000100000000
 -53 11000000000000000000000000000000000000111111111111111111111111111111111111111111110000000000000000000000000000000000000100000000
 -52 11000000000000000000000000000000000001111111111111111111111111111111111111111111111000000000000000000000000000000000000100000000
 -51 11000000011111111100000000000000000011111111111111111111111111111111111111111111111100000000000000000000000000000000000100000000
 -50 11000000011111111000000000000000000111111111111111111111111111111111111111111111111110000000000000000000000000000000000100000000
 -49 11000000011111111000000000000000001111111111111111111111111111111111111111111111111111000000000000000001111111100000001100000000
 -48 11000000011111110000000000000000011111111111111111111111111111111111111111111111111111100000000000000000111111100000001100000000
 -47 11000000011111110000000000000000111111111111111111111111111111111111111111111111111111110000000000000000111111100000001100000000
 -46 11000000011111110000000000000001111111111111111111111111111111111111111111111111111111111000000000000000111111100000001100000000
 -45 11000000011111110000000000000001111111111111111111111111111111111111111111111111111111111000000000000000111111100000001100000000
 -44 11000000011111110000000000000011111111111111111111111111111111111111111111111111111111111100000000000000111111100000001100000000
 -43 11000000011111110000000000000111111111111111111111111111111111111111111111111111111111111110000000000000111111100000001100000000
 -42 11000000011111110000000000000111111111111111111111111111111111111111111111111111111111111110000000000000111111100000001100000000
 -41 11000000011111110000000000000111111111111111111111111111111111111111111111111111111111111110000000000000111111100000001100000000
 -40 11000000011111110000000000000111111111111111111111111111111111111111111111111111111111111110000000000000111111100000001100000000
 -39 11000000011111110000000000000011111111111111111111111111111111111111111111111111111111111100000000000000111111100000001100000000
 -38 11000000011111110000000000000011111111111111111111111111111111111111111111111111111111111100000000000000111111100000001100000000
 -37 11000000011111110000000000000001111111111111111111111111111111111111111111111111111111111000000000000000111111100000001100000000
 -36 11000000011111111000000000000000111111111111111111111111111111111111111111111111111111110000000000000001111111100000001100000000
 -35 11000000011111111000000000000000111111111111111111111111111111111111111111111111111111110000000000000001111111100000001100000000
 -34 11000000011111111000000000000000011111111111111111111111111111111111111111111111111111100000000000000001111111100000001100000000
 -33 11000000011111111100000000000000011111111111111111111111111111111111111111111111111111100000000000000011111111100000001100000000
 -32 11000000011111111100000000000000001111111111111111111111111111111111111111111111111111000000000000000000000000000000001100000000
 -31 11000000011111111110000000000000000111111111111111111111111111111111111111111111111110000000000000000000000000000000001100000000
 -30 11000000011111111110000000000000000011111111111111111111111111111111111111111111111100000000000000000000000000000000001100000000
 -29 11000000011111111111000000000000000011111111111100000000001111111111111111111111111100000000000000001000000000000000001100000000
 -28 11000000011111111111000000000000000001111111111100000000001111111111111111111111111000000000000000001000000000000000001100000000
 -27 11000000011111111111100000000000000000111111111100000000000000000000001111111111110000000000000000011000000000000000001100000000
 -26 11000000011111111111100000000000000000011111111100000000000000000000001111111111100000000000000000011000000000000000001100000000
 -25 11000000011111111111110000000000000000011111111100000000000000000000000000000000100000000000000000111000000000000000001100000000
 -24 11000000011111111111111000000000000000001100000000000000000000000000000000000000000000000000000001111111111111100000001100000000
 -23 11000000011111111111111000000000000000001100000000000000000000000000000000000000000000000000000001111111111111100000001100000000
 -22 11000000011111111111111100000000000000001100000000000000000000000000000000000000000000000000000000001111111111100000001100000000
 -21 11000000011111111110000000000000000000001100000000000000000000000000000000000000000000000000000000000000000000100000001100000000
 -20 11000000011111111110000000000000000000001100000000001000000000000000000000000000000000000000000000000000000000100000001100000000
 -19 11000000011111111110000000000000000000001100000000001000000000000000000000000000000000000000000000000000000000100000001100000000
 -18 11000000011111111110000000000000000000000000000000001000000000000000000000000000000000000000000000000000000000100000001100000000
 -17 11000000011111111110000000000000000000000000000000000000000000000000000000000000000000000000000000000000000000000000001100000000
 -16 11000000000000000000000000000000000000000000000000000000000000000000000000001111100000000000000000000000000000000000001100000000
 -15 11000000000000000000000000000000011111000000000000000000000000000000000000001111111111100000000000000000000000000000001100000000
 -14 11000000000000000000000000000000011111000000000000000000000000000000000000000000000000100000000000000000000000000000001100000000
 -13 11000000000000000000000000000000011111000000000000000000000000000000000000000000000000000000000000000000000000000000001100000000
 -12 11000000000000000000000000000000011111000000000000000000000000000000000000000000000000000000000000000000000000000000001100000000
 -11 11000000000000000000000000000000011111000000000000000000000000000000000000000000000000000000000000000000000000000000001100000000
 -10 11000000000000000000000000000000011111111111100000000000000000000000000000000000000000000000000000000000000000000000001100000000
  -9 11000000000000000000000000000000011000000000100000000000000000000000000000000000000000000000000000000000000000000000001100000000
  -8 11000000000000000000000000000000011000000000100000000000000000000000000000000000000000000000000000000000000000000000001100000000
  -7 11000000000000000000000000000000011000000000100000000000000000000000000000000000000000000000000000000000000000000000001100000000
  -6 11000000000000000000000000000000011000000000100000000000000000000000000000000000000000000000000000000000000000000000001100000000
  -5 11000000000000000000000000000000011000000000100000000000000000000000000000000000000000000000000000000000000000000000001100000000
  -4 11000000000000000000000000000000011000000000100000000000000000000000000000000000000001100000000000000000000000000000001100000000
  -3 11000000000000000000000000000000011000000000100000000000000000000000000000000000000001100000000000000000000000000000001100000000
  -2 11000000000000000000000000000000000000000000100000000000000000000000000000000000000001100000000000000000000000000000001100000000
  -1 11000000000000000000000000000000000000000000100000000000000000000000000000000000000001100000000000000000000000000000001100000000
   0 11000000000000000000000000000000000000000000000000000000000000000000000000000000000001100000000000000000000000000000001100000000
   1 11000000000000000000000000000000000000000000000000000000000000000000000000000000000001100000000000000000000000000000001100000000
   2 11000000000000000000000000000000000000000000000000000000000000000000000000000000000001100000000000000000000000000000001100000000
   3 11000000000000000000000000000000000000000000000000000000000000000000000000001111111111100000000000000000000000000000001100000000
   4 11000000000000000000000000000000000000000000000000000000000000000000000000000000001111100000000000000000000000000000001100000000
   5 11000000000000000000000000000000000000000000000000000000000000000000000000000000001111100000000000000000000000000000001100000000
   6 11000000000000000000000000000000000000000000000000000000000000000000000000000000001111100000000000000000000000000000001100000000
   7 11000000000000000000000000000000010000000000000000000000000000000000000000000000001111100000000000000000000000000000001100000000
   8 11000000000000000000000000000000011111111111100000000000000000000000000000000000001111100000000000000000000000000000001100000000
   9 11000000000000000000000000000000000000011111100000000000000000000000000000000000000000000000000000000000000000000000001100000000
  10 11000000000000000000000000000000000000000000000000000000000000000000000000000000000000000000000000000111111111100000001100000000
  11 11000000010000000000000000000000000000000000000000000000000000000000000000000000000000000000000000000111111111100000001100000000
  12 11000000010000000000000000000000000000000000000000000000000000000001000000000011000000000000000000000111111111100000001100000000
  13 11000000010000000000000000000000000000000000000000000000000000000001000000000011000000000000000000000111111111100000001100000000
  14 11000000010000000000000000000000000000000000000000000000000000000000000000000011000000000000000000000111111111100000001100000000
  15 11000000011111111111000000000000000000000000000000000000000000000000000000000011000000000000000011111111111111100000001100000000
  16 11000000011111111111111000000000000000000000000000000000000000000000000000000011000000000000000001111111111111100000001100000000
  17 11000000011111111111111000000000000000000000000000000000000000000000000000000011000000000000000001111111111111100000001100000000
  18 11000000000000000001110000000000000000010000000000000000000000000000000011111111100000000000000000111111111111100000001100000000
  19 11000000000000000001100000000000000000011111111111000000000000000000000011111111100000000000000000011111111111100000001100000000
  20 11000000000000000001100000000000000000111111111111000000000000000000000011111111110000000000000000011111111111100000001100000000
  21 11000000000000000001000000000000000001111111111111111111111111000000000011111111111000000000000000001111111111100000001100000000
  22 11000000000000000001000000000000000011111111111111111111111111000000000011111111111100000000000000001111111111100000001100000000
  23 11000000000000000000000000000000000011111111111111111111111111111111111111111111111100000000000000000111111111100000001100000000
  24 11000000000000000000000000000000000111111111111111111111111111111111111111111111111110000000000000000111111111100000001100000000
  25 11000000000000000000000000000000001111111111111111111111111111111111111111111111111111000000000000000011111111100000001100000000
  26 11000000011111111100000000000000011111111111111111111111111111111111111111111111111111100000000000000011111111100000001100000000
  27 11000000011111111000000000000000011111111111111111111111111111111111111111111111111111100000000000000001111111100000001100000000
  28 11000000011111111000000000000000111111111111111111111111111111111111111111111111111111110000000000000001111111100000001100000000
  29 11000000011111111000000000000000111111111111111111111111111111111111111111111111111111110000000000000001111111100000001100000000
  30 11000000011111110000000000000001111111111111111111111111111111111111111111111111111111111000000000000000111111100000001100000000
  31 11000000011111110000000000000011111111111111111111111111111111111111111111111111111111111100000000000000111111100000001100000000
  32 11000000011111110000000000000011111111111111111111111111111111111111111111111111111111111100000000000000111111100000001100000000
  33 11000000011111110000000000000111111111111111111111111111111111111111111111111111111111111110000000000000111111100000001100000000
  34 11000000011111110000000000000111111111111111111111111111111111111111111111111111111111111110000000000000111111100000001100000000
  35 11000000011111110000000000000111111111111111111111111111111111111111111111111111111111111110000000000000111111100000001100000000
  36 11000000011111110000000000000111111111111111111111111111111111111111111111111111111111111110000000000000111111100000001100000000
  37 11000000011111110000000000000011111111111111111111111111111111111111111111111111111111111100000000000000111111100000001100000000
  38 11000000011111110000000000000001111111111111111111111111111111111111111111111111111111111000000000000000111111100000001100000000
  39 11000000011111110000000000000001111111111111111111111111111111111111111111111111111111111000000000000000111111100000001100000000
  40 11000000011111110000000000000000111111111111111111111111111111111111111111111111111111110000000000000000111111100000001100000000
  41 11000000011111110000000000000000011111111111111111111111111111111111111111111111111111100000000000000000111111100000001100000000
  42 11000000011111111000000000000000001111111111111111111111111111111111111111111111111111000000000000000001111111100000001100000000
  43 10000000000000000000000000000000000111111111111111111111111111111111111111111111111110000000000000000001111111100000001100000000
  44 10000000000000000000000000000000000011111111111111111111111111111111111111111111111100000000000000000011111111100000001100000000
  45 10000000000000000000000000000000000001111111111111111111111111111111111111111111111000000000000000000000000000000000001100000000
  46 10000000000000000000000000000000000000111111111111111111111111111111111111111111110000000000000000000000000000000000001100000000
  47 10000000000000000000000000000000000000011111111111111111111111111111111111111111100000000000000000000000000000000000001100000000
  48 10000000000000000000100000000000000000001111110000000000000000000000000000011111000000000000000000000000000000000000001100000000
  49 10000000000000000000100000000000000000000011110000000000000000000000000000011100000000000000000000000000000000000000001100000000
  50 10000000000000000000110000000000000000000001110000000000000000000000000000011000000000000000000000000000000000000000001100000000
  51 10000000000000000000110000000000000000000000110000000000000000000000000000010000000000000000000001000000000000000000001100000000
  52 10000000000000000000000000000000000000000000010000000000000000000000000000000000000000000000000011000000000000000000001100000000
  53 10000000000000000000000010000000000000000000000000000000000000000000000000000000000000000000000111000000000000000000001100000000
  54 10000000000000000000001111000000000000000000000000000000000000000000000000000000000000000000001111000000000000000000001100000000
  55 10000000000000000000111111110000000000000000000000000000000000000000000000000000000000000000111111000000000000000000001100000000
  56 10000000000000000000111111111000000000000000000000000000000000000000000000000000000000000001111111000000000000000000001100000000
  57 00000000000000000000000000000000000000000000000000000000000000000000000000000000000000000000000000000000000000000000000000000000
  58 00000000000000000000000000000000000000000000000000000000000000000000000000000000000000000000000000000000000000000000000000000000
  59 00000000000000000000000000000000000000000000000000000000000000000000000000000000000000000000000000000000000000000000000000000000
  60 00000000000000000000000000000000000000000000000000000000000000000000000000000000000000000000000000000000000000000000000000000000
  61 00000000000000000000000000000000000000000000000000000000000000000000000000000000000000000000000000000000000000000000000000000000
  62 00000000000000000000000000000000000000000000000000000000000000000000000000000000000000000000000000000000000000000000000000000000
  63 00000000000000000000000000000000000000000000000000000000000000000000000000000000000000000000000000000000000000000000000000000000
  64 11000000011111111111111001111111111111100000000000000000000000000000000000000000011111111111111111111111111111100000001100000000
  65 11000000011111111111111000011111111111110000000000000000000000000000000000000000111111111111111111111111111111100000001100000000
  66 00000000000000000000000000000000000000000000000000000000000000000000000000000000000000000000000000000000000000000000000000000000
  67 00000000000000000000000000000000000000000000000000000000000000000000000000000000000000000000000000000000000000000000000000000000
  68 00000000000000000000000000000000000000000000000000000000000000000000000000000000000000000000000000000000000000000000000000000000
  69 00000000000000000000000000000000000000000000000000000000000000000000000000000000000000000000000000000000000000000000000000000000
  70 00000000000000000000000000000000000000000000000000000000000000000000000000000000000000000000000000000000000000000000000000000000
  71 00000000000000000000000000000000000000000000000000000000000000000000000000000000000000000000000000000000000000000000000000000000
  72                                                     000000000000000000000000                                                    
  73                                                     000000000000000000000000                                                    
  74                                                     000000000000000000000000                                                    
  75                                                     000000000000000000000000                                                    
  76                                                     000000000000000000000000                                                    
  77                                                     000000000000000000000000                                                    
  78                                                     000000000000000000000000                                                    
  79                                                     000000000000000000000000                                                    
  80                                                     000000000000000000000000                                                    
  81                                                     000000000000000000000000                                                    
  82                                                     000000000000000000000000                                                    
  83                                                     000000000000000000000000                                                    
  84                                                     000000000000000000000000                                                    
  85                                                     000000000000000000000000                                                    
  86                                                     000000000000000000000000                                                    
  87                                                     000000000000000000000000                                                    
seats 4982; refused 5329 DR-CLAIM, 3680 DR-KEEP, 1822 OB19, 1704 DR-PASS, 1649 DR-SITE, 34 DR-SLOPE
DR-SLOPE asked: a site rising 7 or more is refused
NOT ASKED  DR-CROSS, DR-WAY — the pass may still decline a seat marked 1 under these
