CLAIMS  1 char = 1 block  x -48..47 across, z -96..95 down
KEY  0 free  1 fluid  2 paving  3 structure  4 tree  5 boulder  6 flora  7 spawn keep-out  8 door approach  9 goal clearance  a wool-room keep-out  b structure keep-out  space void
            -4        -3        -2        -1         0         1         2         3         4       
     876543210987654321098765432109876543210987654321012345678901234567890123456789012345678901234567
 -96                                                     777777777777                                
 -95                                                     777bbbbbb777                                
 -94                                                     777bbbbbb777                                
 -93                                                     aaabbbbbbaaa                                
 -92                                                     aaabbbbbbaaa                                
 -91                                                     aaabbbbbbaaa                                
 -90                                                     aaabbbbbbaaa                                
 -89                                                     aaaaa77aaaaa                                
 -88                                                     777772277777                                
 -87                                                     777722227777                                
 -86                                                     777722227777                                
 -85                                                     088822228888                                
 -84                                                     088822228888                                
 -83                                                     088882222888                                
 -82                                                     088882222888                                
 -81                                                     088822228888                                
 -80             aaaaabbbbba0000000110bbbbbbb4444444444400888222288880400                            
 -79             aaaaabbbbba8888888110bbbbbbb0444444444000888222288444444                            
 -78             aaaaabbbbba8888888110bbbbbbb0444444444000882222884444444                            
 -77             abbbbbbbbba8888888110bbbbb2b22222222440222222228844444444                           
 -76             abbbbbbbbb22222888110b2bb22b22222222222222222228844444444                           
 -75             abbbbbbbbb2222228811022bb22b2222222222222222222844444444                            
 -74             abbbbbbbbb2222228811022bb22b2222222222222222222884444444                            
 -73             abbbbbbbbb22222888110b2bb22b00000000222208822228844444444                           
 -72             abbbbbbbbba8888888110bbbbbbb00000000000008822228844444444                           
 -71             aaaaabbbbba8888888110bbbbbbb0000000000000882222888444444                            
 -70             aaaaabbbbba8888888110bb         000000000882222888880400                            
 -69             aaaaabbb                           000000882222888880000                            
 -68                                                 00000002222000000000000                    aaaaa
 -67                                                 0000000222200000000000000bbbb      888bbbbbaaaaa
 -66                                                 0000000222200000000000000bbbbbbb888888bbbbbaaaaa
 -65                                                  00000022220000000000022222bb22b888888bbbbbbbbba
 -64                                                  00000022220000000022222222bb22b222222bbbbbbbbba
 -63                                                  00000002222000022222222222bb22b222222bbbbbbbbba
 -62                                                  00000002222222222222222222bb22b222222bbbbbbbbba
 -61                                                  000000022222222222222200bbbbbbb222222bbbbbbbbba
 -60                                                   00000022222222222200000bbbbbbb888888bbbbbbbbba
 -59                                                   00000022222222000000000bbbbbbb888888bbbbbaaaaa
 -58                                                   00000022220000066600000bbbbb       8bbbbbaaaaa
 -57                                                   000002222200000466000                     aaaa
 -56                                                    00002222000444444                            
 -55                                                    00002222004444444                            
 -54                                                    00022220044444444                            
 -53                                                    00222220044444444                            
 -52                                                    00222200044444444                            
 -51                                                   002222200444444444                            
 -50                                                   002222000044444444                            
 -49                                                   022222000044444444                            
 -48                                                   022220000044444444                            
 -47                                                   222220000004444444                            
 -46                                                   222200000000444444                            
 -45                                                  0222200000000000400                            
 -44                                                  0222200000000000000                            
 -43                                                  0222200000000000000                            
 -42                                                 0022220000000000000                             
 -41                                              00000222200000000000000                            
 -40                                 00000000000000000022220000000000                                
 -39                                 0bbbbbbb00000000002222000000000                                 
 -38                                  bbbbbbb00000000002222000000000                                 
 -37                                  bbbbbbb00000000002222055500000                                 
 -36                                  bbbbbbb0000000000222205550000                                  
 -35                                  bbbb3bb0000000000222205550000                                  
 -34                                  bbbbbbb0000000000222200500000                                  
 -33                                   bbbbbb0000000000222200000000                                  
 -32                                   00000000000000022220000000000                                 
 -31                                   00000005550000022220000000000                                 
 -30                                   00000055550000222220000555000                                 
 -29                                   00000005550000222200005555500                                 
 -28                                  055500000500002222200005555500                                 
 -27                                  555550000000002222000005555500                                 
 -26                                  5555500000000022220000000500000                                
 -25                                 05555500000000222200000000000000                                
 -24                                 00055000000000222200000000000000                                
 -23                                 0000000000000022220000000000000                                 
 -22                                  000000000000002200000000000000                                 
 -21                                   0000000000000000000000000000                                  
 -20                                                                                                 
 -19                                                                                                 
 -18                                                                                                 
 -17                                                                                                 
 -16                                                                                                 
 -15                                                                                                 
 -14                                                                                                 
 -13                                                                                                 
 -12                                                                                                 
 -11                                                                                                 
 -10                                                                                                 
  -9                                                                                                 
  -8                                      44444440000000000000                                       
  -7                                     4444444400000000000000                                      
  -6                                     44444444000000055555000                                     
  -5                                     444444444000000555550000                                    
  -4                                     444444440000000555555000                                    
  -3                                     444444440000000555550000                                    
  -2                                     444444440000000055500000                                    
  -1                                     444444400000000000004000                                    
   0                                     000400000000000004444444                                    
   1                                     000005550000000044444444                                    
   2                                     000055555000000044444444                                    
   3                                     000555555000000044444444                                    
   4                                     000055555000000444444444                                    
   5                                     000055555000000044444444                                    
   6                                      00000000000000044444444                                    
   7                                       000000000000004444444                                     
   8                                                                                                 
   9                                                                                                 
  10                                                                                                 
  11                                                                                                 
  12                                                                                                 
  13                                                                                                 
  14                                                                                                 
  15                                                                                                 
  16                                                                                                 
  17                                                                                                 
  18                                                                                                 
  19                                                                                                 
  20                                   000000000000000000000000000                                   
  21                                  00000000000000220000000000000                                  
  22                                 0000000000000022220000000000000                                 
  23                                 00000000000000222200000000055000                                
  24                                 00000000000000222200000000555550                                
  25                                 0000050000000222200000000055555                                 
  26                                  005555500000222200000000055555                                 
  27                                  005555500002222200005000005550                                 
  28                                  00555550000222200005550000000                                  
  29                                  00055500002222200005555000000                                  
  30                                  00000000002222000005550000000                                  
  31                                  00000000002222000000000000000                                  
  32                                   0000000022220000000000bbbbbb                                  
  33                                   0000050022220000000000bbbbbbb                                 
  34                                   0000555022220000000000bb3bbbb                                 
  35                                   0000555022220000000000bbbbbbb                                 
  36                                  00000555022220000000000bbbbbbb                                 
  37                                  00000000022220000000000bbbbbbb                                 
  38                                  00000000022220000000000bbbbbbb0                                
  39                                 00000000002222000000000000000000                                
  40                             00000000000000222200000                                             
  41                              0000000000000222200                                                
  42                             0000000000000022220                                                 
  43                             0000000000000022220                                                 
  44                             0040000000000022220                                                 
  45                             444444000000002222                                                  
  46                             444444400000022222                                                  
  47                             444444440000022220                                                  
  48                             444444440000222220                                                  
  49                             444444440000222200                                                  
  50                             44444444400222220                                                   
  51                             44444444000222200                                                   
  52                             44444444002222200                                                   
  53                             44444444002222000                                                   
  54                             44444440022220000                                                   
  55                             44444400022220000                                                   
  56 aaa                     0000664000002222200000                                                  
  57 aaaaabbbbb       bbbbbbb0000666000002222000000                                                  
  58 aaaaabbbbba888888bbbbbbb0000000022222222000000                                                  
  59 abbbbbbbbba888888bbbbbbb0000222222222222000000                                                  
  60 abbbbbbbbb2222222bbbbbbb02222222222222220000000                                                 
  61 abbbbbbbbb222222222bb22b22222222222222220000000                                                 
  62 abbbbbbbbb222222222bb22b22222222000022220000000                                                 
  63 abbbbbbbbb222222222bb22b22222000000002222000000                                                 
  64 abbbbbbbbba88888222bb22b22000000000002222000000                                                 
  65 aaaaabbbbba888888bbbbbbb000000000000022220000000                                                
  66 aaaaabbbbba88      bbbbb000000000000022220000000                                                
  67 aaaaa                    00000000000022220000000                                                
  68                             000000000222200000000                           bbbaaaaa            
  69                             004008888222288800000000         bbb1108888888bbbbbaaaaa            
  70                             44444488822228880000000000000bbbbbbb1108888888bbbbbaaaaa            
  71                            444444448822228880000000000000bbbbbbb1108888888bbbbbbbbba            
  72                            44444444882222888222200000000022bb2bb1108822222bbbbbbbbba            
  73                             4444444882222222222222222222222bb22b1108222222bbbbbbbbba            
  74                             4444444482222222222222222222222bb22b1108222222bbbbbbbbba            
  75                            44444444882222222222222222222222bb2bb1108822222bbbbbbbbba            
  76                            4444444488222222220442222222222bbbbbb1108888888bbbbbbbbba            
  77                             44444448822228880044444444400bbbbbbb1108888888bbbbbaaaaa            
  78                             44444488222288880044444444400bbbbbbb1108888888bbbbbaaaaa            
  79                             00400888222288880444444444440bbbbbbb1108888888bbbbbaaaaa            
  80                                 088822228888                                                    
  81                                 088222288888                                                    
  82                                 088222288888                                                    
  83                                 088822228888                                                    
  84                                 088822228888                                                    
  85                                 088822228888                                                    
  86                                 777722227777                                                    
  87                                 777772277777                                                    
  88                                 aaaaa77aaaaa                                                    
  89                                 aaabbbbbbaaa                                                    
  90                                 aaabbbbbbaaa                                                    
  91                                 aaabbbbbbaaa                                                    
  92                                 aaabbbbbbaaa                                                    
  93                                 777bbbbbb777                                                    
  94                                 777bbbbbb777                                                    
  95                                 777777777777                                                    
placed 32, declined 0
