HEIGHTMAP  1 char = 1x1 blocks (the top-left block of each)  x -48..47 across, z -88..87 down
KEY  char = ground height above y9 in bands of 1 block(s): 0 = y9..9, 1 = …; H house or hall  ~ water  @ spawn point  ! goal  space = void
            -4        -3        -2        -1         0         1         2         3         4       
     876543210987654321098765432109876543210987654321012345678901234567890123456789012345678901234567
 -88                                 666666666666                                                    
 -87                                 6HHHHHHHHHH6                                                    
 -86                                 6HHHHHHHHHH6                                                    
 -85                                 6HHHHHHHHHH6                                                    
 -84                                 6HHHHHHHHHH6                                                    
 -83                                 6HHHHHHHHHH6                                                    
 -82                                 6HHHHHHHHHH6                                                    
 -81                                 666666666666                                                    
 -80                                 666666666666                                                    
 -79                                 666666666666                                                    
 -78                                 666666666666                                                    
 -77                                 666666666666                                                    
 -76                                 66666666666666666666666666666666666555555555444444444444H4444444
 -75                                 66666666666666666666666666666666666555555555544445544444HHHHHHH4
 -74                                 66666666666666666666666666666666666555555555544455544444HHHHHHH4
 -73                                 66666666666666666666666666666666666555555555554455544444HHHHHHH4
 -72                                 66666666666666666666666666666666666555555555554455544444HHHHHHH4
 -71                                 66666666666666666666666666666666666555555555555555544444HHHHHHH4
 -70                                 66666666666666666666666666666666666555555555555555544444HHHHHHH4
 -69                                 66666666666666666666666666666666666555555555555555444444HHHHHHH4
 -68                                 66666666666666666666666666666666666555555555555554444444HHHHHHH4
 -67                                 55566666666666666666666666666666666555555555555544444444HHHHHHH4
 -66                                 55556666666666666666666666666666666555555555555544444444HHHHHHH4
 -65                                 55555566666666666666666666666666666555555555555444444444H4444444
 -64                                 555555566666            66666666665555555555                    
 -63                                 555555556666            66666666655555555555                    
 -62                                 555555556666            66666666555555555555                    
 -61                                 555555555666            66666665555555555555                    
 -60                                 545555555555            66666655555554555555                    
 -59                                 444455555555            66666555555544444444                    
 -58                                 444445555555            66655555555444444444                    
 -57                                 444444555555            55555555554444444444                    
 -56                                 444444445444            55555555444444444444                    
 -55                                 444444444444            55555444444444444444                    
 -54                                 444444444444            44444444444444444444                    
 -53                                 444444444444            44444444444444444444                    
 -52                                 33333333333333333333333444444444444444444444                    
 -51                                 33333333333333333333333344444444444433333444                    
 -50                                 33333333333333333333333344443333334333333344                    
 -49                                 33333333333333333333333333333333333333333334                    
 -48                                 33333333333333332333333333333333333333333333                    
 -47                                 33333333333333322233333333333333333333333333                    
 -46                                 33333333333333222233333333333333333333333333                    
 -45                                 33333333333332223333333333333333333333333333                    
 -44                                 33333333333333233333333333333333333333333333                    
 -43                                 33233333333333333333333333333333333333333333                    
 -42                                 32222333333333333333333333333333333333333333                    
 -41                                 33333333333333333333333333333333333333333333                    
 -40                                     3333333333333333333333333333333333333333                    
 -39                                     3333333333333333333333333333333333333333                    
 -38                                     3333333333333333333333333333333333333333                    
 -37                                     3333333333333333333333333333333333333333                    
 -36                                     3333333333333333333333333333333333333333                    
 -35                                     3333333333333333333333333333333333333333                    
 -34                                     3333333333333333333333333333333333333333                    
 -33                                     3333333333333333333333333333333333333333                    
 -32                                     3333333333333333333333333333333333333333                    
 -31                                     3333333333333333333333333333333333333333                    
 -30                                     3333333333333333333333333333333333333333                    
 -29                                     3333333333333333333333333333333333333333                    
 -28                                     3333333333333333333333333333                                
 -27                                     3333333333333333333333333333                                
 -26                                     3333333333333333333333333333                                
 -25                                     3333333333333333333333333333                                
 -24                                     3333333333333333333333333333                                
 -23                                     3333333333333333333333333333                                
 -22                                     3333333333333333333333333333                                
 -21                                     3333333333333333333333333333                                
 -20                                                                                                 
 -19                                                                                                 
 -18                                                                                                 
 -17                                                                                                 
 -16                                                                                                 
 -15                                                                                                 
 -14                                                                                                 
 -13                                                                                                 
 -12                                                                                                 
 -11                                                                                                 
 -10                                                                                                 
  -9                                                                                                 
  -8                                     000000000000000000000000                                    
  -7                                     000000000000000000000000                                    
  -6                                     000000000000000000000000                                    
  -5                                     000000000000000000000000                                    
  -4                                     000000000000000000000000                                    
  -3                                     000000000000000000000000                                    
  -2                                     000000000000000000000000                                    
  -1                                     000000000000000000000000                                    
   0                                     000000000000000000000000                                    
   1                                     000000000000000000000000                                    
   2                                     000000000000000000000000                                    
   3                                     000000000000000000000000                                    
   4                                     000000000000000000000000                                    
   5                                     000000000000000000000000                                    
   6                                     000000000000000000000000                                    
   7                                     000000000000000000000000                                    
   8                                                                                                 
   9                                                                                                 
  10                                                                                                 
  11                                                                                                 
  12                                                                                                 
  13                                                                                                 
  14                                                                                                 
  15                                                                                                 
  16                                                                                                 
  17                                                                                                 
  18                                                                                                 
  19                                                                                                 
  20                                 3333333333333333333333333333                                    
  21                                 3333333333333333333333333333                                    
  22                                 3333333333333333333333333333                                    
  23                                 3333333333333333333333333333                                    
  24                                 3333333333333333333333333333                                    
  25                                 3333333333333333333333333333                                    
  26                                 3333333333333333333333333333                                    
  27                                 3333333333333333333333333333                                    
  28                     3333333333333333333333333333333333333333                                    
  29                     3333333333333333333333333333333333333333                                    
  30                     3333333333333333333333333333333333333333                                    
  31                     3333333333333333333333333333333333333333                                    
  32                     3333333333333333333333333333333333333333                                    
  33                     3333333333333333333333333333333333333333                                    
  34                     3333333333333333333333333333333333333333                                    
  35                     3333333333333333333333333333333333333333                                    
  36                     3333333333333333333333333333333333333333                                    
  37                     3333333333333333333333333333333333333333                                    
  38                     3333333333333333333333333333333333333333                                    
  39                     3333333333333333333333333333333333333333                                    
  40                     33333333333333333333333333333333333333333333                                
  41                     33333333333333333333333333333333333333322223                                
  42                     33333333333333333333333333333333333333333233                                
  43                     33333333333333333333333333333233333333333333                                
  44                     33333333333333333333333333332223333333333333                                
  45                     33333333333333333333333333222233333333333333                                
  46                     33333333333333333333333333222333333333333333                                
  47                     33333333333333333333333333323333333333333333                                
  48                     43333333333333333333333333333333333333333333                                
  49                     44333333343333334444333333333333333333333333                                
  50                     44433333444444444444333333333333333333333333                                
  51                     44444444444444444444433333333333333333333333                                
  52                     44444444444444444444            444444444444                                
  53                     44444444444444444444            444444444444                                
  54                     44444444444444455555            444444444444                                
  55                     44444444444455555555            444544444444                                
  56                     44444444445555555555            555555444444                                
  57                     44444444455555555666            555555544444                                
  58                     44444444555555566666            555555554444                                
  59                     55555545555555666666            555555555545                                
  60                     55555555555556666666            666555555555                                
  61                     55555555555566666666            666655555555                                
  62                     55555555555666666666            666655555555                                
  63                     55555555556666666666            666665555555                                
  64 4444444H44444444455555555555566666666666666666666666666666555555                                
  65 4HHHHHHH44444444555555555555566666666666666666666666666666665555                                
  66 4HHHHHHH44444444555555555555566666666666666666666666666666666555                                
  67 4HHHHHHH44444445555555555555566666666666666666666666666666666666                                
  68 4HHHHHHH44444455555555555555566666666666666666666666666666666666                                
  69 4HHHHHHH44444555555555555555566666666666666666666666666666666666                                
  70 4HHHHHHH44444555555555555555566666666666666666666666666666666666                                
  71 4HHHHHHH44444555445555555555566666666666666666666666666666666666                                
  72 4HHHHHHH44444555445555555555566666666666666666666666666666666666                                
  73 4HHHHHHH44444555444555555555566666666666666666666666666666666666                                
  74 4HHHHHHH44444554444555555555566666666666666666666666666666666666                                
  75 4444444H44444444444455555555566666666666666666666666666666666666                                
  76                                                     666666666666                                
  77                                                     666666666666                                
  78                                                     666666666666                                
  79                                                     666666666666                                
  80                                                     666666666666                                
  81                                                     6HHHHHHHHHH6                                
  82                                                     6HHHHHHHHHH6                                
  83                                                     6HHHHHHHHHH6                                
  84                                                     6HHHHHHHHHH6                                
  85                                                     6HHHHHHHHHH6                                
  86                                                     6HHHHHHHHHH6                                
  87                                                     666666666666                                
low y9, high y15, range 6
