GET /api/map/technique-raising-a-lane/transect — the same lane nine ways, each read down its own
centreline every two blocks from its foot to its head. Every lane is 12 wide and 48 long,
its foot at surface 9 and its head eight blocks up at 17; the figures are the standing top.

piece-steps     9  9  9  9  9  9  9  9  9  9 11 11 11 11 11 11 11 11 11 13 13 13 13 13 13 13 13 13 13 15 15 15 15 15 15 15 15 15 17 17 17 17 17 17 17 17 17 17  ·
piece-treads    9  9  9  9  9 10 10 10 10 10 10 11 11 11 11 11 12 12 12 12 12 13 13 13 13 13 13 14 14 14 14 14 15 15 15 15 15 16 16 16 16 16 16 17 17 17 17 17  ·
tilted          9  9  9 10 10 10 10 10 10 11 11 11 11 11 11 12 12 12 12 12 12 13 13 13 13 13 13 14 14 14 14 14 14 15 15 15 15 15 15 16 16 16 16 16 16 17 17 17  ·
plates          9  9  9  9  9 10 10 10 10 10 10 11 11 11 11 11 12 12 12 12 12 13 13 13 13 13 13 14 14 14 14 14 15 15 15 15 15 16 16 16 16 16 16 17 17 17 17 17  ·
raise-skirted   9  9  9  9  9  9  9  9  9  9  9  9  9  9  9  9  9  9  9  9  9  9  9  9 10 12 13 14 16 17 17 17 17 17 17 17 17 17 17 17 17 17 17 14 11  8  6  3  ·
raise-sheer     9  9  9  9  9  9  9  9  9  9  9  9  9  9  9  9  9  9  9  9  9  9  9  9 17 17 17 17 17 17 17 17 17 17 17 17 17 17 17 17 17 17 17 17 17 17 17 17  ·
marks           8  8  8  8  8  8  8  8  8  8  8  9  9  9  9 10 10 10 10 11 11 11 12 12 12 12 13 13 13 14 14 14 14 15 15 15 15 16 16 16 16 16 16 16 16 16 16 16  ·
push            8  8  8  8  8  8  8  8  8  8  8  8  8  8  8  8  8  8  8  8  8  9  9 10 11 11 12 13 13 14 15 15 16 16 16 16 16 16 16 16 16 16 16 16 16 16 16 16  ·
deck            9  9  9  9  9  9  9  9  9  9  9  9  9  9  9  9  9  9  9  9  9  9  9  9  9  9  9  9  9  9  9  9  9  9  9  9  9  9  9  9  9  9  9  9  9  9  9  9  ·
