INCLINE  1 char = 3x3 blocks (the top-left block of each)  x -149..148 across, z -104..103 down
KEY  char = tens of degrees from level, read 2 cell(s) either side: 0 = 0..9°, 4 = 40..49°, 8 = 80°+;  H house or hall  ~ water  @ spawn point  ! goal  space = void
     5 -4  -3 -2 -1  -0 -9 -8  -7 -6 -5  -4 -3 -2  -1  0  1   2  3  4   5  6  7   8  9  0   1  2  3   4  
     9630741852963074185296307418529630741852963074185214703692581470369258147036925814703692581470369258
-104 0000000000000000000000    0000000000000000000000    0000000000000000000000    0000000000000000000000
-101 0000000000000000000000    0000000000000000000000    0000000000000000000000    0000000000000000000000
 -98 0000000000000000000000    0000000000000000000000    0000000000000000000000    0000000000000000000000
 -95 0000000000000012221000    0000000000000012221000    0000000000000012221000    0000000000000012221000
 -92 0000000000012334443200    0000000000012334443200    0000000000012334443200    0000000000012334443200
 -89 0000000000244545454410    0000000000244545454410    0000000000244545454410    0000000000244545454410
 -86 0000000001444543334430    0000000001444543334430    0000000001444543334430    0000000001444543334430
 -83 0000000003543223233442    0000000003543223233442    0000000003543223233442    0000000003543223233442
 -80 0000000013543355433443    0000000013543355433443    0000000013543355433443    0000000013543355433443
 -77 0000000003443444553343    0000000003443444553343    0000000003443444553343    0000000003443444553343
 -74 0000000003443452443243    0000000003443452443243    0000000003443452443243    0000000003443452443243
 -71 0000000013543445543443    0000000013543445543443    0000000013543445543443    0000000013543445543443
 -68 0000000013542445333442    0000000013542445333442    0000000013542445333442    0000000013542445333442
 -65 0000000002444333334442    0000000002444333334442    0000000002444333334442    0000000002444333334442
 -62 0000000001444544444420    0000000001444544444420    0000000001444544444420    0000000001444544444420
 -59 0000000000134345454310    0000000000134345454310    0000000000134345454310    0000000000134345454310
 -56 0000000000001123432100    0000000000001123432100    0000000000001123432100    0000000000001123432100
 -53 0000000000000001110000    0000000000000001110000    0000000000000001110000    0000000000000001110000
 -50 0000000000000000000000    0000000000000000000000    0000000000000000000000    0000000000000000000000
 -47 0000000000000000000000    0000000000000000000000    0000000000000000000000    0000000000000000000000
 -44                                                                                                     
 -41                                                                                                     
 -38                                                                                                     
 -35                                                                                    00               
 -32                                                                                   0000              
 -29 0000000000000000000000    0000000000000000000000    0000000000000000000000    0000000000000000000000
 -26 0000000000000000000000    0000000000000000000000    0000000000000000000000    0000000000000000000000
 -23 0000000000000000000000    0000000000000000000000    0000000000000000000000    0000000000000000000000
 -20 0000000000000113331000    0000000000000113331000    0034444444430113331000    0000000000000113331000
 -17 0000000000123345454300    0000000000123345454300    0040000000033345454300    0000000000123345454300
 -14 0000000001344544444410    0000000001344544444410    0040000000024544444410    0000000001344544444410
 -11 0000011002444333334531    0000000002444333334531    0040006600034333334531    0000000002444333334531
  -8 0000100103443333334443    0000000003443333334443    0040067760053333334443    0000000003443333334443
  -5 0001100113543355433442    0000000013543355433442    0040674476053355433442    0000000013543355433442
  -2 0010000002543453443342    0000000003543453443342    0046740047653453443342    0000000003543453443342
   1 0010000002543453443342    0000000003543446643342    0046740047653453443342    0000000003543453443342
   4 0001100113543355433442    0000000013543365543442    0040674476053355433442    0000000013543355433442
   7 0000100103443333334443    0000000003443430134443    0040067760053333334443    0000000003443333334443
  10 0000011002444333334531    0000000002443200012531    0040006600034333334531    0000000002444333334531
  13 0000000001344544444410    0000000001354000002510    0040000000024544444410    0000000001344544444410
  16 0000000000123345454300    0000000000126630055400    0040000000033345454300    0000000000123345454300
  19 0000000000000113331000    0000000000000360561000    0034444444430113331000    0000000000000113331000
  22 0000000000000000000000    0000000000000066630000    0000000000000000000000    0000000000000000000000
  25 0000000000000000000000    0000000000000004300000    0000000000000000000000    0000000000000000000000
  28 0000000000000000000000    0000000000000000000000    0000000000000000000000    0000000000000000000000
  31                                                                                                     
  34                                                                                                     
  37                                                                                                     
  40                                                                                                     
  43                                                                                                     
  46 0000000000000000000000    0000000000000000000000    0000000000000000000000    0000000000000000000000
  49 0000000000000000000000    0000000000000000000000    0000000000000000000000    0000000000000000000000
  52 0000000000000001110000    0000000000000001110000    0000000000000001110000    0000000000000001110000
  55 0000000000001123432100    0000000000001123432100    0000000000001123432100    0000000000001123432100
  58 0000000000134345454310    0000000000134345454310    0000000000134345454310    0000000000134345454310
  61 0000011001444544444420    0000000001444544444420    0000000001444544444420    0000000001444544444420
  64 0000344302444333334442    0000000002444333334442    0000111102444333334442    0000000002444333334442
  67 0001411413542445333442    0000000013542445333442    0000100113542445333442    0000000013542445333442
  70 0014100142543445543443    0000000013543445543443    0001000013543445543443    0000000013543445543443
  73 0040000002443452443243    0000000003443452443243    0010000001443452443243    0000000003443452443243
  76 0043100133443444553343    0000000003443444553343    0011000002443444553343    0000000003443443453343
  79 0003400433543355433443    0000000013543355433443    0001100113543355433443    0000000013543355553443
  82 0000344303543223233442    0000000003543223233442    0000111103543223233442    0000000003543234433442
  85 0000133101444543334430    0000000001444543334430    0000011001444543334430    0000000001444544344430
  88 0000000000244545454410    0000000000244334444410    0000000000244545454410    0000000000244545454410
  91 0000000000012334443200    0000000000014411344200    0000000000012334443200    0000000000012334443200
  94 0000000000000012221000    0000000000000140331000    0000000000000012221000    0000000000000012221000
  97 0000000000000000000000    0000000000000014400000    0000000000000000000000    0000000000000000000000
 100 0000000000000000000000    0000000000000000000000    0000000000000000000000    0000000000000000000000
 103 0000000000000000000000    0000000000000000000000    0000000000000000000000    0000000000000000000000
ground by angle: 00-09° 60.7%  10-19° 4.6%  20-29° 3.5%  30-39° 11.4%  40-49° 14.9%  50-59° 4.3%  60-69° 0.5%  70-79° 0.2%  
5286 sampled cell(s); 19.8% at 40° or steeper
