CLAIMS  1 char = 1 block  x -148..147 across, z -72..71 down
KEY  0 free  1 water  2 paving  3 structure  4 tree  5 boulder  6 flora  7 spawn keep-out  8 door approach  9 goal clearance  a wool-room keep-out  b structure keep-out  space void
            -4        -3        -2        -1        -0        -9        -8        -7        -6        -5        -4        -3        -2        -1         0         1         2         3         4         5         6         7         8         9         0         1         2         3         4       
     87654321098765432109876543210987654321098765432109876543210987654321098765432109876543210987654321098765432109876543210987654321098765432109876543210123456789012345678901234567890123456789012345678901234567890123456789012345678901234567890123456789012345678901234567890123456789012345678901234567
 -72                                                                                                                                   00                                0000000000000                  0000000000              00000000000000             0000000000000000000                               
 -71    000                                 000444                                                                                 000000                                0000000000000000000      0000000000000000000000000000000000000000000000000000000000000000000000000000000                         0  
 -70    00004444                         440000444444444                                      000000                            000000000                                0000000000000000000000000000000000000000000000000000000000000000000000000000000000000000000000000000000000                     000  
 -69    00044444444                    444440044444444444                                  000000000444444                    00000000000                                0000000000000000000000000000000000000000000000000000000000000000000000000000000000000000000000000000006000000                00000  
 -68    6664444444444               4444444440444444444444                               0000000000444444444                0000000000000                                000000000000000000000000000000000000000000222222222222222222222222222000000000000000000000000000000006660000000            4440000  
 -67    6644444444444444      444444444444444044444444444444                          000000000000044444444444            000000000000000                                00000000000000000000000000000000222222222222222222222222222222222222222222222222222000000000000000000066000000444         44444000  
 -66   066444444444444444444444444444444444444444444444444444                       0000000000000044444444444444     00000000000000000000                                0000000000000000000000000002222222222222222222222222222222222222222222222222222222222222222222222000000000000444444     4444444400  
 -65   0664444444444444444444444444444444444444444444444444444                     000000000000000444444444444444000000000000000000000000                                000000000000000000000000022222222222222222222222222222222222222222222222222222222222222222222222222222222000444444444  44444444440  
 -64   060444444444444444444444444444444444444444444444444444444                 00000000000000000444444444444445550000000000000000000000                                0000000000000000000000022222222222222222220000000000000000000000000002222222222222222222222222222222222222004444444444444444444440  
 -63   0644444444444444444444444444444444444444444444444444444444              0000000000000000004444444444444455555000000000660000000000                                00000000000000000000002222222222333300000000000000000000000000003333333333000000bbb22222222222222222222222044444444444444444444444  
 -62   000444444444444444444444444444444444444444444444444444444444           40000000000000000000444444444444455555444000000600000000000                                0000000000000000000000222223333333330000000000000000000000000000333333333300333333333333300222333222222220044444444444444444444444  
 -61   0004444444444444444444444444444444444440444444444444444444444     4444444400000000000000000444444444444455555444440000600000000000                                0000000000000000000002222203333333330000000000000011110000000000333333333300333333333333300222333333333330044444444444444444444444  
 -60   0004444444444444444444444444444444444440044444444444444444444044444444444440000000000000000444444444444445554444444000000000000000                                0000000000000000000022222003333333330000000000000011110000000000333333333300333333333333300222333333333330044444444444444444444444  
 -59   0004444444444444444444444444444444444440000444444444444444444044444444444440000000000000000044444444444444444444444000000000000000                                0000000000000000000022222003333333330000000000000011110000000000333333333300333333333333300222333333333330444444444444444444444444  
 -58    000444444444444444444444444444444444440000000444444444444444444444444444444000000000000000044444444444444444444444400000000000000                                0000000000000000000222220003333333330000000000000011110000000000333333333300333333333333300222333333333330044444444444444444444444  
 -57    000444444444444444444444444444444444400000000004444444444444444444444444444000000000000000004444444444444444444444400000000000000                                0000000000000000000222200003333333330000000000000011110000000000333333333300333333333333300222333333333330044444444444444444444444  
 -56    000044444444444444404444444444444444400000000004444444444444444444444444444000000000000000000044444444444444444444400000000000000                                000000000000000000022220000333333333000000000000001111000000000033333333330033333333333330022233333333333004444444444444444444444   
 -55     00004444444444444000444444444444444000000000004444444444444444444444444444400000000000000000000040444444444444444440000000000000                                000000000000000000222220000333333333000000000000000000000000000033333333330033333333333330022233333333333004444444444444444444444   
 -54     00000044444444400000044444444333333333333330000444444444440444444444444444000000000000000000000000044444444444444400000000000000                                000000000000000000222200000000000000000000000000000000000000000033333333330033333333333330022233333333333000444444444444444444444   
 -53     00000000004000000000006444444333333333333330000044444444400444444444444444000000000000000000000000044444444444444400000000000000                                000000000000000000222200000000000000000000000000000000000000000000000000000033333333333330022233333333333000444444444444444444444   
 -52     00000000400000000066666600040333333333333330000004444444000444444444444444000000000000000000000000044444444444444400000000000000                                000000000000000000222200000000000000000000000000000000000000000000000000000033333333333330222433333333333000044444444444444444440   
 -51      0000444444400000000000000000333333333333330000000004000000044444444444440000000000000000000000000004444444444444000000000000000                                00000000000000000022220000000000000000000000000000000000000000000000000000003333333333332222244440000004000000444444444444444440    
 -50      0044444444444000000000000000333333333333330000000000000000044444444444440000000000000000000000000004444444444444000000000000000                                00000000000000000002200000000000000000000000000000000000000000000000000000003333333333322222444444404444444000044444444444444400    
 -49      0444444444444400000000000000333333333333330000000000000000004444444444400000000000000000000000000000444444444440000000000000000                                00000000000000000000000000000000000000000000000000000000000000000000000000000000000002222224444444444444444400004444444444444000    
 -48       444444444444400000000000000333333333333330000000000000000000044444440000005555500000000000000000000004444444000000000000000000                                00000000000000000000000000000000000000000000000000000099999999999999999999900000000022222444444444444444444440000044444444400000    
 -47       444444444444443333333333330333333333333330000000000000000000000040000000005555500000000000000000000000004000000000000000000000                                00000000000000000000000000000000000000000000000000000099999999999999999999900000002222224444444444444444444440000000004040000000    
 -46       444444444444443333333333330333333333333330000000009999999999999999999990005555500000000000000000000000000000000000000000000000                                0000000000000000000000000000000000000000000000000000009999999999999999999990000002222244444444444444444444444000000004444444000     
 -45       444444444444443333333333330000000000000000000000009999999999999999999990000555000000000000000000000000000000000000000000000000                                0000000066000000000000000000000000000000000000000000009999999999999999999990000222220044444444444444444444444400000444444444440     
 -44       444444444444443333333333330000000000000000000000009999999999999999999990000000000000000000000000000000000000000000000000000000                                0000000666000000000000000000000000000000000000000000009999999999999999999990002222200444444444444444444444444000004444444444444     
 -43      4444444444444443333333333330000000000000000000000009999999999999999999990000000000000000000000000000000000000000000000000000000                                0000000000000000000000000000000000000000000000000000009999999999999999999990022222000044444444444444444444444000004444444444444     
 -42      4444444444444443333333333330000000000002222220000009999999999999999999990000000000000000000000000000000000000000000000000000000                                00000000000000000000000000000000000000000000000000000099999999999999999999902222000000444444444444444444444440000444444444444444    
 -41      4444444444444443333333333330000000000022222222222209999999999999999999990000000000000000000000000000000000000000000000000000000                                00000000000000000000000000000000000000000000000000000099999999999999999999922220000000444444444444444444444400000444444444444444    
 -40      4444444444444403333333333330000000000022222222222229999999999999999999990000000000000000000000555000000000000000000000000000000                                00000000000000000000000000000000000000000000000000000099999999999999999999922200000000044444444444444444444000000444444444444444    
 -39      4444444444444403333333333330000000000000000002222229999999999999999999990000000000000000000005555500000000000000000000000000000                                00000000000000000055500000000000000000000000000000000099999999999999999999900000000000044444444444440004000000004444444444444444    
 -38     44444444444444003333333333330000000000000000000000009999999999999999999990000000000000000000005555500000000000000000000000000000                                000000000000000005555500000000000000000600000000000000999999999999999999999000000000000044444444444444000000000004444444444444440   
 -37     44444444444400003333333333330000000000000000000000009999999999999999999990000000000000000000005555500000000000000000000000000000                                000000000000000005555500000000000000066660000000000000999999999999999999999000000000000000444444444444400000004444444444444444440   
 -36     44444444440000003333333300000000220000000000000000009999999999999999999990000000000000000000000555000000000000000000000000000000                                000000000000000005555500000000000000666660000000000000999999999999999999999000000000000000000444444444440000044444444444444444440   
 -35     44444444444000003333333300000002220000000000000000009999999999999999999990000000000000000000000000000000000000000000000000000000                                000000000000000000555000000000000000066660000000000000999999999999999999999000000000000000004444444444444000444444444444444444444   
 -34     44444444440000003333333300000022220000000000000000009999999999999999992222222222000000000000000000000000000000000000000000000000                                0000000000000000000000000000000000000006600000000000009999999999999999999990000000000000000044444444444440004444444444444444444440  
 -33    444444444440000003333333300000022200000000000000000009999999999999999922222222222222222000000000000000000000000000000000000000000                                0000000000000000000000000000000000000006600000000000009999999999999999999690000000000000000044444444444440004444444444444444444440  
 -32    444444444440000003333333300000222200000000000000000009999999999999999922222222222222222222200000000000000000000000000000000000000                                0000000000000000000000000000000000000000000000000000009222999999999999996666000000000000000444444444444444444444444444444444444444  
 -31    444444444400000003333333300000222000000000000000000009999999999999999992222222222222222222222200000000000000000000000000000000000                                0000000000000000000000000000000000000000000000000002222222299999999999999660000000000000000044444444444444444444444444444444444440  
 -30    444444444000000000000000000002222000000000000000000009999999999999999999990000000222222222222222200000000000000000000000000000000                                00000000000000000000000000000000000000000000000222222222222999999999999992200000000000000000444444444444444444444444444444444444400 
 -29    044444440000000000000000000022220000000000000000000009999999999999999999990000000000000222222222222222000000060000000000000000000                                00000000000000000000000000000000000000000000222222222222229999999999999922220000000000000000444444444444444444444444444444444444400 
 -28    000040000000000000000000000222200000000000000000000009922999999999999999990000000000000000222222222222222222666000000000000000000                                00000000000000000000000000000000000000002222222222222229999999999999999922222000000000000000044444444444444444444444440444444444600 
 -27   0000000000000000000000000000222200000000000000000000009222299999999999999990000000000000000000222222222222222222222222222222220000                                00000000000000000000000000000000000022222222222222220000000000000000000002222200000000000400004444444444444444444444400044444446660 
 -26   0000000000000000000000000022222000000000000000000000002222299999999999999990000000000000000000000022222222222222222222222222222000                                00000000000000000000000000000000222222222222222200000000000000000000000000222220000000444444400444444444444440444444400444444444660 
 -25   0000000000000000000000000222220000000000000000000000022222000000000000000000000000000000000000000000002222222222222222222222222000                                00000000000000000000000000002222222222222222000000000000000000000000000006022222000044444444444000444444444444444444444444444444460 
 -24   0000000000000000000000002222200000000000000000000000222220000000000000000000000000000000000000000000000000006222222222222222220000                                00000000000000000000000222222222222222220000000000000000000000000000000006002222200444444444444400444444444444444444444444444444440 
 -23   0000000000000000000000022222000000000000000000000002222220000000000000000000000000000000000000000000000000000000000000000000000000                                00000000000000000222222222222222222220000000000000000000000000000000000000000222200444444444444400044444444444444444444444444444440 
 -22  00000000000000000000000222220000000000000000000000002222200000000000000000000000000000000000000000000000000000000000000000000000000                                00002222222222222222222222222222200000000000000000000000000000000000000000000222224444444444444440004444444044444444444444444444440 
 -21  00000000000000000000002222000000000000000000000000022222000000000000000000000000000000000000000000000000000000000000000000000000000                                000222222222222222222222222220000000000000000000000000000000000000000000000000222224444444444444400000040004444444444444444444444440
 -20  00000000000000000000222220000000000000000000000000222220000000000000000000000000000000000000000000000000000000000000000000000000000                                000222222222222222222220000000000000000000000000000000000000000000000000000000022224444444444444400000000000444444444444444444444400
 -19  00000000000000000002222200000066000000000000000000222200000000000000000000000000000000000000000000000000000000000000000000000000000                                000022222222222220000000000000000000000000000000000000000000000000000000000000022222444444444444440000000000444444444444444444444400
 -18  00000000000000000022222000000066600000000000000002222200000000000000000000000000000000000000000000000222222222222222200000000000000                                000000000000000000000000000000000000000000000000000000000000000000000000000000002222444444444444400000000000444444444444444444444400
 -17 000000000000000000222220000000666600000000000000022222000000000000000000000000000000000000000000000022222222222222222222222200000000                                000000000000000000000000000000000000000000000000000000000000000066000000000000002222244444444444400000000000044444444444444444444000
 -16 000000000000000002222000000000066600000000000000022220000000000000000000000000000000000000000000002222222222222222222222222222200000                                000000000000000000000000000000000000000000000000000000000000000060000000000000000222244444444444400000000000004444444004444444440000
 -15 000000000000000222220000000000066600000000000000222220000000000000000000000000000000000000000000222222222222222222222222222222220000                                000000000000000000000000000000000000000000000000000000000000000000000000000000000222224444444444000000000000000004000000444444400000
 -14 777777777777772222277770000000000000000000000000222200000000000000000000000000000000000000000002222222200000000000000022222222220000                                000000000000000000000000000011100000000000000000000000000000000000000000000000000022222444444444000000000000007777777777777477777777
 -13 777777777777722222777770000000000000000000000002222200000000000000000000000000000000000000000022222220000000000000000000000222200000                                000000000000000000000000011111111000000000000000000000000000000000000000000000000002222444444440000000000000007777777777777777777777
 -12 777777777772222277777770000000000000000000000002222000000000000000000000000000000000000000000222222000000000000000000000000000000000                                000000000000000000001111111111111100000000000000000000000000000000000000000000000002222244444000000000000000007777777777777777777777
 -11 777777777772222777777770000000000000000000000022222000000000000000000000000000000000000000002222220000000000000000000000000000000000                                000000000000000000001111111111111100000000000000000000000000000000000000000000000000222204006000000000000000007777777777777777777777
 -10 777777777772227777777770000000000000000000000222220000000000000000000000000000000000000000022222000001116000000000000000000000000000                                000000000000000000011111111111111100000000000000000000000000000000000000000000000000222220000000000000000000007777777777777777777777
  -9 777777777777777777777778888888888888880000000222200000000000000000000000000000000000000000222220000111111100000000000000000000000000                                000000000000000000011111111111111110000000000000000000000000000000000000000000000000022220000008888888888888887777777777777777777777
  -8 777777777777777777777778888888888888880000002222200000000000000000000000000000000000000002222200001111111111000000000000000000000000                                000000000000000000111111111111111110000000000000000000000000000000000000000000000000022222000008888888888888887777777777777777777777
  -7 777777777777777777777778888888888888880000002222000000000000000000000000000000000000000002222000001111111111110000000000000000000000                                000000000000000001111111111111111111000000000000000000000000000000000000000000000000002222000008888888888888887777777777777777777777
  -6 777777777777777777777778888888888888880000022222000000000000000000000000000000000000000022222000001111111111111100000000000000000000                                000000000000000001111111111111111111000000000000000000000000000000000000000000000000002222206008888888888888887777777777777777777777
  -5 777777777777777777777778888888888888880000022220000000000000000000000000000000000000000022220000011111111111111110000000000000000000                                000000000000000011111111111111111111000000000002222222222222222222222222222222222220000222266608888888888888887777777777777777777777
  -4 777777777777777777777778888888888888880000222220000000000000000000000000000000000000000222220000011111111111111111000000000000000000                                000000000000000011111111111111111111100000000222222222222222222222222222222222222222222222222222888822222222887777777777777777777777
  -3 7777777bbbbbb77722222222888888888888880000222200000000000000000000000000000000000000000222200000111111111111111111000000000000000000                                00000000000000001111111111111111111110000000222222222222222222222222222222222222222222222222222222222222222222222222777bbbbbb7777777
  -2 7777777bbbbbb77222222222222222228888880002222200000000000000000000000000000000000000002222200001111111111111111111000000000000000000                                00000000000000001111111111111111111111000002222222222222222222222222222222222222222222222222222222222222222222222222277bbbbbb7777777
  -1 7777777bbbbbb77222222222222222222222880002222000000000000000000000000000000000000000002222000001111111111111111111100000000000000000                                00000000000000000111111111111111111111000022222200000000000000000000000000000000000222222222222222222222222222222222277bbbbbb7777777
   0 7777777bbbbbb77222222222222222222222222222222222200000000000000000000000000000000000222222000011111111111111111111100000000000000000                                00000000000000000111111111111111111110000022220000000000000000000000000000000000000000022220000822222222222222222222277bbbbbb7777777
   1 7777777bbbbbb77222222222222222222222222222222222222222222222222222222222222222222222222220000011111111111111111111110000000000000000                                00000000000000000011111111111111111110000222220000000000000000000000000000000000000000222220000888882222222222222222277bbbbbb7777777
   2 7777777bbbbbb77722222222222222222222222222222222222222222222222222222222222222222222222200000001111111111111111111110000000000000000                                00000000000000000011111111111111111100000222200000000000000000000000000000000000000000222200000888888888888822222222777bbbbbb7777777
   3 777777777777777777777778222222228888222222222222222222222222222222222222222222222222222000000001111111111111111111110000000000000000                                000000000000000000111111111111111110000022222000000000000000000000000000000000000000022222000008888888888888887777777777777777777777
   4 777777777777777777777778888888888888886662222000022222222222222222222222222222222222200000000000111111111111111111110000000000000000                                000000000000000000011111111111111110000022220000000000000000000000000000000000000000022220000008888888888888887777777777777777777777
   5 777777777777777777777778888888888888880602222200000000000000000000000000000000000000000000000000111111111111111111100000000000000000                                000000000000000000001111111111111100000222220000000000000000000000000000000000000000222220000008888888888888887777777777777777777777
   6 777777777777777777777778888888888888880000222200000000000000000000000000000000000000000000000000111111111111111111100000000000000000                                000000000000000000000011111111111100000222200000000000000000000000000000000000000000222200000008888888888888887777777777777777777777
   7 777777777777777777777778888888888888880000222220000000000000000000000000000000000000000000000000011111111111111111000000000000000000                                000000000000000000000000111111111100002222200000000000000000000000000000000000000002222200000008888888888888887777777777777777777777
   8 777777777777777777777778888888888888880000022220000000000000000000000000000000000000000000000000011111111111111110000000000000000000                                000000000000000000000000001111111000022222000000000000000000000000000000000000000002222000000008888888888888887777777777777777777777
   9 777777777777777777777778888888888888880000022222000000000000000000000000000000000000000000000000001111111111111110000000000000000000                                000000000000000000000000000611100000222220000000000000000000000000000000000000000022222000000008888888888888887777777722277777777777
  10 777777777777777777777770000000000000000600402222000000000000000000000000000000000000000000000000001111111111111100000000000000000000                                000000000000000000000000000000000022222200000000000000000000000000000000000000000222220000000000000000000000007777777222277777777777
  11 777777777777777777777770000000000000000444442222200000000000000000000000000000000000000000000000001111111111111100000000000000000000                                000000000000000000000000000000000222222000000000000000000000000000000000000000000222200000000000000000000000007777772222277777777777
  12 777777777777777777777770000000000000044444444222200000000000000000000000000000000000000000000000000111111110000000000000000000000000                                000002222000000000000000000000022222220000000000000000000000000000000000000000002222200000000000000000000000007777222227777777777777
  13 777777774777777777777770000000000000444444444222220000000000000000000000000000000000000000000000000001110000000000000000000000000000                                000022222222220000000000000002222222200000000000000000000000000000000000000000002222000000000000000000000000007772222277777777777777
  14 777774444444777777477770000000000000444444444422222000000000000000000000000000000000000000000000000000000000000000000000000000000000                                000022222222222222222222222222222222000000000000000000000000000000000000000000022222000000000000006660000000007722222777777777777777
  15 000044444444400444444400000000000004444444444442222000000000000000060000000000000000000000000000000000000000000000000000000000000000                                000002222222222222222222222222222200000000000000000000000000000000000000000000022220000000000000006660000000000222200000000000000000
  16 000444444444444444444440000000000004444444444442222200000000000000660000000000000000000000000000000000000000000000000000000000000000                                000000002222222222222222222222220000000000000000000000000000000000000000000000222220000000000000006666000000022222000000000000000000
  17 004444444444444444444444000000000004444444444444222200000000000000000000000000000000000000000000000000000000000000000000000000000000                                00000000000000222222222222222200000000000000000000000000000000000000000000000222220000000000000000666000000022222000000000000000000 
  18 004444444444444444444444000000000044444444444444222220000000000000000000000000000000000000000000000000000000000000022222222222220000                                00000000000000000000000000000000000000000000000000000000000000000000000000000222200000000000000000066000000222220000000000000000000 
  19 004444444444444444444444000000000004444444444444422220000000000000000000000000000000000000000000000000000000022222222222222222222000                                00000000000000000000000000000000000000000000000000000000000000000000000000002222200000000000000000000000002222200000000000000000000 
  20 044444444444444444444444400040000004444444444444422222000000000000000000000000000000000000000000000000022222222222222222222222222000                                00000000000000000000000000000000000000000000000000000000000000000000000000022222000000000000000000000000022220000000000000000000000 
  21  04444444444444444444444044444440004444444444444442222200000000000000000000000000000000000000000000222222222222222222222222222220000                                00000000000000000000000000000000000000000000000000000000000000000000000000222220000000000000000000000002222200000000000000000000000 
  22  04444444444444444444444444444444000444444444444400222200000000000000000000000000000000000000002222222222222222222200000000000000000                                0000000000000000000000000000000000000000000000000000000000000000000000000222222000000000000000000000002222200000000000000000000000  
  23  04444444444444444444444444444444400444444444444400222220060000000000000000000000000000000002222222222222222200000000000000000000000                                0000222222222222222226000000000000000000000000000000000000000000000000000222220000000000000000000000022222000000000000000000000000  
  24  06444444444444444444444444444444400044444444444000022222060000000000000000000000000000022222222222222220000000000000000000000000000                                0002222222222222222222222222000000000000000000000000009999999999999999992222200000000000000000000000222220000000000000000000000000  
  25  06644444444400444444404444444444444400444444400000002222200000000000000000000000000222222222222222200000000000000000000000000000000                                0002222222222222222222222222222200000000000000000000009999999999999999922222000000000000000000000002222200000000000000000000000000  
  26  06664444444000444444444444444444444440000400000000000222229999999999999999990002222222222222222000000000000000000000000000000000000                                0000222222222222222222222222222222220000000000000000009999999999999999922220000000000000000000000022220000000000000000000000000000  
  27  00644444444404444444444444444444444444000000000000000022222999999999999999992222222222222220000000000000000000000000000000000000000                                000000000000000000666222222222222222222000000000000000999999999999999999229000000000000000000000002222000000000000000000000040000   
  28  00444444444444444444444444444444444444400000000000000002222999999999999992222222222222200000000000000000000000000000000000000000000                                000000000000000000060000000222222222222222000000000000999999999999999999999000000000000000000000022220000000000000000000044444440   
  29  00444444444444444444444444444444444444400000000000000009229999999999999922222222222200000000000000000000000000000000000000000000000                                000000000000000000000000000000002222222222222222000000999999999999999999999000000000000000000000222200000000000000000000444444444   
  30   0444444444444444444444444444444444444400000000000000009669999999999999922222222000000000000000000000000000000000000000000000000000                                000000000000000000000000000000000002222222222222222222222299999999999999999000000000000000000000222000003333333300000004444444444   
  31   4444444444444444444444444444444444444440000000000000006666999999999999992220000000000000000000000000000000000000000000000000000000                                000000000000000000000000000000000000002222222222222222222229999999999999999000000000000000000002222000003333333300000044444444444   
  32   0444444444444444444444000444444444444400000000000000009969999999999999999990000000000000066000000000000000000000000000000000000000                                000000000000000000000000000000000000000000222222222222222229999999999999999000000000000000000002220000003333333300000044444444444   
  33   0444444444444444444444000444444444444400000000000000009999999999999999999990000000000000066000000000000000000000000000000000000000                                00000000000000000000000000000000000000000000000022222222229999999999999999900000000000000000002222000000333333330000004444444444    
  34    444444444444444444444000444444444444400000000000000009999999999999999999990000000000000066660000000000000000555000000000000000000                                00000000000000000000000000000000000000000000000000000099999999999999999999900000000000000000002220000000333333330000044444444444    
  35    044444444444444444440000044444444444000000000000000009999999999999999999990000000000000066666000000000000005555500000000000000000                                00000000000000000000000000000055500000000000000000000099999999999999999999900000000000000000002200000000333333330000004444444444    
  36    044444444444444444400000004444444444444000000000000009999999999999999999990000000000000066660000000000000005555500000000000000000                                00000000000000000000000000000555550000000000000000000099999999999999999999900000000000000000000000003333333333330000444444444444    
  37    044444444444444400000000000444444444444440000000000009999999999999999999990000000000000006000000000000000005555500000000000000000                                00000000000000000000000000000555550000000000000000000099999999999999999999900000000000000000000000003333333333330044444444444444    
  38     44444444444444440000000040004444444444444000000000009999999999999999999990000000000000000000000000000000000555000000000000000000                                0000000000000000000000000000055555000000000000000000009999999999999999999990222222000000000000000000333333333333044444444444444     
  39     44444444444444400000044444444444444444444000000000222999999999999999999990000000000000000000000000000000000000000000000000000000                                0000000000000000000000000000005550000000000000000000009999999999999999999990222222222222200000000000333333333333044444444444444     
  40     44444444444444400000444444444444444444444400000002222999999999999999999990000000000000000000000000000000000000000000000000000000                                0000000000000000000000000000000000000000000000000000009999999999999999999990022222222222200000000000333333333333444444444444444     
  41     44444444444444400004444444444444444444444400000022229999999999999999999990000000000000000000000000000000000000000000000000000000                                0000000000000000000000000000000000000000000000000000009999999999999999999990000000222222000000000000333333333333444444444444444     
  42      4444444444444000004444444444444444444444400002222209999999999999999999990000000000000000000000000000000000000000000000000000000                                0000000000000000000000000000000000000000000000000000009999999999999999999990000000000000000000000000333333333333444444444444444     
  43      4444444444444000004444444444444444444444440022222009999999999999999999990000000000000000000000000000000000000000000006660000000                                000000000000000000000000000000000000000000000000000000999999999999999999999000000000000000000000000033333333333344444444444444      
  44      0444444444440000044444444444444444444444400222220009999999999999999999990000000000000000000000000000000000000000000006600000000                                000000000000000000000000000000000000000000000000555000999999999999999999999000000000000000000000000033333333333344444444444444      
  45      0004444444000000004444444444444444444444422222000009999999999999999999990000000000000000000000000000000000000000000000000000000                                000000000000000000000000000000000000000000000005555500000000000000000000000000000000033333333333333033333333333344444444444444      
  46     00000004040000000004444444444444444444442222220000009999999999999999999990000000000000000000000000000000000000000000000000000000                                000000000000000000000400000000000000000000000005555500000000040000000000000000000000033333333333333033333333333344444444444444      
  47     00000444444444000004444444444444444444422222000000000000000000000000000000000000000000000000000000000000000000000000000000000000                                000000000000000000444444400000000000000000000005555500000044444440000000000000000000033333333333333000000000000004444444444444      
  48     00044444444444440000444444444444444442222220000000000000000000000000000000000000000000000000000000000000000000000000000000000000                                0000000000000000444444444440000000000000000000000000000044444444444000000000000000000333333333333330000000000000044444444444440     
  49     00444444444444444000044444440444444422222333333333330000000000000000000000000000000000000000000000000000000220000000000000000000                                0000000000000004444444444444000000000000000000000000000444444444444400000000000000000333333333333330000000000000004444444444400     
  50     04444444444444444400000040000004444222223333333333330000000000000000000000000000000000000000000000000000002222000000000000000000                                0000000000000004444444444444000000000000000000000000000444444444444400000004000000000333333333333330000000000000000044444440000     
  51    044444444444444444440000333333333334222033333333333330000000000000000000000000000000000000000000000000000002222000000000000000000                                00000000000000444444444444444000000000000000000000000044444444444444400044444440000003333333333333304000666666000000000400000000    
  52    444444444444444444444000333333333332220033333333333330000000000000000000000000000000000000000000000000000002222000000000000000000                                00000000000000444444444444444000000000000000000000000044444444444444400444444444000003333333333333344444460000000000040000000000    
  53    444444444444444444444000333333333332220033333333333330033333333330000000000000000000000000000000000000000002222000000000000000000                                00000000000000444444444444444000000000000000000000000044444444444444404444444444400003333333333333344444444000000444444444000000    
  54    444444444444444444444400333333333332220033333333333330033333333330000000000000000000000000000333333333000022222000000000000000000                                00000000000004444444444444444404000000000000000000000444444444444444444444444444440000000000044444444444444400044444444444440000    
  55    444444444444444444444400333333333332220033333333333330033333333330000000000111100000000000000333333333000022220000000000000000000                                000000000000004444444444444444444440000000000000000000444444444444444444444444444400000000004444444444444444404444444444444440000   
  56   4444444444444444444444400333333333332220033333333333330033333333330000000000111100000000000000333333333000022220000000000000000000                                000000000000004444444444444444444444400000000000000000444444444444444444444444444400000000004444444444444444444444444444444444000   
  57   4444444444444444444444400333333333332220033333333333330033333333330000000000111100000000000000333333333000222220000000000000000000                                000000000000004444444444444444444444440000000000000000444444444444444444444444444444000000044444444444444444444444444444444444000   
  58   4444444444444444444444440333333333332220033333333333330033333333330000000000111100000000000000333333333002222200000000000000000000                                0000000000000004444444444444444444444400000000000000000444444444444404444444444444444440000444444444444444444444444444444444444000  
  59   4444444444444444444444400333333333332220033333333333330033333333330000000000111100000000000000333333333002222200000000000000000000                                0000000000000004444444555444444444444440000000000000000444444444444404444444444444444444400444444444444444444444444444444444444000  
  60   4444444444444444444444400333333333332220033333333333330033333333330000000000111100000000000000333333333022222000000000000000000000                                0000000000060000444445555544444444444440000000000000000044444444     4444444444444444444440444444444444444444444444444444444444000  
  61   4444444444444444444444400222222223332220033333333333330033333333330000000000000000000000000000333333333222220000000000000000000000                                00000000000600000044455555444444444444400000000000000000004           444444444444444444444444444444444444444444444444444444444000  
  62   44444444444444444444444022222222222222222222222bbb00000033333333330000000000000000000000000000333322222222220000000000000000000000                                0000000000660000000005555544444444444444000000000000000000              4444444444444444444444444444444444444444444444444444444460  
  63   0444444444444444444444002222222222222222222222222222222222222000000000000000000000000000222222222222222222200000000000000000000000                                00000000000000000000005554444444444444400000000000000000                 444444444444444444444444444444444444444444444444444444060  
  64   04444444444  444444444000222222222222222222222222222222222222222222222222222222222222222222222222222222220000000000000000000000000                                000000000000000000000000444444444444444000000000000000                     4444444444444444444444444444444444444444444444444444660  
  65   0044444444     4444440000000000002222222222222222222222222222222222222222222222222222222222222222222222000000000000000000000000000                                00000000000000000000     4444444444444400000000000000                       44444444444444444444444444444444444444444444444444466   
  66   00044444         44400000066000000000000000000022222222222222222222222222222222222222222222222222200000000000000000000000000000000                                000000000000000            444444444440000000000000                          444444444444440444444444444444      4444444444444466   
  67   0000444            000000066600000000000000000000000000000000222222222222222222222222222000000000000000000000000000000000000000000                                0000000000000                4444444440000000000                               4444444444440444444444               4444444444666   
  68   00000                0000006000000000000000000000000000000000000000000000000000000000000000000000000000000000000000000000000000000                                00000000000                    444444000000000                                  444444444440044444                    44444444000   
  69   000                     0000000000000000000000000000000000000000000000000000000000000000000000000000000000000000000000000000000000                                000000000                            000000                                      444444444000044                         44440000   
  70   0                         0000000000000000000000000000000000000000000000000000000000000000000000000000000      0000000000000000000                                000000                                                                                 444000                                0000   
  71                                0000000000000000000             00000000000000              0000000000                  0000000000000                                00                                                                                                                                  
placed 88, declined 0
