HEIGHTMAP  1 char = 1x1 blocks (the top-left block of each)  x -45..44 across, z -115..114 down
KEY  char = ground height above y8 in bands of 1 block(s): 0 = y8..8, 1 = …; H house or hall  ~ water  @ spawn point  ! goal  space = void
         -4        -3        -2        -1         0         1         2         3         4    
     543210987654321098765432109876543210987654321012345678901234567890123456789012345678901234
-115      77777777777777777777                              777777777777777H7777777777777777777
-114      77777777777777777777                              777777777777777HHHHHHHHHHHHHHHHHHH7
-113      77777777777777777777                              777777777777777HHHHHHHHHHHHHHHHHHH7
-112      77777777777777777777                              777777777777777HHHHHHHHHHHHHHHHHHH7
-111      777HHHHHHHHHHHHHH777                              777777777777777HHHHHHHHHHHHHHHHHHH7
-110      777HHHHHHHHHHHHHH777                              777777777777777HHHHHHHHHHHHHHHHHHH7
-109      777HHHHHHHHHHHHHH777                              777777777777777HHHHHHHHHHHHHHHHHHH7
-108      777HHHHHHHHHHHHHH777                              777777777777777HHHHHHHHHHHHHHHHHHH7
-107      777HHHHHHHHHHHHHH777                              777777777777777HHHHHHHHHHHHHHHHHHH7
-106      777HHHHHHHHHHHHHH777                              777777777777777HHH7HHHHHHHHHHHHHHH7
-105      777HHHHHHHHHHHHHH777                              777777777777777HHH77HHHHHHHHHHHHHH7
-104      777HHHHHHHHHHHHHH777                              777777777777777HHH77HHHHHHHHHHHHHH7
-103      77777777777777777777                              777777777777777HHH7HHHHHHHHHHHHHHH7
-102      77777777777777777777                              777777777777777HHHHHHHHHHHHHHHHHHH7
-101      77777777777777777777                              777777777777777HHHHHHHHHHHHHHHHHHH7
-100      77777777777777777777                              777777777777777HHHHHHHHHHHHHHHHHHH7
 -99      77777777H77777777777                              777777777777777HHHHHHHHHHHHHHHHHHH7
 -98      77777777777777777777                              777777777777777HHHHHHHHHHHHHHHHHHH7
 -97      77777777777777777777                              777777777777777HHHHHHHHHHHHHHHHHHH7
 -96      77777777777777777777                              777777777777777HHHHHHHHHHHHHHH77777
 -95           7777777777777777777777777777777777777777777777777HH777777777777777777777777     
 -94           7~~~~77777777777777777777777777777777777777777777HH777777777777777777777777     
 -93           ~~~~~~~77777777777~~~~777777777777777777777777777HH777777777777777777777777     
 -92           ~~~~~~~~~77777777~~~~~~~~~~7777777777777777777777HH777777777777777777777777     
 -91           ~~~~~~~~~~77777~~~~~~~~~~~~~~~7777777777777777777HH777777777777777777777777     
 -90           ~~~~~~~~~~77777~~~~~~~~~~~~~~~7777777777777777777HH777777777777777777777777     
 -89           7~~~~~~~~~~77777~~~~~~~~~~~~~~7777777777777777777HH777777777777777777777777     
 -88           777~~~~~~~~~77777~~~~~~~~~~~~77777777777777777777HH777777777777777777777777     
 -87           777777~~~~~~~77777~~~~~~~~777777777HHHHHHHHHH7777HH777777777777777777777777     
 -86           777777777~~~~~77777~~~~~~7777777777HHHHHHHHHH7777HH777777777777777777777777     
 -85           77777777777777777777~~~~77777777777HHHHHHHHHH7777HH777777777777777777777777     
 -84           77777777777777777777~~~777777777777HHHHHHHHHH7777HH777777777777777777777777     
 -83           77777776666667777777777777776666666HHHHHHHHHH7777HH777766666666777777777777     
 -82           77777776666667777777777777776666666HHHHHHHHHH7777HH777766666666777777777777     
 -81           77777776666667777777777777776666666HHHHHHHHHH7777HH777766666666777777777777     
 -80           77777775555557777777777777775555555HHHHHHHHHH7777HH777755555555777777777777     
 -79           7777777555555777777777777777555555557777777777777HH777755555555777777777777     
 -78           7777777555555777777777777777555555557777777777777HH777755555555777777777777     
 -77           7777777444444777777777777777444444447777777777777HH777744444444777777777777     
 -76           7777777444444777777777777777444444447777777777777HH777744444444777777777777     
 -75           444444444444444          44444444444444444444          444444444444444          
 -74           444444444444444          44444444444444444444          444444444444444          
 -73           444444433333344          44433333333444444444          333333334444444          
 -72           444444433333344          44433333333444444444          333333334444444          
 -71           444444433333344          44433333333444444444          333333334444444          
 -70           444444422222244          44422222222444444444          222222224444444          
 -69           444444422222244          44422222222444444444          222222224444444          
 -68           444444422222244          44422222222444443344          222222224444444          
 -67           444443344433333          33333333333333333333          444444444444444          
 -66           444433334333333          33333333333333333333          444433333333444          
 -65           333333333333333          33333333333333333333          443333333333334          
 -64           333333333333333          33333333333333333333          333333333333333          
 -63           333333333333333          3333HHHHH33333333333          333333333333333          
 -62           333333333333333          3333HHHHH33333333333          333333333333333          
 -61           333333333333333          3333HH!HH33333333333          333333333333333          
 -60           333333333333333          3333HHHHH33333333333          333333333333333          
 -59           333333333333333          3333HHHHH33333333333          333333333333333          
 -58           333333333333333          33333333333333333333          333333333333333          
 -57           333333333333333          33333333333333333333          333333322233333          
 -56           333333333333332          33333333333444333333          333333222222333          
 -55           333333333333322          33333333344444444333          333332222222333          
 -54           333333333332222          33334444445555554433          333322222222223          
 -53           333333322222222          34445555556666655443          322222222222222          
 -52           222222222222222          44555666666777665544          222222222222222          
 -51           222222222222222          556666666HHHHHHHHHHHH         222222222222222          
 -50           222222222222222          666677777HHHHHHHHHHHH         222222222222222          
 -49           222222222222222          677777777HHHHHHHHHHHH         222222222222222          
 -48           222222222222222          677777777HHHHHHHHHHHH         222222222222222          
 -47           222222222222222          677778888HHHHHHHHHHHH         222222222222222          
 -46           222222222222222          677788888HHHHHHHHHHHH         222222222222222          
 -45           222211111111111          667788999HHHHHHHHHHHH         222222222222221          
 -44           111111111111111          677789999HHHHHHHHHHHH         222222222222211          
 -43           111111111111111          677889999HHHHHHHHHHHH         222222222222211          
 -42           111111111111111          6778899999HHHHHHHHHHH         111222222222111          
 -41           111111111111111          67778899999999877766          111111222211111          
 -40           111111111111111          66777889988888877666          111111111111111          
 -39           111111111111111          66667788888887776665          111111111111111          
 -38           111111111111111          55666778777777776665          111111111111111          
 -37           111100000000011          45556667766666666654          111111111111111          
 -36           000000000000000          34455666666666566554          111111111111111          
 -35           000000000000000          33445566655555555543          111111111111111          
 -34           000000000000000          23344555555555444433          111111111111100          
 -33           000000000000000          11234444444444333322          000000000000000          
 -32           000000000000000          01123344433333222111          000000000000000          
 -31           000000000000000          00112223322222111100          000000000000000          
 -30           000000000000000          00011122211111100000          000000000000000          
 -29           000000000000000          00000111110000000000          000000000000000          
 -28           000000000000000          00000000000000000000          000000000000000          
 -27           000000000000000          00000000000000000000          000000000000000          
 -26           000000000000000          00000000000000000000          000000000000000          
 -25           000000000000000          00000000000000000000          000000000000000          
 -24           000000000000000          00000000000000000000          000000000000000          
 -23           000000000000000          00000000000000000000          000000000000000          
 -22           000000000000000          00000000000000000000          000000000000000          
 -21           000000000000000          00000000000000000000          000000000000000          
 -20                                                                                           
 -19                                                                                           
 -18                                                                                           
 -17                                                                                           
 -16                                                                                           
 -15                                                                                           
 -14                                                                                           
 -13                                                                                           
 -12                                                                                           
 -11                                                                                           
 -10                                                                                           
  -9                                                                                           
  -8                                                                                           
  -7                                                                                           
  -6                                                                                           
  -5                                                                                           
  -4                                                                                           
  -3                                                                                           
  -2                                                                                           
  -1                                                                                           
   0                                                                                           
   1                                                                                           
   2                                                                                           
   3                                                                                           
   4                                                                                           
   5                                                                                           
   6                                                                                           
   7                                                                                           
   8                                                                                           
   9                                                                                           
  10                                                                                           
  11                                                                                           
  12                                                                                           
  13                                                                                           
  14                                                                                           
  15                                                                                           
  16                                                                                           
  17                                                                                           
  18                                                                                           
  19                                                                                           
  20           000000000000000          00000000000000000000          000000000000000          
  21           000000000000000          00000000000000000000          000000000000000          
  22           000000000000000          00000000000000000000          000000000000000          
  23           000000000000000          00000000000000000000          000000000000000          
  24           000000000000000          00000000000000000000          000000000000000          
  25           000000000000000          00000000000000000000          000000000000000          
  26           000000000000000          00000000000000000000          000000000000000          
  27           000000000000000          00000000000000000000          000000000000000          
  28           000000000000000          00000000001111100000          000000000000000          
  29           000000000000000          00000111111222111000          000000000000000          
  30           000000000000000          00111122222332221100          000000000000000          
  31           000000000000000          11122233333444332110          000000000000000          
  32           000000000000000          22333344444444443211          000000000000000          
  33           001111111111111          33444455555555544332          000000000000000          
  34           111111111111111          34555555555666554433          000000000000000          
  35           111111111111111          45566566666666655443          000000000000000          
  36           111111111111111          45666666666776665554          110000000001111          
  37           111111111111111          56667777777787766655          111111111111111          
  38           111111111111111          56667778888888776666          111111111111111          
  39           111111111111111          66677888888998877766          111111111111111          
  40           111112222111111          66777899999999887776          111111111111111          
  41           111222222222111         HHHHHHHHHHH9999988776          111111111111111          
  42           112222222222222         HHHHHHHHHHHH999988776          111111111111111          
  43           112222222222222         HHHHHHHHHHHH999987776          111111111111111          
  44           122222222222222         HHHHHHHHHHHH999887766          111111111112222          
  45           222222222222222         HHHHHHHHHHHH888887776          222222222222222          
  46           222222222222222         HHHHHHHHHHHH888877776          222222222222222          
  47           222222222222222         HHHHHHHHHHHH777777776          222222222222222          
  48           222222222222222         HHHHHHHHHHHH777777776          222222222222222          
  49           222222222222222         HHHHHHHHHHHH777776666          222222222222222          
  50           222222222222222         HHHHHHHHHHHH666666655          222222222222222          
  51           222222222222222          44556677766666655544          222222222222222          
  52           222222222222223          34455666665555554443          222222223333333          
  53           322222222223333          33445555554444443333          222233333333333          
  54           333222222233333          33344444444333333333          223333333333333          
  55           333222222333333          33333344433333333333          233333333333333          
  56           333332223333333          33333333333333333333          333333333333333          
  57           333333333333333          33333333333333333333          333333333333333          
  58           333333333333333          33333333333HHHHH3333          333333333333333          
  59           333333333333333          33333333333HHHHH3333          333333333333333          
  60           333333333333333          33333333333HH!HH3333          333333333333333          
  61           333333333333333          33333333333HHHHH3333          333333333333333          
  62           333333333333333          33333333333HHHHH3333          333333333333333          
  63           333333333333333          33333333333333333333          333333333333333          
  64           433333333333344          33333333333333333333          333333333333333          
  65           444333333334444          33333333333333333333          333333433334444          
  66           444444444444444          33333333333333333333          333334443344444          
  67           444444422222222          44334444422222222444          442222224444444          
  68           444444422222222          44444444422222222444          442222224444444          
  69           444444422222222          44444444422222222444          442222224444444          
  70           444444433333333          44444444433333333444          443333334444444          
  71           444444433333333          44444444433333333444          443333334444444          
  72           444444433333333          44444444433333333444          443333334444444          
  73           444444444444444          44444444444444444444          444444444444444          
  74           444444444444444          44444444444444444444          444444444444444          
  75      777777777777444444447777HH7777777777777444444447777777777777774444447777777          
  76      777777777777444444447777HH7777777777777444444447777777777777774444447777777          
  77      777777777777555555557777HH7777777777777555555557777777777777775555557777777          
  78      777777777777555555557777HH7777777777777555555557777777777777775555557777777          
  79      777777777777555555557777HH7777HHHHHHHHHH55555557777777777777775555557777777          
  80      777777777777666666667777HH7777HHHHHHHHHH66666667777777777777776666667777777          
  81      777777777777666666667777HH7777HHHHHHHHHH66666667777777777777776666667777777          
  82      777777777777666666667777HH7777HHHHHHHHHH66666667777777777777776666667777777          
  83      777777777777777777777777HH7777HHHHHHHHHH777777777777~~~77777777777777777777          
  84      777777777777777777777777HH7777HHHHHHHHHH77777777777~~~~77777777777777777777          
  85      777777777777777777777777HH7777HHHHHHHHHH7777777777~~~~~~77777~~~~~777777777          
  86      777777777777777777777777HH7777HHHHHHHHHH777777777~~~~~~~~77777~~~~~~~777777          
  87      777777777777777777777777HH77777777777777777777~~~~~~~~~~~~77777~~~~~~~~~777          
  88      777777777777777777777777HH7777777777777777777~~~~~~~~~~~~~~77777~~~~~~~~~~7          
  89      777777777777777777777777HH7777777777777777777~~~~~~~~~~~~~~~77777~~~~~~~~~~          
  90      777777777777777777777777HH7777777777777777777~~~~~~~~~~~~~~~77777~~~~~~~~~~          
  91      777777777777777777777777HH7777777777777777777777~~~~~~~~~~77777777~~~~~~~~~          
  92      777777777777777777777777HH777777777777777777777777777~~~~~7777777777~~~~~~~          
  93      777777777777777777777777HH77777777777777777777777777777777777777777777~~~~7          
  94      777777777777777777777777HH7777777777777777777777777777777777777777777777777          
  95 77777HHHHHHHHHHHHHHH777777777777777                              77777777777777777777     
  96 7HHHHHHHHHHHHHHHHHHH777777777777777                              77777777777777777777     
  97 7HHHHHHHHHHHHHHHHHHH777777777777777                              77777777777777777777     
  98 7HHHHHHHHHHHHHHHHHHH777777777777777                              77777777777H77777777     
  99 7HHHHHHHHHHHHHHHHHHH777777777777777                              77777777777777777777     
 100 7HHHHHHHHHHHHHHHHHHH777777777777777                              77777777777777777777     
 101 7HHHHHHHHHHHHHHHHHHH777777777777777                              77777777777777777777     
 102 7HHHHHHHHHHHHHHH7HHH777777777777777                              77777777777777777777     
 103 7HHHHHHHHHHHHHH77HHH777777777777777                              777HHHHHHHHHHHHHH777     
 104 7HHHHHHHHHHHHHH77HHH777777777777777                              777HHHHHHHHHHHHHH777     
 105 7HHHHHHHHHHHHHHH7HHH777777777777777                              777HHHHHHHHHHHHHH777     
 106 7HHHHHHHHHHHHHHHHHHH777777777777777                              777HHHHHHHHHHHHHH777     
 107 7HHHHHHHHHHHHHHHHHHH777777777777777                              777HHHHHHHHHHHHHH777     
 108 7HHHHHHHHHHHHHHHHHHH777777777777777                              777HHHHHHHHHHHHHH777     
 109 7HHHHHHHHHHHHHHHHHHH777777777777777                              777HHHHHHHHHHHHHH777     
 110 7HHHHHHHHHHHHHHHHHHH777777777777777                              777HHHHHHHHHHHHHH777     
 111 7HHHHHHHHHHHHHHHHHHH777777777777777                              77777777777777777777     
 112 7HHHHHHHHHHHHHHHHHHH777777777777777                              77777777777777777777     
 113 7HHHHHHHHHHHHHHHHHHH777777777777777                              77777777777777777777     
 114 7777777777777777777H777777777777777                              77777777777777777777     
low y8, high y17, range 9
