## tree
SEATS  tree, footprint 1x1, 3 blocks off a route  1 char = 1 block  x -45..44 across, z -115..114 down
KEY  1 the footprint seats with its minimum corner here  0 refused  space void
         -4        -3        -2        -1         0         1         2         3         4    
     543210987654321098765432109876543210987654321012345678901234567890123456789012345678901234
-115      00000000000000000000                              11111111111110000000000000000000000
-114      00000000000000000000                              11111100000000000000000000000000000
-113      00000000000000000000                              11111100000000000000000000000000000
-112      00000000000000000000                              11111100000000000000000000000000000
-111      00000000000000000000                              11111100000000000000000000000000000
-110      00000000000000000000                              11111100000000000000000000000000000
-109      00000000000000000000                              11111100000000000000000000000000000
-108      00000000000000000000                              11111100000000000000000000000000000
-107      00000000000000000000                              11111100000000000000000000000000000
-106      00000000000000000000                              11111100000000000000000000000000000
-105      00000000000000000000                              11111100000000000000000000000000000
-104      00000000000000000000                              11111100000000000000000000000000000
-103      00000000000000000000                              11111000000000000000000000000000000
-102      00000000000000000000                              11100000000000000000000000000000000
-101      00000000000000000000                              10000000000000000000000000000000000
-100      00000000000000000000                              00000000000000000000000000000000000
 -99      00000000000000000000                              00000000000000000000000000000000000
 -98      00000000000000000000                              00000000000000000000000000000000000
 -97      00000000000000000000                              00000000000000000000000000000000000
 -96      00000000000000000000                              00000000000000000000000000000000000
 -95           000000000000000000000000000000000000000000000000000000111100000000000000000     
 -94           000000000000000000000000000000000000000000000000000000111100000000000000000     
 -93           000000000000000000000000000000000000000000000000000000111100000000000000000     
 -92           000000000000000000000000000000000000000000000000000000111111100000000000000     
 -91           000000000000000000000000000000000000000000000000000000111111100000000000000     
 -90           000000000000000000000000000000000000000000000010000000111111100000000000000     
 -89           000000000000000000000000000000000000000000011110000000111111100000000000000     
 -88           000000000000000000000000000001111111111111111110000000111111100000000000000     
 -87           000000000000000000000000001111111110000000000110000000111111100000000000000     
 -86           000000000000000000000000011111111110000000000110000000111111100000000000000     
 -85           000000000000000000000000111111111110000000000110000000111111111111111111111     
 -84           000000000000000000000000111111111110000000000110000000111111111111111111111     
 -83           000000000000000000000000001100000000000000000110000000100000000111000011111     
 -82           111111100000000000000000001100000000000000000110000000100000000111000011111     
 -81           111111100000000000000000001100000000000000000000000000100000000110000001111     
 -80           111000000000000000000000000000000000000000000000000000000000000110001000111     
 -79           100000000000011111000000000000000000000001111110000000000000000110000000111     
 -78           100011100000011111100000000000000000111111111110000000100000000110000011111     
 -77           111111100000011111100000000000000000111111111110000000100000000111000000111     
 -76           111111100000011111100000000000000000111111111110000000100000000111100010011     
 -75           111111100000011          00000000000111111111          000000001110000          
 -74           111111100000011          00000000000111111111          000000001111000          
 -73           111111100000011          00000000000111111111          000000001111100          
 -72           111111100000011          00000000000111111111          000000001111110          
 -71           111111100000011          00000000000000000111          000000001111111          
 -70           111111100000011          00000000000000000111          000000001111111          
 -69           111111100000011          00000000000000000111          000000001111111          
 -68           111111100000000          00000000000000000111          000000001111111          
 -67           111111111111100          00000000000000000111          111101111111111          
 -66           111111111110000          00000000000000000111          111000001111111          
 -65           111111111110000          00000000000000000111          110000000011111          
 -64           111111111011110          00000000000000000111          110000100001111          
 -63           111111110001100          00000000000000000111          111000000001111          
 -62           111111110000110          00000000000000000111          111000000001111          
 -61           111111100100000          00000000000000000111          111100000011111          
 -60           111111110100010          00000000000000000111          111100000011111          
 -59           111111000000000          00000000000000000111          111111100111111          
 -58           111111000011001          00000000000000000111          111111111111111          
 -57           111111110001001          00000000000000000111          111111111111111          
 -56           111111001001001          00000000000000000111          111111111111111          
 -55           111111100001111          00000000000000000111          111111111111111          
 -54           111111110001111          00000000000000000111          111111111111111          
 -53           111111110001111          00000000000000000111          111111111111111          
 -52           111111110001111          00000000000000000011          111111011111111          
 -51           111111110001111          00000000000000000000          111110001111111          
 -50           111111111111111          11111111100000000000          111110000111111          
 -49           111111111111000          11111111100000000000          111110001111111          
 -48           111111111110000          11111111100000000000          111111111111111          
 -47           111111100010000          11111111100000000000          111111111111111          
 -46           111111000000000          11111111100000000000          111111111111111          
 -45           111111000000000          11101111100000000000          111111111111111          
 -44           111111000000000          11000001100000000000          111111111111111          
 -43           111111000000000          10000001000000000000          111111111111111          
 -42           111111100000000          10000100000000000000          111111111111111          
 -41           111111111000000          11000000001110000011          111111111111111          
 -40           111111111000001          11000000001111111111          111111111111111          
 -39           110001111000011          11100000011111111111          111111111111111          
 -38           110001111100011          11100000011111111111          111111111111111          
 -37           110001111111111          11111100111111111111          111111111111111          
 -36           111111111111111          11111111111111111111          111111111111111          
 -35           111111111111111          11111111111111111111          111111111111111          
 -34           111111111111111          11111111111111111111          111111111111111          
 -33           111111111111111          11111111111111111111          111111111111111          
 -32           111111111111111          11111111111111111111          111111111111111          
 -31           111111111111111          11111111111111111111          111111111111111          
 -30           111111111111111          11111111111111111111          111111111111111          
 -29           111111111111111          11111111111111111111          111111111111111          
 -28           111111111111111          11111111111111111111          111111111111111          
 -27           111111111111111          11111111111111111111          111111111111111          
 -26           111111111111111          11111111111111111111          111111111111111          
 -25           111111111111111          11111111111111111111          111111111111111          
 -24           111111111111111          11111111111111111111          111111111111111          
 -23           111111111111111          11111111111111111111          111111111111111          
 -22           111111111111111          11111111111111111111          111111111111111          
 -21           111111111111111          11111111111111111111          111111111111111          
 -20                                                                                           
 -19                                                                                           
 -18                                                                                           
 -17                                                                                           
 -16                                                                                           
 -15                                                                                           
 -14                                                                                           
 -13                                                                                           
 -12                                                                                           
 -11                                                                                           
 -10                                                                                           
  -9                                                                                           
  -8                                                                                           
  -7                                                                                           
  -6                                                                                           
  -5                                                                                           
  -4                                                                                           
  -3                                                                                           
  -2                                                                                           
  -1                                                                                           
   0                                                                                           
   1                                                                                           
   2                                                                                           
   3                                                                                           
   4                                                                                           
   5                                                                                           
   6                                                                                           
   7                                                                                           
   8                                                                                           
   9                                                                                           
  10                                                                                           
  11                                                                                           
  12                                                                                           
  13                                                                                           
  14                                                                                           
  15                                                                                           
  16                                                                                           
  17                                                                                           
  18                                                                                           
  19                                                                                           
  20           111111111111111          11111111111111111111          111111111111111          
  21           111111111111111          11111111111111111111          111111111111111          
  22           111111111111111          11111111111111111111          111111111111111          
  23           111111111111111          11111111111111111111          111111111111111          
  24           111111111111111          11111111111111111111          111111111111111          
  25           111111111111111          11111111111111111111          111111111111111          
  26           111111111111111          11111111111111111111          111111111111111          
  27           111111111111111          11111111111111111111          111111111111111          
  28           111111111111111          11111111111111111111          111111111111111          
  29           111111111111111          11111111111111111111          111111111111111          
  30           111111111111111          11111111111111111111          111111111111111          
  31           111111111111111          11111111111111111111          111111111111111          
  32           111111111111111          11111111111111111111          111111111111111          
  33           111111111111111          11111111111111111111          111111111111111          
  34           111111111111111          11111111111111111111          111111111111111          
  35           111111111111111          11111111111111111111          111111111111111          
  36           111111111111111          11111111111100111111          111111111100011          
  37           111111111111111          11111111111000000111          110001111100011          
  38           111111111111111          11111111111000000111          110000111100011          
  39           111111111111111          11111111110000000011          100000111111111          
  40           111111111111111          11111111110000000011          000000111111111          
  41           111111111111111          00000000000000100001          000000001111111          
  42           111111111111111          00000000000010000001          000000000111111          
  43           111111111111111          00000000000110000011          000000000111111          
  44           111111111111111          00000000000111110111          000000000111111          
  45           111111111111111          00000000000111111111          000000000111111          
  46           111111111111111          00000000000111111111          000010001111111          
  47           111111111111111          00000000000111111111          000011111111111          
  48           111111100011111          00000000000111111111          000111111111111          
  49           111111000011111          00000000000111111111          111111111111111          
  50           111111100011111          00000000000000000000          111100011111111          
  51           111111110111111          11000000000000000000          111100011111111          
  52           111111111111111          11100000000000000000          111100011111111          
  53           111111111111111          11100000000000000000          111100011111111          
  54           111111111111111          11100000000000000000          111100001111111          
  55           111111111111111          11100000000000000000          100100100111111          
  56           111111111111111          11100000000000000000          100100011111111          
  57           111111111111111          11100000000000000000          100110000111111          
  58           111111001111111          11100000000000000000          000000000111111          
  59           111110000001111          11100000000000000000          010001011111111          
  60           111110000001111          11100000000000000000          000001001111111          
  61           111100000000111          11100000000000000000          011000011111111          
  62           111100000000111          11100000000000000000          001100011111111          
  63           111100001000011          11100000000000000000          011110111111111          
  64           111110000000011          11100000000000000000          000011111111111          
  65           111111100000111          11100000000000000000          000011111111111          
  66           111111111101111          11100000000000000000          001111111111111          
  67           111111100000000          11100000000000000000          000000001111111          
  68           111111100000000          11100000000000000000          110000001111111          
  69           111111100000000          11100000000000000000          110000001111111          
  70           111111100000000          11100000000000000000          110000001111111          
  71           011111100000000          11111111100000000000          110000001111111          
  72           001111100000000          11111111100000000000          110000001111111          
  73           000111100000000          11111111100000000000          110000001111111          
  74           000011100000000          11111111100000000000          110000001111111          
  75      110010001111000000001100000001111111111000000000000000001111110000001111111          
  76      111000000111000000001100000001111111111000000000000000001111110000001111111          
  77      111110000011000000001100000001111111111000000000000000001111110000001110001          
  78      111000000011000000000000000001111100000000000000000000000111110000000000001          
  79      111000100011000000000000000000000000000000000000000000000000000000000000111          
  80      111100000011000000001100000000000000000000000001100000000000000000001111111          
  81      111110000111000000001100000001000000000000000001100000000000000000001111111          
  82      111110000111000000001100000001000000000000000001100000000000000000001111111          
  83      111111111111111111111100000001000000000011111111111000000000000000000000000          
  84      111111111111111111111100000001000000000011111111111000000000000000000000000          
  85      111111111111111111111100000001000000000011111111110000000000000000000000000          
  86      000000000000000111111100000001000000000011111111100000000000000000000000000          
  87      000000000000000111111100000001111111111111111100000000000000000000000000000          
  88      000000000000000111111100000001110000000000000000000000000000000000000000000          
  89      000000000000000111111100000000000000000000000000000000000000000000000000000          
  90      000000000000000111111100000000000000000000000000000000000000000000000000000          
  91      000000000000000111111100000000000000000000000000000000000000000000000000000          
  92      000000000000000111111100000000000000000000000000000000000000000000000000000          
  93      000000000000000000111100000000000000000000000000000000000000000000000000000          
  94      000000000000000000111000000000000000000000000000000000000000000000000000000          
  95 00000000000000000000000100000000000                              00000000000000000000     
  96 00000000000000000000000000000000000                              00000000000000000000     
  97 00000000000000000000000000000000000                              00000000000000000000     
  98 00000000000000000000000000000000000                              00000000000000000000     
  99 00000000000000000000000000000000001                              00000000000000000000     
 100 00000000000000000000000000000000001                              00000000000000000000     
 101 00000000000000000000000000000000111                              00000000000000000000     
 102 00000000000000000000000000000011111                              00000000000000000000     
 103 00000000000000000000000000000011111                              00000000000000000000     
 104 00000000000000000000000000000011111                              00000000000000000000     
 105 00000000000000000000000000000011111                              00000000000000000000     
 106 00000000000000000000000000000011111                              00000000000000000000     
 107 00000000000000000000000000000011111                              00000000000000000000     
 108 00000000000000000000000000000011111                              00000000000000000000     
 109 00000000000000000000000000000011111                              00000000000000000000     
 110 00000000000000000000000000000011111                              00000000000000000000     
 111 00000000000000000000000000000011111                              00000000000000000000     
 112 00000000000000000000000000000011111                              00000000000000000000     
 113 00000000000000000000000000000011111                              00000000000000000000     
 114 00000000000000000000000000000011111                              00000000000000000000     
seats 4553; refused 3245 DR-KEEP, 1976 DR-CLAIM, 694 OB19, 232 DR-ROAD

## boulder
SEATS  boulder, footprint 1x1, 2 blocks off a route  1 char = 1 block  x -45..44 across, z -115..114 down
KEY  1 the footprint seats with its minimum corner here  0 refused  space void
         -4        -3        -2        -1         0         1         2         3         4    
     543210987654321098765432109876543210987654321012345678901234567890123456789012345678901234
-115      00000000000000000000                              11111111111110000000000000000000000
-114      00000000000000000000                              11111100000000000000000000000000000
-113      00000000000000000000                              11111100000000000000000000000000000
-112      00000000000000000000                              11111100000000000000000000000000000
-111      00000000000000000000                              11111100000000000000000000000000000
-110      00000000000000000000                              11111100000000000000000000000000000
-109      00000000000000000000                              11111100000000000000000000000000000
-108      00000000000000000000                              11111100000000000000000000000000000
-107      00000000000000000000                              11111100000000000000000000000000000
-106      00000000000000000000                              11111100000000000000000000000000000
-105      00000000000000000000                              11111100000000000000000000000000000
-104      00000000000000000000                              11111100000000000000000000000000000
-103      00000000000000000000                              11111100000000000000000000000000000
-102      00000000000000000000                              11111100000000000000000000000000000
-101      00000000000000000000                              11110000000000000000000000000000000
-100      00000000000000000000                              11000000000000000000000000000000000
 -99      00000000000000000000                              00000000000000000000000000000000000
 -98      00000000000000000000                              00000000000000000000000000000000000
 -97      00000000000000000000                              00000000000000000000000000000000000
 -96      00000000000000000000                              00000000000000000000000000000000000
 -95           000000000000000000000000000000000000000000000000000000111100000000000000000     
 -94           000000000000000000000000000000000000000000000000000000111100000000000000000     
 -93           000000000000000000000000000000000000000000000000000000111100000000000000000     
 -92           000000000000000110000000000000000000000000000000000000111111100000000000000     
 -91           000000000000000000000000000000000000000000000110000000111111100000000000000     
 -90           000000000000000000000000000000000000000000111110000000111111100000000000000     
 -89           000000000000000000000000000000111111111111111110000000111111100000000000000     
 -88           000000000000000000000000000001111111111111111110000000111111100000000000000     
 -87           000000000000000000000000001111111110000000000110000000111111100000000000000     
 -86           000000000000000000000000011111111110000000000110000000111111100000000000000     
 -85           000000000000000000000000111111111110000000000110000000111111111111111111111     
 -84           000000000000000000000001111111111110000000000110000000111111111111111111111     
 -83           000000000000010000000001111100000000000000000110000000100000000111111111111     
 -82           111111100000011000000000011100000000000000000110000000100000000111111111111     
 -81           111111100000000000000000011100000000000000000000000000100000000111111111111     
 -80           111000000000000000000000001100000000000000000000000000000000000111111111111     
 -79           100000000000011111110000000000000000000001111110000000000000000111111111111     
 -78           100011100000011111110000000000000000111111111110000000100000000111111111111     
 -77           111111100000011111110000000000000000111111111110000000100000000111111111111     
 -76           111111100000011111111000000000000000111111111110000000100000000111111111111     
 -75           111111100000011          00000000000111111111          000000001111111          
 -74           111111100000011          00000000000111111111          000000001111111          
 -73           111111100000011          10000000000111111111          000000001111111          
 -72           111111100000011          11100000000111111111          000000001111111          
 -71           111111100000011          00000000000000000111          000000001111111          
 -70           111111100000011          00000000000000000111          000000001111111          
 -69           111111100000011          00000000000000000111          000000001111111          
 -68           111111100000011          00000000000000000111          000000001111111          
 -67           111111111111111          00000000000000000111          111111111111111          
 -66           111111111111111          00000000000000000111          111111111111111          
 -65           111111111111111          00000000000000000111          111111111111111          
 -64           111111111111111          00000000000000000111          111111111111111          
 -63           111111111111111          00000000000000000111          111111111111111          
 -62           111111111111111          00000000000000000111          111111111111111          
 -61           111111111111111          00000000000000000111          111111111111111          
 -60           111111111111111          00000000000000000111          111111111111111          
 -59           111111111111111          00000000000000000111          111111111111111          
 -58           111111111111111          00000000000000000111          111111111111111          
 -57           111111111111111          00000000000000000111          111111111111111          
 -56           111111111111111          00000000000000000111          111111111111111          
 -55           111111111111111          00000000000000000111          111111111111111          
 -54           111111111111111          00000000000000000111          111111111111111          
 -53           111111110001111          00000000000000000111          111111111111111          
 -52           111111110001111          00000000000000000011          111111011111111          
 -51           111111110001111          00000000000000000000          111110001111111          
 -50           111111111111111          11111111100000000000          111110000111111          
 -49           111111111111111          11111111100000000000          111110001111111          
 -48           111111111111111          11111111100000000000          111111111111111          
 -47           111111111111111          11111111100000000000          111111111111111          
 -46           111111111111111          11111111100000000000          111111111111111          
 -45           111111111111111          11111111100000000000          111111111111111          
 -44           111111111111111          11111111100000000000          111111111111111          
 -43           111111111111111          11111111100000000000          111111111111111          
 -42           111111111111111          11111111100000000000          111111111111111          
 -41           111111111111111          11111111111110000011          111111111111111          
 -40           111111111111111          11111111111111111111          111111111111111          
 -39           110001111111111          11111111111111111111          111111111111111          
 -38           110001111111111          11111111111111111111          111111111111111          
 -37           110001111111111          11111111111111111111          111111111111111          
 -36           111111111111111          11111111111111111111          111111111111111          
 -35           111111111111111          11111111111111111111          111111111111111          
 -34           111111111111111          11111111111111111111          111111111111111          
 -33           111111111111111          11111111111111111111          111111111111111          
 -32           111111111111111          11111111111111111111          111111111111111          
 -31           111111111111111          11111111111111111111          111111111111111          
 -30           111111111111111          11111111111111111111          111111111111111          
 -29           111111111111111          11111111111111111111          111111111111111          
 -28           111111111111111          11111111111111111111          111111111111111          
 -27           111111111111111          11111111111111111111          111111111111111          
 -26           111111111111111          11111111111111111111          111111111111111          
 -25           111111111111111          11111111111111111111          111111111111111          
 -24           111111111111111          11111111111111111111          111111111111111          
 -23           111111111111111          11111111111111111111          111111111111111          
 -22           111111111111111          11111111111111111111          111111111111111          
 -21           111111111111111          11111111111111111111          111111111111111          
 -20                                                                                           
 -19                                                                                           
 -18                                                                                           
 -17                                                                                           
 -16                                                                                           
 -15                                                                                           
 -14                                                                                           
 -13                                                                                           
 -12                                                                                           
 -11                                                                                           
 -10                                                                                           
  -9                                                                                           
  -8                                                                                           
  -7                                                                                           
  -6                                                                                           
  -5                                                                                           
  -4                                                                                           
  -3                                                                                           
  -2                                                                                           
  -1                                                                                           
   0                                                                                           
   1                                                                                           
   2                                                                                           
   3                                                                                           
   4                                                                                           
   5                                                                                           
   6                                                                                           
   7                                                                                           
   8                                                                                           
   9                                                                                           
  10                                                                                           
  11                                                                                           
  12                                                                                           
  13                                                                                           
  14                                                                                           
  15                                                                                           
  16                                                                                           
  17                                                                                           
  18                                                                                           
  19                                                                                           
  20           111111111111111          11111111111111111111          111111111111111          
  21           111111111111111          11111111111111111111          111111111111111          
  22           111111111111111          11111111111111111111          111111111111111          
  23           111111111111111          11111111111111111111          111111111111111          
  24           111111111111111          11111111111111111111          111111111111111          
  25           111111111111111          11111111111111111111          111111111111111          
  26           111111111111111          11111111111111111111          111111111111111          
  27           111111111111111          11111111111111111111          111111111111111          
  28           111111111111111          11111111111111111111          111111111111111          
  29           111111111111111          11111111111111111111          111111111111111          
  30           111111111111111          11111111111111111111          111111111111111          
  31           111111111111111          11111111111111111111          111111111111111          
  32           111111111111111          11111111111111111111          111111111111111          
  33           111111111111111          11111111111111111111          111111111111111          
  34           111111111111111          11111111111111111111          111111111111111          
  35           111111111111111          11111111111111111111          111111111111111          
  36           111111111111111          11111111111111111111          111111111100011          
  37           111111111111111          11111111111111111111          111111111100011          
  38           111111111111111          11111111111111111111          111111111100011          
  39           111111111111111          11111111111111111111          111111111111111          
  40           111111111111111          11111111111111111111          111111111111111          
  41           111111111111111          00000000000111111111          111111111111111          
  42           111111111111111          00000000000111111111          111111111111111          
  43           111111111111111          00000000000111111111          111111111111111          
  44           111111111111111          00000000000111111111          111111111111111          
  45           111111111111111          00000000000111111111          111111111111111          
  46           111111111111111          00000000000111111111          111111111111111          
  47           111111111111111          00000000000111111111          111111111111111          
  48           111111100011111          00000000000111111111          111111111111111          
  49           111111000011111          00000000000111111111          111111111111111          
  50           111111100011111          00000000000000000000          111100011111111          
  51           111111110111111          11000000000000000000          111100011111111          
  52           111111111111111          11100000000000000000          111100011111111          
  53           111111111111111          11100000000000000000          111111111111111          
  54           111111111111111          11100000000000000000          111111111111111          
  55           111111111111111          11100000000000000000          111111111111111          
  56           111111111111111          11100000000000000000          111111111111111          
  57           111111111111111          11100000000000000000          111111111111111          
  58           111111111111111          11100000000000000000          111111111111111          
  59           111111111111111          11100000000000000000          111111111111111          
  60           111111111111111          11100000000000000000          111111111111111          
  61           111111111111111          11100000000000000000          111111111111111          
  62           111111111111111          11100000000000000000          111111111111111          
  63           111111111111111          11100000000000000000          111111111111111          
  64           111111111111111          11100000000000000000          111111111111111          
  65           111111111111111          11100000000000000000          111111111111111          
  66           111111111111111          11100000000000000000          111111111111111          
  67           111111100000000          11100000000000000000          110000001111111          
  68           111111100000000          11100000000000000000          110000001111111          
  69           111111100000000          11100000000000000000          110000001111111          
  70           111111100000000          11100000000000000000          110000001111111          
  71           111111100000000          11111111100000000111          110000001111111          
  72           111111100000000          11111111100000000001          110000001111111          
  73           111111100000000          11111111100000000000          110000001111111          
  74           111111100000000          11111111100000000000          110000001111111          
  75      111111111111000000001100000001111111111000000000000000111111110000001111111          
  76      111111111111000000001100000001111111111000000000000000011111110000001111111          
  77      111111111111000000001100000001111111111000000000000000011111110000001110001          
  78      111111111111000000000000000001111100000000000000000000011111110000000000001          
  79      111111111111000000000000000000000000000000000001100000000000000000000000111          
  80      111111111111000000001100000000000000000000000001110000000000000000001111111          
  81      111111111111000000001100000001000000000000000001110000000000110000001111111          
  82      111111111111000000001100000001000000000000000001111100000000010000001111111          
  83      111111111111111111111100000001000000000011111111111100000000001000000000000          
  84      111111111111111111111100000001000000000011111111111000000000001000000000000          
  85      111111111111111111111100000001000000000011111111110000000000000000000000000          
  86      000000000000000111111100000001000000000011111111100000000000000000000000000          
  87      000000000000000111111100000001111111111111111100000000000000000000000000000          
  88      000000000000000111111100000001111111111111111000000000000000000000000000000          
  89      000000000000000111111100000001111000000000000000000000000000000000000000000          
  90      000000000000000111111100000001000000000000000000000000000000000000000000000          
  91      000000000000000111111100000000000000000000000000000000000011000000000000000          
  92      000000000000000111111100000000000000000000000000000000000011000000000000000          
  93      000000000000000000111100000000000000000000000000000000000000000000000000000          
  94      000000000000000000111100000000000000000000000000000000000000000000000000000          
  95 00000000000000000000000111100000000                              00000000000000000000     
  96 00000000000000000000000000000000000                              00000000000000000000     
  97 00000000000000000000000000000000000                              00000000000000000000     
  98 00000000000000000000000000000000011                              00000000000000000000     
  99 00000000000000000000000000000000011                              00000000000000000000     
 100 00000000000000000000000000000001111                              00000000000000000000     
 101 00000000000000000000000000000011111                              00000000000000000000     
 102 00000000000000000000000000000011111                              00000000000000000000     
 103 00000000000000000000000000000011111                              00000000000000000000     
 104 00000000000000000000000000000011111                              00000000000000000000     
 105 00000000000000000000000000000011111                              00000000000000000000     
 106 00000000000000000000000000000011111                              00000000000000000000     
 107 00000000000000000000000000000011111                              00000000000000000000     
 108 00000000000000000000000000000011111                              00000000000000000000     
 109 00000000000000000000000000000011111                              00000000000000000000     
 110 00000000000000000000000000000011111                              00000000000000000000     
 111 00000000000000000000000000000011111                              00000000000000000000     
 112 00000000000000000000000000000011111                              00000000000000000000     
 113 00000000000000000000000000000011111                              00000000000000000000     
 114 00000000000000000000000000000011111                              00000000000000000000     
seats 5261; refused 3245 DR-KEEP, 1376 DR-CLAIM, 694 OB19, 124 DR-ROAD

## house
SEATS  house, footprint 9x7, no route standoff  1 char = 1 block  x -45..44 across, z -115..114 down
KEY  1 the footprint seats with its minimum corner here  0 refused  space void
         -4        -3        -2        -1         0         1         2         3         4    
     543210987654321098765432109876543210987654321012345678901234567890123456789012345678901234
-115      00000000000000000000                              00000000000000000000000000000000000
-114      00000000000000000000                              00000000000000000000000000000000000
-113      00000000000000000000                              00000000000000000000000000000000000
-112      00000000000000000000                              00000000000000000000000000000000000
-111      00000000000000000000                              00000000000000000000000000000000000
-110      00000000000000000000                              00000000000000000000000000000000000
-109      00000000000000000000                              00000000000000000000000000000000000
-108      00000000000000000000                              00000000000000000000000000000000000
-107      00000000000000000000                              00000000000000000000000000000000000
-106      00000000000000000000                              00000000000000000000000000000000000
-105      00000000000000000000                              00000000000000000000000000000000000
-104      00000000000000000000                              00000000000000000000000000000000000
-103      00000000000000000000                              00000000000000000000000000000000000
-102      00000000000000000000                              00000000000000000000000000000000000
-101      00000000000000000000                              00000000000000000000000000000000000
-100      00000000000000000000                              00000000000000000000000000000000000
 -99      00000000000000000000                              00000000000000000000000000000000000
 -98      00000000000000000000                              00000000000000000000000000000000000
 -97      00000000000000000000                              00000000000000000000000000000000000
 -96      00000000000000000000                              00000000000000000000000000000000000
 -95           000000000000000000000000000000000000000000000000000000000000000000000000000     
 -94           000000000000000000000000000000000000000000000000000000000000000000000000000     
 -93           000000000000000000000000000000000000000000000000000000000000000000000000000     
 -92           000000000000000000000000000000000000000000000000000000000000000000000000000     
 -91           000000000000000000000000000000000000000000000000000000000000000000000000000     
 -90           000000000000000000000000000000000000000000000000000000000000000000000000000     
 -89           000000000000000000000000000000000000000000000000000000000000000000000000000     
 -88           000000000000000000000000000000000000000000000000000000000000000000000000000     
 -87           000000000000000000000000000000000000000000000000000000000000000000000000000     
 -86           000000000000000000000000000000000000000000000000000000000000000000000000000     
 -85           000000000000000000000000000000000000000000000000000000000000000000000000000     
 -84           000000000000000000000000000000000000000000000000000000000000000000000000000     
 -83           000000000000000000000000000000000000000000000000000000000000000000000000000     
 -82           000000000000000000000000000000000000000000000000000000000000000000000000000     
 -81           000000000000000000000000000000000000000000000000000000000000000000000000000     
 -80           000000000000000000000000000000000000000000000000000000000000000000000000000     
 -79           000000000000000000000000000000000000000000000000000000000000000000000000000     
 -78           000000000000000000000000000000000000000000000000000000000000000000000000000     
 -77           000000000000000000000000000000000000000000000000000000000000000000000000000     
 -76           000000000000000000000000000000000000000000000000000000000000000000000000000     
 -75           000000000000000          00000000000000000000          000000000000000          
 -74           000000000000000          00000000000000000000          000000000000000          
 -73           000000000000000          00000000000000000000          000000000000000          
 -72           000000000000000          00000000000000000000          000000000000000          
 -71           000000000000000          00000000000000000000          000000000000000          
 -70           000000000000000          00000000000000000000          000000000000000          
 -69           000000000000000          00000000000000000000          000000000000000          
 -68           000000000000000          00000000000000000000          000000000000000          
 -67           000000000000000          00000000000000000000          000000000000000          
 -66           000000000000000          00000000000000000000          000000000000000          
 -65           000000000000000          00000000000000000000          000000000000000          
 -64           000000000000000          00000000000000000000          000000000000000          
 -63           000000000000000          00000000000000000000          000000000000000          
 -62           000000000000000          00000000000000000000          000000000000000          
 -61           000000000000000          00000000000000000000          000000000000000          
 -60           000000000000000          00000000000000000000          000000000000000          
 -59           000000000000000          00000000000000000000          000000000000000          
 -58           000000000000000          00000000000000000000          000000000000000          
 -57           000000000000000          00000000000000000000          000000000000000          
 -56           000000000000000          00000000000000000000          000000000000000          
 -55           000000000000000          00000000000000000000          000000000000000          
 -54           000000000000000          00000000000000000000          000000000000000          
 -53           000000000000000          00000000000000000000          000000000000000          
 -52           000000000000000          00000000000000000000          000000000000000          
 -51           000000000000000          00000000000000000000          000000000000000          
 -50           000000000000000          00000000000000000000          000000000000000          
 -49           000000000000000          00000000000000000000          000000000000000          
 -48           000000000000000          00000000000000000000          000000000000000          
 -47           000000000000000          00000000000000000000          000000000000000          
 -46           000000000000000          00000000000000000000          000000000000000          
 -45           000000000000000          00000000000000000000          000000000000000          
 -44           000000000000000          00000000000000000000          000000000000000          
 -43           000000000000000          00000000000000000000          000000000000000          
 -42           000000000000000          00000000000000000000          000000000000000          
 -41           000000000000000          00000000000000000000          000000000000000          
 -40           000000000000000          00000000011100000000          000000000000000          
 -39           000000000000000          00000000011100000000          000000000000000          
 -38           000000000000000          00000000011100000000          000000000000000          
 -37           000000000000000          00000000011100000000          000000000000000          
 -36           000000000000000          00000000011100000000          000000000000000          
 -35           000000000000000          00000000000000000000          000000000000000          
 -34           000000000000000          00000000000000000000          000000000000000          
 -33           000000000000000          00000000000000000000          000000000000000          
 -32           000000000000000          00000000000000000000          000000000000000          
 -31           000000000000000          00000000000000000000          000000000000000          
 -30           000000000000000          00000000000000000000          000000000000000          
 -29           000000000000000          00000000000000000000          000000000000000          
 -28           000000000000000          11000000001100000000          000000000000000          
 -27           000000000000000          11000000001100000000          000000000000000          
 -26           000000000000000          00000000000000000000          000000000000000          
 -25           000000000000000          00000000000000000000          000000000000000          
 -24           000000000000000          00000000000000000000          000000000000000          
 -23           000000000000000          00000000000000000000          000000000000000          
 -22           000000000000000          00000000000000000000          000000000000000          
 -21           000000000000000          00000000000000000000          000000000000000          
 -20                                                                                           
 -19                                                                                           
 -18                                                                                           
 -17                                                                                           
 -16                                                                                           
 -15                                                                                           
 -14                                                                                           
 -13                                                                                           
 -12                                                                                           
 -11                                                                                           
 -10                                                                                           
  -9                                                                                           
  -8                                                                                           
  -7                                                                                           
  -6                                                                                           
  -5                                                                                           
  -4                                                                                           
  -3                                                                                           
  -2                                                                                           
  -1                                                                                           
   0                                                                                           
   1                                                                                           
   2                                                                                           
   3                                                                                           
   4                                                                                           
   5                                                                                           
   6                                                                                           
   7                                                                                           
   8                                                                                           
   9                                                                                           
  10                                                                                           
  11                                                                                           
  12                                                                                           
  13                                                                                           
  14                                                                                           
  15                                                                                           
  16                                                                                           
  17                                                                                           
  18                                                                                           
  19                                                                                           
  20           000000000000000          11000000001100000000          000000000000000          
  21           000000000000000          11000000001100000000          000000000000000          
  22           000000000000000          00000000000000000000          000000000000000          
  23           000000000000000          00000000000000000000          000000000000000          
  24           000000000000000          00000000000000000000          000000000000000          
  25           000000000000000          00000000000000000000          000000000000000          
  26           000000000000000          00000000000000000000          000000000000000          
  27           000000000000000          00000000000000000000          000000000000000          
  28           000000000000000          00000000000000000000          000000000000000          
  29           000000000000000          11100000000000000000          000000000000000          
  30           000000000000000          11100000000000000000          000000000000000          
  31           000000000000000          11100000000000000000          000000000000000          
  32           000000000000000          11100000000000000000          000000000000000          
  33           000000000000000          11100000000000000000          000000000000000          
  34           000000000000000          11100000000000000000          000000000000000          
  35           000000000000000          00000000000000000000          000000000000000          
  36           000000000000000          00000000000000000000          000000000000000          
  37           000000000000000          00000000000000000000          000000000000000          
  38           000000000000000          00000000000000000000          000000000000000          
  39           000000000000000          00000000000000000000          000000000000000          
  40           000000000000000          00000000000000000000          000000000000000          
  41           000000000000000          00000000000000000000          000000000000000          
  42           000000000000000          00000000000000000000          000000000000000          
  43           000000000000000          00000000000000000000          000000000000000          
  44           000000000000000          00000000000000000000          000000000000000          
  45           000000000000000          00000000000000000000          000000000000000          
  46           000000000000000          00000000000000000000          000000000000000          
  47           000000000000000          00000000000000000000          000000000000000          
  48           000000000000000          00000000000000000000          000000000000000          
  49           000000000000000          00000000000000000000          000000000000000          
  50           000000000000000          00000000000000000000          000000000000000          
  51           000000000000000          00000000000000000000          000000000000000          
  52           000000000000000          00000000000000000000          000000000000000          
  53           000000000000000          00000000000000000000          000000000000000          
  54           000000000000000          00000000000000000000          000000000000000          
  55           000000000000000          00000000000000000000          000000000000000          
  56           000000000000000          00000000000000000000          000000000000000          
  57           000000000000000          00000000000000000000          000000000000000          
  58           000000000000000          00000000000000000000          000000000000000          
  59           000000000000000          00000000000000000000          000000000000000          
  60           000000000000000          00000000000000000000          000000000000000          
  61           000000000000000          00000000000000000000          000000000000000          
  62           000000000000000          00000000000000000000          000000000000000          
  63           000000000000000          00000000000000000000          000000000000000          
  64           000000000000000          00000000000000000000          000000000000000          
  65           000000000000000          00000000000000000000          000000000000000          
  66           000000000000000          00000000000000000000          000000000000000          
  67           000000000000000          00000000000000000000          000000000000000          
  68           000000000000000          00000000000000000000          000000000000000          
  69           000000000000000          00000000000000000000          000000000000000          
  70           000000000000000          00000000000000000000          000000000000000          
  71           000000000000000          00000000000000000000          000000000000000          
  72           000000000000000          00000000000000000000          000000000000000          
  73           000000000000000          00000000000000000000          000000000000000          
  74           000000000000000          00000000000000000000          000000000000000          
  75      000000000000000000000000000000000000000000000000000000000000000000000000000          
  76      000000000000000000000000000000000000000000000000000000000000000000000000000          
  77      000000000000000000000000000000000000000000000000000000000000000000000000000          
  78      000000000000000000000000000000000000000000000000000000000000000000000000000          
  79      000000000000000000000000000000000000000000000000000000000000000000000000000          
  80      000000000000000000000000000000000000000000000000000000000000000000000000000          
  81      000000000000000000000000000000000000000000000000000000000000000000000000000          
  82      000000000000000000000000000000000000000000000000000000000000000000000000000          
  83      000000000000000000000000000000000000000000000000000000000000000000000000000          
  84      000000000000000000000000000000000000000000000000000000000000000000000000000          
  85      000000000000000000000000000000000000000000000000000000000000000000000000000          
  86      000000000000000000000000000000000000000000000000000000000000000000000000000          
  87      000000000000000000000000000000000000000000000000000000000000000000000000000          
  88      000000000000000000000000000000000000000000000000000000000000000000000000000          
  89      000000000000000000000000000000000000000000000000000000000000000000000000000          
  90      000000000000000000000000000000000000000000000000000000000000000000000000000          
  91      000000000000000000000000000000000000000000000000000000000000000000000000000          
  92      000000000000000000000000000000000000000000000000000000000000000000000000000          
  93      000000000000000000000000000000000000000000000000000000000000000000000000000          
  94      000000000000000000000000000000000000000000000000000000000000000000000000000          
  95 00000000000000000000000000000000000                              00000000000000000000     
  96 00000000000000000000000000000000000                              00000000000000000000     
  97 00000000000000000000000000000000000                              00000000000000000000     
  98 00000000000000000000000000000000000                              00000000000000000000     
  99 00000000000000000000000000000000000                              00000000000000000000     
 100 00000000000000000000000000000000000                              00000000000000000000     
 101 00000000000000000000000000000000000                              00000000000000000000     
 102 00000000000000000000000000000000000                              00000000000000000000     
 103 00000000000000000000000000000000000                              00000000000000000000     
 104 00000000000000000000000000000000000                              00000000000000000000     
 105 00000000000000000000000000000000000                              00000000000000000000     
 106 00000000000000000000000000000000000                              00000000000000000000     
 107 00000000000000000000000000000000000                              00000000000000000000     
 108 00000000000000000000000000000000000                              00000000000000000000     
 109 00000000000000000000000000000000000                              00000000000000000000     
 110 00000000000000000000000000000000000                              00000000000000000000     
 111 00000000000000000000000000000000000                              00000000000000000000     
 112 00000000000000000000000000000000000                              00000000000000000000     
 113 00000000000000000000000000000000000                              00000000000000000000     
 114 00000000000000000000000000000000000                              00000000000000000000     
seats 49; refused 4137 DR-KEEP, 2528 DR-SITE, 1715 DR-CLAIM, 1508 DR-PASS, 763 OB19
