CLAIMS  1 char = 1 block  x -40..39 across, z -112..111 down
KEY  0 free  1 water  2 paving  3 structure  4 tree  5 boulder  6 flora  7 spawn keep-out  8 door approach  9 goal clearance  a wool-room keep-out  b structure keep-out  space void
     4        -3        -2        -1         0         1         2         3         
     09876543210987654321098765432109876543210123456789012345678901234567890123456789
-112     00000077777777777777777777777770                                            
-111     00000077777777777777777777777770                                            
-110     00000077777777777777777777777770                                            
-109     00000077777777777777777777777770                                            
-108     00000077777777777777777777777770                                            
-107     00000077777777777777777777777770                                            
-106     00000077777777777777777777777770                                            
-105     00000077777777bbbbbb777777777770                                            
-104     00000077777777bbbbbb777777777770                        aaaaaaaaaaaaaaaa    
-103     00000077777777bbbbbb777777777770                        aaaaaaaaaaaaaaaa    
-102     00000077777777bbbbbb777777777770                        aaaaaaaaaaaaaaaa    
-101     00000077777777bbbbbb777777777770                        aaaaabbbbbbaaaaa    
-100     00000077777777bbbbbb777777777770                        aaaaabbbbbbaaaaa    
 -99     00000077777777777777777777777770                        aaaaabbbbbbaaaaa    
 -98     00000077777aaaaa7777777777777770                        aaaaabbbbbbaaaaa    
 -97     00000077777aaaaa7777777777777770                        aaaaabbbbbbaaaaa    
 -96     00000077777aaaaa7777777777777770                        aaaaabbbbbbaaaaa    
 -95     00000077777aaaaa7777777777777770                        bbbbbbbbbbbbbbbb    
 -94     00000077777aaaaa2277777772277770                        bbbbbbbbbbbbbbbb    
 -93     00000077777777722227777722227770                        bbbbbbbbbbbbbbbb    
 -92     00000077777777722227777722222770                        bbbbbbbbbbbbbbbb    
 -91     00000077777777222227777772222770                        bbbbbbbbbbbbbbbb    
 -90     00000077777777222277777772222270                        aaaaaaaaaaaaaaaa    
 -89     00000000000088222288888000222220                        0888888888888888    
 -88     00000000000082222288888000022222                        0888888888888888    
 -87     00000000000082222888888000022222                        0888888888888888    
 -86     00000000000022222888888000002222                        0888888888888888    
 -85     00000000000022228888888000000222                        0888888888888888    
 -84     00000000000022228888888000000022                        0888888888888888    
 -83     00000000000222228888888000000002                        0888888888888888    
 -82     00000000002222288888888000000000                        0000000000000000    
 -81     00000000002222888888888000000000                        0000000000000000    
 -80     00000000022222888888888000000000                        0000000000000000    
 -79     00000000022228888888888000000000                        0000000000000000    
 -78     00000000222228888888888000000000                        0000002220000000    
 -77     00000000222288888888888000000004                        0222222222000000    
 -76     00000000222288888888888000004004                        2222222222000000    
 -75     00000002222288888884448000044404                        222222222bbbbbbb    
 -74     00000002222088888884448000044444                        222222bbbbbbbbbb    
 -73     00000002222000000404440044044044                        bbbbbbbbbbbbbbbb    
 -72     055500222220000004444440440444044404444444440000000040bbbbbbbbbbbbbbbbbb    
 -71     555500222200003333333333340044440044044404044400000444bbbbbbbbbbbbbbbbbb    
 -70     0555002222000033333333333444444444444444044444000004444bbbbbbbbbb22bbbbb    
 -69     00000022220000333333333334440400444400444404440044044044bbbbbbbbbbbbbbbb    
 -68     000000222200003333333333344404444404400444444440440444000000000011120000000 
 -67     000000222200003333333333304444444004000040444400440044440000000111110000000 
 -66     000000222220003333333333300444040444444000044404444444440000000111111000000 
 -65     0000000222200033333333333000400004444440000000440444040000000011111111000000
 -64     0000000222220033333333333440000000444000000444444444044111bb1111111111100000
 -63     99999999222299990bbb04444440000000044000000044440044441111111111111111100000
 -62     9999999922229999bbbbbb444000000000000000004444555004441111111111111111110000
 -61     9999999992269999bbbbbbb44000000000000000004445555500411111111111111111110000
 -60     9999999999669999bbbbbbb0                             11111111111111111110000
 -59     9999999999969999bbbbbbb0                             01111111111111111110000
 -58     9999999999999999bbbbbbb0                             0011111111111111111000 
 -57     9999999999999999bbbbbbb0                             0011111111111111111000 
 -56     9999999999999999bbbbbbb0                              001111111111111111000 
 -55     9999999999999999bbbbbbb0                              00011111111111111100  
 -54     9999999999999999bbbbbbb0                              00011111111111111100  
 -53     9999999999999999bbbbbbb0                               0001111111111111000  
 -52     9999999999999999bbbbbbb0                                00011111111111000   
 -51     9999999999999999bbbbbbb0                                000001111111b0000   
 -50     9999999999999999bbbbbbb0                                0000001111110000    
 -49     9999999999999999bbbbbbb0                                0000000111120000    
 -48     9999999999999999bbbbbbb0                                0000000021220000    
 -47     9999999999999999bbbbbbb0                                0000000022220000    
 -46     999999999999999900555000                                0000000022220000    
 -45     999999999999999905555000                                0000000022220000    
 -44     9999999999999999                                        0000000022220000    
 -43     9999999999999999                                        0000000022220000    
 -42     0000000000004440                                        0044400022220000    
 -41     0000000000044444                                        0444440022220000    
 -40     0000000000444444                                        4444440222200000    
 -39     0000000000444444                                        4444440222200000    
 -38     0000000000444444                                        4444444222200000    
 -37     0000000000044444                                        0444444222200000    
 -36     0000000004444444                                        4444444222200000    
 -35     0000000044444444                                        4444442222000000    
 -34     0000000004444444                                        4444442222000000    
 -33     0000000044444444                                        4444442222000000    
 -32     0000000004444400                                        4444002222000000    
 -31     0000000000444400                                        4444002222000000    
 -30     0000000000000000                                        0000002222004440    
 -29     0000000000000000                                        0000022220044444    
 -28     0000000000000000                                        0000022220444444    
 -27     0000000000000000                                        0000022220444444    
 -26     0000000000004440                                        0000022220444444    
 -25     0000000000044444                                        0000022220044444    
 -24     0000000000444444                                        0000022224444444    
 -23     0000000000444444                                        0000222244444444    
 -22     0000000000444444                                        0000222204444444    
 -21     0000000000044444                                        0000222244444444    
 -20     0000000004444444                                        0000222204444400    
 -19     0000000044444444                                        0000022000444400    
 -18     0000000004444444                                        0000000000000000    
 -17     0000000044444444                                        0000000000000000    
 -16                                                                                 
 -15                                                                                 
 -14                                                                                 
 -13                                                                                 
 -12                                                                                 
 -11                                                                                 
 -10                                                                                 
  -9                                                                                 
  -8                                                                                 
  -7                                                                                 
  -6                                                                                 
  -5                                                                                 
  -4                                                                                 
  -3                                                                                 
  -2                                                                                 
  -1                                                                                 
   0                                                                                 
   1                                                                                 
   2                                                                                 
   3                                                                                 
   4                                                                                 
   5                                                                                 
   6                                                                                 
   7                                                                                 
   8                                                                                 
   9                                                                                 
  10                                                                                 
  11                                                                                 
  12                                                                                 
  13                                                                                 
  14                                                                                 
  15                                                                                 
  16     0000000000000000                                        4444444400000000    
  17     0000000000000000                                        4444444000000000    
  18     0044440002200000                                        4444444400000000    
  19     0044444022220000                                        4444444000000000    
  20     4444444422220000                                        4444400000000000    
  21     4444444022220000                                        4444440000000000    
  22     4444444422220000                                        4444440000000000    
  23     4444444222200000                                        4444440000000000    
  24     4444400222200000                                        4444400000000000    
  25     4444440222200000                                        0444000000000000    
  26     4444440222200000                                        0000000000000000    
  27     4444440222200000                                        0000000000000000    
  28     4444400222200000                                        0000000000000000    
  29     0444002222000000                                        0000000000000000    
  30     0000002222004444                                        0044440000000000    
  31     0000002222004444                                        0044444000000000    
  32     0000002222444444                                        4444444400000000    
  33     0000002222444444                                        4444444000000000    
  34     0000002222444444                                        4444444400000000    
  35     0000022224444444                                        4444444000000000    
  36     0000022224444440                                        4444400000000000    
  37     0000022224444444                                        4444440000000000    
  38     0000022220444444                                        4444440000000000    
  39     0000022220444444                                        4444440000000000    
  40     0000222200444440                                        4444400000000000    
  41     0000222200044400                                        0444000000000000    
  42     0000222200000000                                        9999999999999999    
  43     0000222200000000                                        9999999999999999    
  44     0000222200000000                                000555509999999999999999    
  45     0000222200000000                                000555009999999999999999    
  46     0000222200000000                                0bbbbbbb9999999999999999    
  47     0000221200000000                                0bbbbbbb9999999999999999    
  48     0000211110000000                                0bbbbbbb9999999999999999    
  49     0000111111000000                                0bbbbbbb9999999999999999    
  50    0000b111111100000                                0bbbbbbb9999999999999999    
  51    00011111111111000                                0bbbbbbb9999999999999999    
  52   0001111111111111000                               0bbbbbbb9999999999999999    
  53   00111111111111111000                              0bbbbbbb9999999999999999    
  54   00111111111111111000                              0bbbbbbb9999999999999999    
  55  000111111111111111100                              0bbbbbbb9999999999999999    
  56  0001111111111111111100                             0bbbbbbb9999999999999999    
  57  0001111111111111111100                             0bbbbbbb9999999999999999    
  58 00001111111111111111110                             0bbbbbbb9999699999999999    
  59 00001111111111111111111                             0bbbbbbb9999669999999999    
  60 00001111111111111111111400555554440000000000000000044bbbbbbb9999622999999999    
  61 000011111111111111111144400555444400000000000000000444bbbbbb9999222299999999    
  62 00000111111111111111114444004444000000044000000004444440bbb09999222299999999    
  63 0000011111111111bb1114404444444440000004440000000443333333333300222220000000    
  64 0000001111111100000000404440440000000444444000040003333333333300022220000000    
  65  000000111111000000044444444404440000444444040444003333333333300022222000000    
  66  000000011111000000044440044004444040000400444444403333333333300002222000000    
  67  000000021110000000000444044044444444004404444404443333333333300002222000000    
  68     000022220000000044044044004440444400444400404443333333333300002222000000    
  69     bbbbb22bbbbbbbbbb4444000004444404444444444444443333333333300002222005550    
  70     bbbbbbbbbbbbbbbbbb444000004440404440440044440043333333333300002222005555    
  71     bbbbbbbbbbbbbbbbbbb400000000444444444044404440440444444b0000022222005550    
  72     bbbbbbbbbbbbbbbb                        44044044004440400000022220000000    
  73     bbbbbbbbbb222222                        44444000004440000000022220000000    
  74     bbbbbbb222222222                        40444000004448888888222220000000    
  75     bbbbbbbbbbbbbbbb                        40040000008888888888222200000000    
  76     0000002222222220                        40000000008888888888222200000000    
  77     0000000222000000                        00000000008888888882222200000000    
  78     0000000000000000                        00000000008888888882222000000000    
  79     0000000000000000                        00000000008888888822222000000000    
  80     0000000000000000                        00000000008888888822220000000000    
  81     0000000000000000                        00000000008888888222220000000000    
  82     0000000000000000                        20000000008888882222200000000000    
  83     0888888888888888                        22000000008888882222800000000000    
  84     0888888888888888                        22200000008888882222800000000000    
  85     0888888888888888                        22220000008888822222800000000000    
  86     0888888888888888                        22222000008888822228800000000000    
  87     0888888888888888                        22222000008888222228800000000000    
  88     0888888888888888                        02222200008888222288800000000000    
  89     6888888888888888                        00222220008888222288800000000000    
  90     bbbbbbbbbbbbbbbb                        00722227777772222277777777700000    
  91     bbbbbbbbbbbbbbbb                        00722222777772222777777777700000    
  92     bbbbbbbbbbbbbbbb                        00772222777772222777777777700000    
  93     bbbbbbbbbbbbbbbb                        007772277aaaaa227777777777700000    
  94     bbbbbbbbbbbbbbbb                        007777777aaaaa777777777777700000    
  95     aaaaabbbbbbaaaaa                        007777777aaaaa777777777777700000    
  96     aaaaabbbbbbaaaaa                        007777777aaaaa777777777777700000    
  97     aaaaabbbbbbaaaaa                        007777777aaaaa777777777777700000    
  98     aaaaabbbbbbaaaaa                        00777777777777777777777777700000    
  99     aaaaabbbbbbaaaaa                        007777777777bbbbbb77777777700000    
 100     aaaaabbbbbbaaaaa                        007777777777bbbbbb77777777700000    
 101     aaaaaaaaaaaaaaaa                        007777777777bbbbbb77777777700000    
 102     aaaaaaaaaaaaaaaa                        007777777777bbbbbb77777777700000    
 103     aaaaaaaaaaaaaaaa                        007777777777bbbbbb77777777700000    
 104                                             007777777777bbbbbb77777777700000    
 105                                             00777777777777777777777777700000    
 106                                             00777777777777777777777777700000    
 107                                             00777777777777777777777777700000    
 108                                             00777777777777777777777777700000    
 109                                             00777777777777777777777777700000    
 110                                             00777777777777777777777777700000    
 111                                             00777777777777777777777777700000    
placed 32, declined 0
