CLAIMS  1 char = 1 block  x -44..43 across, z -128..127 down
KEY  0 free  1 water  2 paving  3 structure  4 tree  5 boulder  6 flora  7 spawn keep-out  8 door approach  9 goal clearance  a wool-room keep-out  b structure keep-out  space void
        -4        -3        -2        -1         0         1         2         3         4   
     4321098765432109876543210987654321098765432101234567890123456789012345678901234567890123
-128                                 aaaaaaaaaaaa                                            
-127                                 aaabbbbbbaaa                                            
-126                                 aaabbbbbbaaa                                            
-125                                 aaabbbbbbaaa                                            
-124                                 aaabbbbbbaaa                                            
-123                                 bbbbbbbbbbbb                                            
-122                                 bbbbbbbbbbbb                                            
-121                                 bbbbbbbbbbbb                                            
-120                     0000000000bbbbbbbbbbbbbbbba000000000                                
-119                     0000000000bbbbbbbbbbbbbbbba600066660                                
-118                     0000000000aaaaaaaaaaaaaaaaa000066660                                
-117                     000000000000088888888888660000066660                                
-116                     000000000000088888888888000000066660                                
-115                     000000000000088888888888000000006660                                
-114                     066000000000088888888888000000006660                                
-113                     060000000000088888888888000000666660                                
-112                     060000000000088888888888000000666660                                
-111                     060000000000088888888888000000666660                                
-110                     000000000000000000000000000006666660                                
-109                     000000000000000000000000000006666660                                
-108                     000000000000            000000000000                                
-107                     000000000000            000000000000                                
-106                     000000000000            000000000000                                
-105                     000000000000            000000000000                                
-104                     000000000000            000000000000                                
-103                     000000000000            000000000000                                
-102                     000000000000            000000000000                                
-101                     000000000000            000000000000                                
-100                     000000000000            000000000000                                
 -99                     000000000000            000000000000                                
 -98                     000000000000            000000000000                                
 -97                     000000000000            000000000000                                
 -96                 000006000000000000000000000000066666666000000000                        
 -95                 066666600000006666666660000000066666666666666660                        
 -94                 066666600000006606666660000000066666666666666660                        
 -93                 006666600000006606666600000060006666666666666600                        
 -92                 000006600060066600000000000660006666666666666000                        
 -91                 000000600060000000000000000060000666666666660000                        
 -90                 000000600000000000000000000000000666666666600000                        
 -89                 000006666600000000000000000000000666666666600000                        
 -88                 000066666660000000000000000660006666666660000000                        
 -87                 000666666666000000000000000060000666666666600000                        
 -86                 000666666666666666660000000066600666666666666660                        
 -85                 006660666666666666666600000666000666666666666660                        
 -84                 066660666666666666666600006666000666666666666660                        
 -83                 066660066666666666666600000066000066666666666660                        
 -82                 066060066666666666666600000000666006666666666660                        
 -81                 066000066666666000000000000000000006666666666660                        
 -80 777aaaaa777000000000000000000000                0666666660000000                        
 -79 777aaaaa777888888888888888880000                0666666606000000                        
 -78 777aaaaa777888888888888888880000                0666666066600000                        
 -77 777aaaaa777888888888888888880000                0666660006000000                        
 -76 777aaaaa777888888888888888880000                0666600000660060                        
 -75 7bbbbbb7777888888888888888880000                0660000066666660                        
 -74 7bbbbbb7777888888888888888880000                0000000000000660                        
 -73 7bbbbbb7777888888888888888880000                0000000000666660                        
 -72 7bbbbbb7777888888888888888880000                0000000066666660                        
 -71 7bbbbbb7777888888888888888880000                0000000000000060                        
 -70 7bbbbbb7777888888888888888880000                0600000006666660                        
 -69 777aaaaa777888888888888888880000                0600000666666660                        
 -68 777aaaaa777888888888888888880000                0600666660606660                        
 -67 777aaaaa777888888888888888880000                0600000066666660                        
 -66 777aaaaa777888888888888888880000                0000066666666060                        
 -65 777aaaaa777888888888888888880000                0066666666660000                        
 -64                 000000000006600000000000000000000000000006600000                        
 -63                 000000000000000000000000000660060666666666600000                        
 -62                 000000000000006000000000000660066666666666600000                        
 -61                 000060000000000000000000000000006606666666600000                        
 -60                 000066000666000000000000000000000666666666000000000000000000000000000000
 -59                 066666000000000000000000000000006666666666000000000000000000000000000000
 -58                 066660000000000000000000006000066666666666600000000000000000000000000000
 -57                 066666000000000000000000000000006660666660000000000000000000000000000000
 -56                 066666600000000000000000000000000066666600000000000000000000000000000000
 -55                 066666600000000000000000000666000666666000000000000000000000000000000000
 -54                 066666600000000000000000006666006666660000000000000000000000000000000000
 -53                 066666600000000000000000666666006666660000000000000000000000000000000000
 -52                 066666600000000000000006666666000066660000000000000000000000000000000000
 -51                 066666600000000000000066666666006666660000000000000000000000000000000000
 -50                 066666600000000000006666666666666666660000000000000000000000000000000000
 -49                 066666600000000006666666666666666666666000000000000000000000088888888888
 -48                 066666600000006666666666666000000006666666666660            088888888888
 -47                 066666666000666666666666666000006666666666666660            088888888888
 -46                 066666666666666666666666666000006666666666666660            088888888888
 -45                 066666666666666666666666666000006666666666666660            088888888888
 -44                 060006666606660666666666666000006666666666666660            088888888888
 -43                 066666666666666666666666660000066666666660666600            088888888888
 -42                 066666660666666666666666660000666666666660000000            bbbbbbbbbbbb
 -41                 066666666666666666666666660000666666666660000000            bbbbbbbbbbbb
 -40                 006666666666666666666666660000666666666666000000            bbbbbbbbbbbb
 -39                 000666006666666666666606660000666666666660000000            bbbbbbbbbbbb
 -38                 000000006666666666666606660000666666666660000000            bbbbbbbbbbbb
 -37                 000000000006666666666666600000066666666600000000            aaabbbbbbaaa
 -36                 000000000000666666666666600000066666666600000000            aaabbbbbbaaa
 -35                 000000000000066666666666600000066666666600000000            aaabbbbbbaaa
 -34                 006666660666066666660006600000066666666600000000            aaabbbbbbaaa
 -33                 000000000666666666600000000000000666666000000000            aaaaaaaaaaaa
 -32                         0666666666666666666666666666666666600000                        
 -31                         0666666666660666666666666666666666660000                        
 -30                         0666666666660666000000666666666666666660                        
 -29                         0666666666600006660000006006666666666660                        
 -28                         0666666666000006666000000006666000066660                        
 -27                         0666666666600006666000000006660006666660                        
 -26                         0666666666600006666666666600000006666660                        
 -25                         0000000000000000000000000000000000000000                        
 -24                                                                                         
 -23                                                                                         
 -22                                                                                         
 -21                                                                                         
 -20                                                                                         
 -19                                                                                         
 -18                                                                                         
 -17                                                                                         
 -16                                                                                         
 -15                                                                                         
 -14                                                                                         
 -13                                                                                         
 -12                             00000000000000000000000000000000                            
 -11                             00000000000000000000000000000000                            
 -10                             00000000000000000000000000000000                            
  -9                             00000000000000000000000000000000                            
  -8                             00000000000000000000000000000000                            
  -7                             00000000000000000000000000000000                            
  -6                             00000000000000000000000000000000                            
  -5                             00000000000000000000000000000000                            
  -4                             00000000000000000000000000000000                            
  -3                             00000000000000000000000000000000                            
  -2                             00000000000000000000000000000000                            
  -1                             00000000000000000000000000000000                            
   0                             00000000000000000000000000000000                            
   1                             00000000000000000000000000000000                            
   2                             00000000000000000000000000000000                            
   3                             00000000000000000000000000000000                            
   4                             00000000000000000000000000000000                            
   5                             00000000000000000000000000000000                            
   6                             00000000000000000000000000000000                            
   7                             00000000000000000000000000000000                            
   8                             00000000000000000000000000000000                            
   9                             00000000000000000000000000000000                            
  10                             00000000000000000000000000000000                            
  11                             00000000000000000000000000000000                            
  12                                                                                         
  13                                                                                         
  14                                                                                         
  15                                                                                         
  16                                                                                         
  17                                                                                         
  18                                                                                         
  19                                                                                         
  20                                                                                         
  21                                                                                         
  22                                                                                         
  23                                                                                         
  24                         0000000000000000000000000000000000000000                        
  25                         0666666000000066666666666000066666666660                        
  26                         0666666000666000000006666000066666666660                        
  27                         0666600006666000000006666000006666666660                        
  28                         0666666666666006000000666000066666666660                        
  29                         0666666666666666660000006660666666666660                        
  30                         0000666666666666666666666660666666666660                        
  31                         0000066666666666666666666666666666666660                        
  32 aaaaaaaaaaaa            000000000666666000000000000006666666666000000000                
  33 aaabbbbbbaaa            000000006666666660000006600066666660666066666600                
  34 aaabbbbbbaaa            000000006666666660000006666666666660000000000000                
  35 aaabbbbbbaaa            000000006666666660000006666666666666000000000000                
  36 aaabbbbbbaaa            000000006666666660000006666666666666600000000000                
  37 bbbbbbbbbbbb            000000066666666666000066606666666666666600000000                
  38 bbbbbbbbbbbb            000000066666666666000066606666666666666600666000                
  39 bbbbbbbbbbbb            000000666666666666000066666666666666666666666600                
  40 bbbbbbbbbbbb            000000066666666666000066666666666666666666666660                
  41 bbbbbbbbbbbb            000000066666666666000066666666666666666066666660                
  42 aaaaaaaaaaaa            006666066666666660000066666666666666666666666660                
  43 088888888888            066666666666666600000666666666666066606666600060                
  44 088888888888            066666666666666600000666666666666666666666666660                
  45 088888888888            066666666666666600000666666666666666666666666660                
  46 088888888888            066666666666666600000666666666666666000666666660                
  47 088888888888            066666666666600000000666666666666600000006666660                
  48 088888888888000000000000000000000666666666666666666666600000000006666660                
  49 088888888888000000000000000000000066666666666666666600000000000006666660                
  50 000000000000000000000000000000000066666600666666660000000000000006666660                
  51 000000000000000000000000000000000066660000666666600000000000000006666660                
  52 000000000000000000000000000000000066666600666666000000000000000006666660                
  53 000000000000000000000000000000000066666600666600000000000000000006666660                
  54 000000000000000000000000000000000666666000666000000000000000000006666660                
  55 000000000000000000000000000000006666660000000000000000000000000006666660                
  56 000000000000000000000000000000066666066600000000000000000000000000666660                
  57 000000000000000000000000000006666666666660000600000000000000000000066660                
  58 000000000000000000000000000000666666666600000000000000000000000000666660                
  59 000000000000000000000000000000666666666000000000000000000000666000660000                
  60                         000006666666606600000000000000000000000000060000                
  61                         000006666666666660066000000000000600000000000000                
  62                         000006666666666060066000000000000000000000000000                
  63                         000006600000000000000000000000000006600000000000                
  64                         0000666666666600                000000000000000000000077aaaaa777
  65                         0606666666600000                000008888888888888888877aaaaa777
  66                         0666666600000060                000008888888888888888877aaaaa777
  67                         0666060666660060                000008888888888888888877aaaaa777
  68                         0666666660000060                000008888888888888888877aaaaa777
  69                         0666666000000060                0000088888888888888888777bbbbbb7
  70                         0600000000000000                0000088888888888888888777bbbbbb7
  71                         0666666600000000                0000088888888888888888777bbbbbb7
  72                         0666660000000000                0000088888888888888888777bbbbbb7
  73                         0660000000000000                0000088888888888888888777bbbbbb7
  74                         0666666600000660                0000088888888888888888777bbbbbb7
  75                         0600660000066660                000008888888888888888877aaaaa777
  76                         0000006000666660                000008888888888888888877aaaaa777
  77                         0000066606666660                000008888888888888888877aaaaa777
  78                         0000006066666660                000008888888888888888877aaaaa777
  79                         0000000666666660                000008888888888888888877aaaaa777
  80                         066666666666600000000000000000000666666660000660                
  81                         066666666666600666000000006666666666666660060660                
  82                         066666666666660000660000006666666666666660066660                
  83                         066666666666666000666600006666666666666666066660                
  84                         066666666666666000666000006666666666666666066600                
  85                         066666666666666006660000000066666666666666666000                
  86                         000006666666666000060000000000000000666666666000                
  87                         000000066666666600066000000000000000066666660000                
  88                         000006666666666000000000000000000000006666600000                
  89                         000006666666666000000000000000000000000006000000                
  90                         000066666666666000060000000000000000060006000000                
  91                         000666666666666600066000000000006660060006600000                
  92                         006666666666666600060000006666606600000006666600                
  93                         066666666666666660000000066666606600000006666660                
  94                         066666666666666660000000066666666600000006666660                
  95                         000000000666666660000000000000000000000000600000                
  96                                 000000000000            000000000000                    
  97                                 000000000000            000000000000                    
  98                                 000000000000            000000000000                    
  99                                 000000000000            000000000000                    
 100                                 000000000000            000000000000                    
 101                                 000000000000            000000000000                    
 102                                 000000000000            000000000000                    
 103                                 000000000000            000000000000                    
 104                                 000000000000            000000000000                    
 105                                 000000000000            000000000000                    
 106                                 000000000000            000000000000                    
 107                                 000000000000            000000000000                    
 108                                 066666600000000000000000000000000000                    
 109                                 066666600000000000000000000000000000                    
 110                                 066666000000000000000000000000000060                    
 111                                 066666000000088888888888000000000060                    
 112                                 066666000000088888888888000000000060                    
 113                                 066600000000088888888888000000000660                    
 114                                 066600000000088888888888000000000000                    
 115                                 066660000000088888888888000000000000                    
 116                                 066660000066688888888888000000000000                    
 117                                 066660000666688888888888000000000000                    
 118                                 0666600066bbbbbbbbbbbbbbbba000000000                    
 119                                 0000000000bbbbbbbbbbbbbbbba000000000                    
 120                                             bbbbbbbbbbbb                                
 121                                             bbbbbbbbbbbb                                
 122                                             bbbbbbbbbbbb                                
 123                                             aaabbbbbbaaa                                
 124                                             aaabbbbbbaaa                                
 125                                             aaabbbbbbaaa                                
 126                                             aaabbbbbbaaa                                
 127                                             aaaaaaaaaaaa                                
placed 12, declined 0
