CLAIMS  1 char = 1 block  x -61..60 across, z -95..94 down
KEY  0 free  1 water  2 paving  3 structure  4 tree  5 boulder  6 flora  7 spawn keep-out  8 door approach  9 goal clearance  a wool-room keep-out  b structure keep-out  space void
     -6        -5        -4        -3        -2        -1         0         1         2         3         4         5         6
     10987654321098765432109876543210987654321098765432109876543210123456789012345678901234567890123456789012345678901234567890
 -95                                           0000000000000000000000000000                                                    
 -94                                           0000000000000000000000000000                                                    
 -93                                           0000000000000000000000000000                                                    
 -92                                           0000000777777777777777000000                                                    
 -91                                          00000000777777777777777000000                                                    
 -90                                          00000000777777777777777000000                                                    
 -89                                          00000000777777777777777000000                                                    
 -88                                          00000000777777777777777000000                                                    
 -87                                          00000000777777777777777000000                                                    
 -86                                          00000000777777777777777000000                                                    
 -85                                          000000007777bbbbbb77777000000                                                    
 -84                                          000000007777bbbbbb77777000000                                                    
 -83                                          0000000077aabbbbbbaa777000000                                                    
 -82                                          0000000077aabbbbbbaa777000000                                                    
 -81                                          0000000077aabbbbbbaa777000000                                                    
 -80                                          0000000077aabbbbbbaa777000000                                                    
 -79                                          0000000077aaaaaaaaaa777000000                                                    
 -78                                          00000000777777777777777000000                                                    
 -77                                          00000000777777777777777000000                                                    
 -76                                          0000000077777777777777700000                                                     
 -75                                           000000077777777777777700000                                                     
 -74                                           000000077777722277777700000                                                     
 -73                                            00000077777222222777700000                                                     
 -72                                            00000000088222222220000000                                                     
 -71                                             0000000088822222222200000                                                     
 -70                                            bbb00000088888222222222200000000                                               
 -69                                            bbbbbbbbbb88888822222222bbbbbbbbbbbbb0                                         
 -68                                              0bbbbbbbbbbbbbbbbbbbbbbbbbbbbbbbbbbb44444                                    
 -67                                              00000008bbbbbbbbbbbbbb2222222000000b44444444                                 
 -66                                               00000088888888800000222222222200004444444444                                
 -65                                     00000000000000008888888880000000022222222200444444444400                              
 -64                                     00000000000000008888888880000000000222222222044444444000                              
 -63           000000                    000000000000000088888888800000000000002222222444444400000    00000000000              
 -62        000000000000                 00000bbbbbbbbbb0888888888000000000000002bbbbbbb444000000000000000000000000000         
 -61      0000000000000000              000000bbbbbbbbbb0888888888000000000000000bbbbbbbbbb00000000000000000000000000000       
 -60   0000000000000000000000           000000bbbbbbbbbb0888888888000000000000000bbbbbbbbbb00000000000000000000000000000       
 -59  000000000000000000000000          000000bbbbbbbbbb0888888888000000000000000bbbbbbbbbb00000000000000000000000000000       
 -58  000000000000000000000000          00000000000000000000000000000000000000000000002222000000000000000000000000000000       
 -57  000aaaaaaaaabbbbba000000          00000000000000000bbbb000000000000000bbbbb00000022220000000000000bbbbbaaaaaaaaaa00      
 -56  000aaaaaaaaabbbbba000000          00000000000000000bbbbbbbbbbbbbbbbbbbbbbbb00000022222000000000000bbbbbaaaaaaaaaa00      
 -55  000aaaaaaaaabbbbba000000          00000000000          bbbbbbbbbbbbbbb          002222000000000000bbbbbaaaaaaaaaa00      
 -54 0000aaaaaaaaabbbbba888888          00000000000          000000000000000          002222200008888888bbbbbaaaaaaaaaa00      
 -53 0000aaaabbbbbbbbbba8888888         00000000000          000000000000000          000222222208888888bbbbbbbbbbaaaaa00      
 -52 0000aaaabbbbbbbbbba8888888         00000000000          000000000440000          000022222222222222bbbbbbbbbbaaaaa00      
 -51 0000aaaabbbbbbbbbba8888888         00000000000          000000004444440          000002222222222222bbbbbbbbbbaaaaa00      
 -50 0000aaaabbbbbbbbbba8888888         0000000000000000000000000000044444400000000000000000222222222222bbbbbbbbbbaaaaa00      
 -49 0000aaaabbbbbbbbbba8888888         0000000000000000000000000000444444440000000000000000000022222222bbbbbbbbbbaaaaa00      
 -48  000aaaabbbbbbbbbba888888           000000000000000000000000000444444440000000000000000000008888888bbbbbbbbbbaaaaa00      
 -47     aaaaaaaaabbbbba88888            000000000000000000000000000444404444000000000000000000008888888bbbbbaaaaaaaaaa00      
 -46        aaaaaabbbbba8888             000000000000000000000000000044444444000000000000000000008888888bbbbbaaaaaaaaaa00      
 -45          aaaabbbbba000              000000000000000000000000000000444440000000000000000000000000000bbbbbaaaaaaaaaa00      
 -44           aaabbbbba0                0000000000000000000000000000000004000000000000000000000 0000000bbbbbaaaaaaaaaa0       
 -43             aaaaaaa                 00000000000000000000000000000000000000000000000000000000 000000aaaaaaaaaaaaaaa0       
 -42               0000                  00000000000000000000000000000000000000000000000000000000  000000000000000000000       
 -41                00                   00000000000000000000000000000000000000000000000000000000   00000000000000000000       
 -40                                     00000000444000000000000000000000000000000000000000000000    000000000000000           
 -39                                     000000044444000000000000044400000000000000000000000000000                             
 -38                                     000000044444000000000000444440000000000000000000000000000                             
 -37                                    0000000444444440000000000444440000000000000000000000000000                             
 -36                                    00000004444444400000000444444440000000000000000000000000000                            
 -35                                    00000000444444440000000444444044000000000000000000000000000                            
 -34                                    0000000444444444000000444444444400000000000000000000000000                             
 -33                                    000000044444444400000004444444440000000000000000000000000                              
 -32                                    0000000044444440000000044444444000000000000000000000000                                
 -31                                    0000000044404400000000        000000000000000000000000                                 
 -30                                    0000000000444000000000        00000000000000440000000                                  
 -29                                    000000000000000000000          0000000004444444000000                                  
 -28                                    0000bbbbbbbbbbbbbbbbb          000000004444444440000                                   
 -27                                    0000bbbbbbbbbbbbbbbbb          000000004444444440000                                   
 -26                                     000bbbbbbbbbbbbbbbbb          000000044444444440000                                   
 -25                                     060bbbbbbbbbbbbbbbb           000000044444444440000                                   
 -24                                     060bbbbbbbbbbbbbbbb            0000000444444440000                                    
 -23                                     060bbbbbbbbbbbbbbbb            0000000444444400000                                    
 -22                                     060bbbbbbbbbbbbbbbb            0000000004440000000                                    
 -21                                     0000000000000000000            0000000000000000000                                    
 -20                                      00000000000000000              000000000000000000                                    
 -19                                      00000000000000000              00000000000000000                                     
 -18                                      00000000                               000000000                                     
 -17                                                                                                                           
 -16                                                                                                                           
 -15                                                                                                                           
 -14                                                                                                                           
 -13                                                                                                                           
 -12                                                                                                                           
 -11                                                                                                                           
 -10                                                                                                                           
  -9                                                                                                                           
  -8                                                                                                                           
  -7                                                                                                                           
  -6                                                                                                                           
  -5                                                                                                                           
  -4                                                                                                                           
  -3                                                                                                                           
  -2                                                                                                                           
  -1                                                                                                                           
   0                                                                                                                           
   1                                                                                                                           
   2                                                                                                                           
   3                                                                                                                           
   4                                                                                                                           
   5                                                                                                                           
   6                                                                                                                           
   7                                                                                                                           
   8                                                                                                                           
   9                                                                                                                           
  10                                                                                                                           
  11                                                                                                                           
  12                                                                                                                           
  13                                                                                                                           
  14                                                                                                                           
  15                                                                                                                           
  16                                                                                                                           
  17                                      00000000                               000000000                                     
  18                                      00000000000000000              00000000000000000                                     
  19                                     000000000000000000              00000000000000000                                     
  20                                     0000000000000000000            0000000000000000000                                    
  21                                     0000000444000000000            0000000000000000060                                    
  22                                     0000044444440000000            bbbbbbbbbbbbbbbbb60                                    
  23                                    00000444444440000000            bbbbbbbbbbbbbbbbb60                                    
  24                                    00004444444444000000           bbbbbbbbbbbbbbbbbb60                                    
  25                                    000044444444440000000          bbbbbbbbbbbbbbbbbb00                                    
  26                                    000044444444400000000          bbbbbbbbbbbbbbbbbb000                                   
  27                                    000044444444400000000          bbbbbbbbbbbbbbbbbb000                                   
  28                                   0000004444444000000000          bbbbbbbbbbbbbbbbbb000                                   
  29                                   00000004400000000000000        0000000004440000000000                                   
  30                                  000000000000000000000000        0000000044044400000000                                   
  31                                 0000000000000000000000004444444400000000444444400000000                                   
  32                               000000000000000000000000044444444400000004444444440000000                                   
  33                              0000000000000000000000000044444444440000004444444440000000                                   
  34                             00000000000000000000000000044044444400000004444444400000000                                   
  35                             00000000000000000000000000004444444400000000444444440000000                                   
  36                              0000000000000000000000000000444440000000000444444440000000                                   
  37                              000000000000000000000000000044444000000000000444440000000                                    
  38                              000000000000000000000000000004440000000000000444440000000                                    
  39            00000000000000    000000000000000000000000000000000000000000000044400000000                                    
  40        0000000000000000000    00000000000000000000000000000000000000000000000000000000                   00               
  41        00000000000000000000   00000000000000000000000000000000000000000000000000000000                  0000              
  42        000000000000000000000  00000000000000000000000000000000000000000000000000000000                 0000000            
  43        00aaaaaaaaabbbbba00000  0000000000000000000004000000000000000000000000000000000                00bbbbbaaa          
  44       000aaaaaaaaabbbbba000000 0000000000000000000044444000000000000000000000000000000              0000bbbbbaaaa         
  45       000aaaaaaaaabbbbba00000000000000000000000000444444440000000000000000000000000000             00000bbbbbaaaaaa       
  46       000aaaaaaaaabbbbba88888880000000000000000000444404444000000000000000000000000000            888888bbbbbaaaaaaaaa    
  47       000aaaabbbbbbbbbba88888880000000000000000000044444444000000000000000000000000000           8888888bbbbbbbbbbaaaaa00 
  48       000aaaabbbbbbbbbb2222222200000000000000000000444444440000000000000000000000000000         08888888bbbbbbbbbbaaaaa000
  49       000aaaabbbbbbbbbb2222222222220000000000000000044444400000000000000000000000000000         08888888bbbbbbbbbbaaaaa000
  50       000aaaabbbbbbbbbb222222222222200000          044444400000000          00000000000         08888888bbbbbbbbbbaaaaa000
  51       000aaaabbbbbbbbbb222222222222220000          000044000000000          00000000000         08888888bbbbbbbbbbaaaaa000
  52       000aaaabbbbbbbbbba88888882222222000          000000000000000          00000000000         08888888bbbbbbbbbbaaaaa000
  53       000aaaaaaaaabbbbba88888880002222200          000000000000000          00000000000         08888888bbbbbaaaaaaaaaa00 
  54       000aaaaaaaaabbbbba88888880000222200          bbbbbbbbbbbbbbb          00000000000          8888888bbbbbaaaaaaaaaa00 
  55       000aaaaaaaaabbbbba0000000000022222000000bbbbbbbbbbbbbbbbbbbbbbbb00000000000000000          0000000bbbbbaaaaaaaaaa00 
  56       000aaaaaaaaabbbbba0000000000002222000000bbbbb000000000000000bbbb00000000000000000          0000000bbbbbaaaaaaaaaa00 
  57        00aaaaaaaaaaaaaaa000000000000022220000000000000000000000000000000000000000000000          0000000aaaaaaaaaaaaaaa00 
  58        00000000000000000000000000000bbbbbbbbbb0000000000000000000000000bbbbbbbbbb000000          000000000000000000000000 
  59        00000000000000000000000000000bbbbbbbbbb0000000000000000888888888bbbbbbbbbb000000           0000000000000000000000  
  60        00000000000000000000000000000bbbbbbbbbb0000000000000000888888888bbbbbbbbbb000000              0000000000000000     
  61          000000000000000000000000000444bbbbbbb2000000000000000888888888bbbbbbbbbb00000                 000000000000       
  62               00000000000    000004444444222222200000000000000888888888000000000000000                    000000          
  63                               00044444444022222222200000000000888888888000000000000000                                    
  64                               00444444444400222222222000000000888888888000000000000000                                    
  65                                 44444444440000222222222200000088888888800000                                              
  66                                  44444444b0000002222222bbbbbbbbbbbbbb88000000                                             
  67                                     44444bbbbbbbbbbbbbbbbbbbbbbbbbbbbbbbbbbb0                                             
  68                                          0bbbbbbbbbbbbb22222222888888bbbbbbbbbb                                           
  69                                                00000000222222222288888800000bbb                                           
  70                                                      0000022222222288880000000                                            
  71                                                      00000002222222288800000000                                           
  72                                                      00000000022222288800000000                                           
  73                                                      000000777772227777777000000                                          
  74                                                      000000777777777777777000000                                          
  75                                                      0000007777777777777770000000                                         
  76                                                     00000007777777777777770000000                                         
  77                                                     00000007777777777777770000000                                         
  78                                                     000000077aaaaaaaaaa7770000000                                         
  79                                                     000000077aabbbbbbaa7770000000                                         
  80                                                     000000077aabbbbbbaa7770000000                                         
  81                                                     000000077aabbbbbbaa7770000000                                         
  82                                                     000000077aabbbbbbaa7770000000                                         
  83                                                     00000007777bbbbbb777770000000                                         
  84                                                     00000007777bbbbbb777770000000                                         
  85                                                     00000007777777777777770000000                                         
  86                                                     00000007777777777777770000000                                         
  87                                                     00000007777777777777770000000                                         
  88                                                     00000007777777777777770000000                                         
  89                                                     00000007777777777777770000000                                         
  90                                                     00000007777777777777770000000                                         
  91                                                     0000000777777777777777000000                                          
  92                                                     0000000777777777777777000000                                          
  93                                                     0000000000000000000000000000                                          
  94                                                     0000000000000000000000000000                                          
placed 16, declined 0
