CLAIMS  1 char = 1 block  x -28..27 across, z -116..115 down
KEY  0 free  1 water  2 paving  3 structure  4 tree  5 boulder  6 flora  7 spawn keep-out  8 door approach  9 goal clearance  a wool-room keep-out  b structure keep-out  space void
            -2        -1         0         1         2       
     87654321098765432109876543210123456789012345678901234567
-116         0000000000777777777777777777777777700000        
-115         0000000000777777777777777777777777700000        
-114         0000000000777777777777777777777777700000        
-113         0000000000777777777777777777777777700000        
-112         0000000000777777777777777777777777700000        
-111         0000000000777777777777777777777777700000        
-110         0000000000777777777777777777777777700000        
-109         0000000000777777777777777777777777700000        
-108         0000000000777777777bbbbbb777777777700000        
-107         0000000000777777777bbbbbb777777777700000        
-106         0000000000777777777bbbbbb777777777700000        
-105         0000000000777777777bbbbbb777777777700000        
-104         0000000000777777777bbbbbb777777777700000        
-103         0000000000777777777bbbbbb777777777700000        
-102         0000000000777777777777777777777777700000        
-101         0000000000777777777777777777777777700000        
-100         0000000000777777777777777777777777700000        
 -99         0000000000777777777777777777777777700000        
 -98         0000000000777777777772277777777777700000        
 -97         0000000000777777777722227777777777700000        
 -96         0000000000777777777722227777777777700000        
 -95         0000000000777777777222227777777777700000        
 -94         0000000000777777777222277777777777700000        
 -93         0000000000777777772222277777777777700000        
 -92     000000000000007777777722227777777777777000000000    
 -91     000000000000007777777222227777777777777000000000    
 -90     000000000000007777777222277777777777777000000000    
 -89     000000000000000000002222288888888000000000000000    
 -88     000000000000000000022222888888888000000000000000    
 -87     000000000000000000022228888888888000000000000000    
 -86     000000000000000000222228888888888000000000bb0000    
 -85     000000000000000000222288888888888000000000bb0000    
 -84     000000000000000002222288888888888000000000bb0000    
 -83     40400000000000002222288888888888800000000bb00000    
 -82     44444000044000002222888888888888800000000bb00000    
 -81     04444000044400022222888888888888800000000bb00000    
 -80     44444404444000022220888888888888800000000bb00000    
 -79     04444444444440222220888888888888800000000bb00000    
 -78     44444404444440222200000000000000000000000bb00000    
 -77     44444444444402222200000000000000000000000bb00000    
 -76     44444444440002222000033333333333300000000bb00000    
 -75     4004444444402222200003333333333330000004404b00000   
 -74     444444444440222200000333333333333b00004444444000044 
 -73     444444444999222299999333333333333b000000044440000444
 -72     049444499992222299999333333333333b000000444444044440
 -71     494449444992222999999333333333333b00000004444444444 
 -70     449944449992222999999333333333333b00000044444404444 
 -69     09994444999222299999933333333333300000444444444444  
 -68     09999949992222299999933333333333300004444444444444  
 -67     0999999999222299999999000000000000000444400444444   
 -66     0999999999222299999999000000000000004444444444444   
 -65     099999999922229999999900000000000000044444444444    
 -64     099999999922229999999900000000000000044004044440    
 -63     099999999992299999999900000000000000000044444044    
 -62     099999999999999999999900000000000000000044444444    
 -61     099999999999999999999900000000000000000000044444    
 -60     099999999999922999999900000000000000000000444444    
 -59     099999999999222229999900000000000004444400044444    
 -58     099999922999222222999900000000000444444440444444    
 -57     099999222299922222229900000000000444444444444444    
 -56     09999922229999222222290000000b044444444444444444    
 -55     0999922229999999222222000000bbb44444444444400444    
 -54     099992222999999992222220000bbbb44444444444444444    
 -53     09992222299999999992222200bbbbb44444444444444444    
 -52     00002222000000000000222220bbbbb44444444444440444    
 -51     0002222200000000000002222bbbbbb44440444444404440    
 -50     000222200000000000000222bbbbbbbb4004444444440044    
 -49     00022220044444000000002bbbbbbbbb0044040440000044    
 -48     00222204444444400000000bbbbbbbb00000404440000000    
 -47     0022220444444444000000bbbbbbbbb00000444000000000    
 -46     002222444444444400000bbbbbbbbb000000000000000000    
 -45     00222244444444440000bbbbbbbbb0000000000004000000    
 -44     00222244444444444000bbbbbbbb00000000004444400000    
 -43     0022224444444440400bbbbbbbbb00000000044444440000    
 -42     002222444444444440bbbbbbbbb200000444444444440000    
 -41     00222244444444444bbbbbbbbb2200000444444444440000    
 -40     0022224444444444bbbbbbbbb22200000444444444444000    
 -39   000022220444044440bbbbbbbb222244400444444444404000    
 -38   00002222004444444bbbbbbbbb222444004444444444444000    
 -37  00000222200044440bbbbbbbbb2222444444444444444444000    
 -36  0000022220000000bbbbbbbbb22222444444444444444440000    
 -35 00000022220000000bbbbbbbb022224444444444440444400000    
 -34 0000002222000000bbbbbbbbb022224444444444444444400000    
 -33  00000222200000bbbbbbbbb0222224444444444444440000000    
 -32   000022220000bbbbbbbbb02222204444444444000000000000    
 -31    00002222000bbbbbbbb002222200444044440000000000000    
 -30     0002222000bbbbbbbb022222000044444440000000000000    
 -29     00022220000bbbbbb0022220000004444000000000000000    
 -28     0002222055500bbb00222220000000555000000000000000    
 -27     00022225555500b002222200000005555000000444440000    
 -26     000022225550000002222000000000555000044444444000    
 -25     000022220000000022222000000000000000044444444400    
 -24     000022220000000022220000000000000004444444555400    
 -23     000002200000000002200000000000000004444444555500    
 -22     000000000000000000000000000000000004444444555440    
 -21     000000000000000000000000000000000004444444444040    
 -20     000000000000000000000000000000000004444444444440    
 -19     000000000000000000000000000000000004444444444440    
 -18     000000000000000000000000000000000000444444444400    
 -17     000000000000000000000000000000000000044404444000    
 -16                                       0000444444        
 -15                                       0000              
 -14                                                         
 -13                                                         
 -12                                                         
 -11                                                         
 -10                                                         
  -9                                                         
  -8                                                         
  -7                                                         
  -6                                                         
  -5                                                         
  -4                                                         
  -3                                                         
  -2                                                         
  -1                                                         
   0                                                         
   1                                                         
   2                                                         
   3                                                         
   4                                                         
   5                                                         
   6                                                         
   7                                                         
   8                                                         
   9                                                         
  10                                                         
  11                                                         
  12                                                         
  13                                                         
  14               0000                                      
  15         4444440000                                      
  16     000444404440000000000000000000000000000000000000    
  17     004444444444000000000000000000000000000000000000    
  18     044444444444400000000000000000000000000000000000    
  19     044444444444400000000000000000000000000000000000    
  20     040444444444400000000000000000000000000000000000    
  21     044555444444400000000000000000000000000000000000    
  22     005555444444400000000000000002200000000002200000    
  23     004555444444400000000000000022220000000022220000    
  24     004444444440000000000000000222220000000022220000    
  25     000444444440000555000000000222200000055522220000    
  26     000044444000000555500000002222200b00555552222000    
  27     00000000000000055500000002222200bbb0055502222000    
  28     0000000000000004444000000222200bbbbbb00002222000    
  29     000000000000044444440000222220bbbbbbbb0002222000    
  30     000000000000044440444002222200bbbbbbbb00022220000   
  31     00000000000044444444440222220bbbbbbbbb000022220000  
  32     0000000444444444444444222220bbbbbbbbb00000222200000 
  33     000004444444444444444422220bbbbbbbbb0000002222000000
  34     000004444044444444444422220bbbbbbbb00000002222000000
  35     00004444444444444444422222bbbbbbbbb0000000222200000 
  36     0004444444444444444442222bbbbbbbbb04444000222200000 
  37     000444444444444400444222bbbbbbbbb44444440022220000  
  38     000404444444444004442222bbbbbbbb044440444022220000  
  39     00044444444444400000222bbbbbbbbb4444444444222200    
  40     0000444444444440000022bbbbbbbbb44444444444222200    
  41     000044444444444000002bbbbbbbbb044444444444222200    
  42     00004444444000000000bbbbbbbbb0040444444444222200    
  43     00000444440000000000bbbbbbbb00044444444444222200    
  44     0000004000000000000bbbbbbbbb00004444444444222200    
  45     000000000000000000bbbbbbbbb000004444444444222200    
  46     00000000044400000bbbbbbbbb0000004444444440222200    
  47     00000004440400000bbbbbbbb00000000444444440222200    
  48     4400000440404400bbbbbbbbb20000000044444002222000    
  49     4400444444444004bbbbbbbb222000000000000002222000    
  50     04440444444404444bbbbbb2222000000000000022222000    
  51     44404444444444444bbbbb02222200000000000022220000    
  52     44444444444444444bbbbb00222229999999999222229990    
  53     44444444444444444bbbb000022222299999999222299990    
  54     44400444444444444bbb0000002222229999999222299990    
  55     444444444444444440b00000009222222299992222999990    
  56     444444444444444000000000009922222229992222999990    
  57     444444044444444000000000009999222222999229999990    
  58     444440004444400000000000009999922222999999999990    
  59     444444000000000000000000009999999229999999999990    
  60     444440000000000000000000009999999999999999999990    
  61     444444440000000000000000009999999999999999999990    
  62     440444440000000000000000009999999992299999999990    
  63     044440400440000000000000009999999922229999999990    
  64     444444444440000000000000009999999922229999999990    
  65    4444444444444000000000000009999999922229999999990    
  66    4444440044440000000000000009999999922229999999990    
  67   44444444444440000333333333333999999222229994999990    
  68   4444444444440000b333333333333999999222299944449990    
  69  44440444444000000b333333333333999999222299944449944    
  70  44444444440000000b333333333333999999222299444944494    
  71 044440444444000000b333333333333999992222299994444940    
  72 444000044440000000b333333333333999992222999444444444    
  73  44000044444440000b333333333333000002222044444444444    
  74    00000b4044000000333333333333000022222044444444004    
  75     00000bb00000000333333333333000022220004444444444    
  76     00000bb00000000000000000000000222220444444444444    
  77     00000bb00000000000000000000000222204444440444444    
  78     00000bb00000000000000000000002222204444444444440    
  79     00000bb00000000088888888888882222000044440444444    
  80     00000bb00000000088888888888822222000444000044440    
  81     00000bb00000000088888888888822220000044000044444    
  82     00000bb00000000088888888888222220000000000000404    
  83     0000bb000000000088888888882222200000000000000000    
  84     0000bb000000000088888888882222000000000000000000    
  85     0000bb000000000088888888822222000000000000000000    
  86     000000000000000088888888822220000000000000000000    
  87     000000000000000088888888222220000000000000000000    
  88     000000000000000088888882222280000000000000000000    
  89     000000000000000088888882222880000000000000000000    
  90     000000000077777777777722222777777770000000000000    
  91     000000000077777777777722227777777770000000000000    
  92         0000007777777777722222777777777000000000        
  93         0000007777777777722227777777777000000000        
  94         0000007777777777222227777777777000000000        
  95         0000007777777777222277777777777000000000        
  96         0000007777777777222277777777777000000000        
  97         0000007777777777722777777777777000000000        
  98         0000007777777777777777777777777000000000        
  99         0000007777777777777777777777777000000000        
 100         0000007777777777777777777777777000000000        
 101         0000007777777777777777777777777000000000        
 102         000000777777777bbbbbb7777777777000000000        
 103         000000777777777bbbbbb7777777777000000000        
 104         000000777777777bbbbbb7777777777000000000        
 105         000000777777777bbbbbb7777777777000000000        
 106         000000777777777bbbbbb7777777777000000000        
 107         000000777777777bbbbbb7777777777000000000        
 108         0000007777777777777777777777777000000000        
 109         0000007777777777777777777777777000000000        
 110         0000007777777777777777777777777000000000        
 111         0000007777777777777777777777777000000000        
 112         0000007777777777777777777777777000000000        
 113         0000007777777777777777777777777000000000        
 114         0000007777777777777777777777777000000000        
 115         0000007777777777777777777777777000000000        
placed 30, declined 0
