## tree
SEATS  tree, footprint 1x1, 3 blocks off a route  1 char = 1 block  x -28..27 across, z -116..115 down
KEY  1 the footprint seats with its minimum corner here  0 refused  space void
            -2        -1         0         1         2       
     87654321098765432109876543210123456789012345678901234567
-116         1111111111000000000000000000000000011111        
-115         1111111111000000000000000000000000011111        
-114         1111111111000000000000000000000000011111        
-113         1111111111000000000000000000000000011111        
-112         1111111111000000000000000000000000011111        
-111         1111111111000000000000000000000000011111        
-110         1111111111000000000000000000000000011111        
-109         1111111111000000000000000000000000011111        
-108         1111111111000000000000000000000000011111        
-107         1111111111000000000000000000000000011111        
-106         1111111111000000000000000000000000011111        
-105         1111111111000000000000000000000000011111        
-104         1111111111000000000000000000000000011111        
-103         1111111111000000000000000000000000011111        
-102         1111111111000000000000000000000000011111        
-101         1111111111000000000000000000000000011111        
-100         1111111111000000000000000000000000011111        
 -99         1111111111000000000000000000000000011111        
 -98         1111111111000000000000000000000000011111        
 -97         1111111111000000000000000000000000011111        
 -96         1111111111000000000000000000000000011111        
 -95         1111111111000000000000000000000000011111        
 -94         1111111111000000000000000000000000011111        
 -93         1111111111000000000000000000000000011111        
 -92     111111111111110000000000000000000000000111111111    
 -91     111111111111110000000000000000000000000111111111    
 -90     111111111111110000000000000000000000000111111111    
 -89     111111111111111110000000000000000111111111111111    
 -88     111111111111111100000000000000000111111111111111    
 -87     111111111111111100000000000000000111111111111111    
 -86     111111111111111000000000000000000111111111001111    
 -85     111111111111110000000000000000000111111111001111    
 -84     111111111111110000000000000000000111111111001111    
 -83     010111111111100000000000000000000111111110011111    
 -82     000001111001100000000000000000000111111110011111    
 -81     100001111000000000000000000000000111111110011111    
 -80     000000100001000000000000000000000111111110011111    
 -79     100000000000000000000000000000000111111110011111    
 -78     000000100000000000000111111111111111111110011111    
 -77     000000000000000000000111111111111111111110011111    
 -76     000000000000000000001000000000000111111110011111    
 -75     0110000000000000000010000000000001111110010011111   
 -74     000000000000000000011000000000000011110000000111100 
 -73     0000000000000000000000000000000000111111100001111000
 -72     1000000000000000000000000000000000111111000000100001
 -71     000000000000000000000000000000000011111110000000000 
 -70     000000000000000000000000000000000011111100000010000 
 -69     10000000000000000000000000000000011111000000000000  
 -68     10000000000000000000000000000000011110000000000000  
 -67     1000000000000000000000111111111111111000011000000   
 -66     1000000000000000000000111111111111110000000000000   
 -65     100000000000000000000011111111111111100000000000    
 -64     100000000000000000000011111111111111100110100001    
 -63     100000000000000000000011111111111111111100000100    
 -62     100000000000000000000011111111111111111100000000    
 -61     100000000000000000000011111111111111111111100000    
 -60     100000000000000000000011111111111111111111000000    
 -59     100000000000000000000011111111111110000011100000    
 -58     100000000000000000000001111111111000000001000000    
 -57     100000000000000000000000111111111000000000000000    
 -56     100000000000000000000000011110100000000000000000    
 -55     100000000000000000000000001100000000000000011000    
 -54     100000000000000000000000000000000000000000000000    
 -53     100000000000000000000000000000000000000000000000    
 -52     100000000001111000000000000000000000000000001000    
 -51     100000000001111110000000000000000001000000010001    
 -50     000000000011111111000000000000000110000000001100    
 -49     000000000000001111100000000000001100101001111100    
 -48     000000000000000111100000000000011111010001111111    
 -47     000000000000000011110000000000011111000111111111    
 -46     000000000000000011111000000000111111111111111111    
 -45     000000000000000011110000000001111111111110111111    
 -44     000000000000000001110000000000111111110000011111    
 -43     000000000000000101100000000000111111100000001111    
 -42     000000000000000001000000000000111000000000001111    
 -41     000000000000000000000000000000111000000000001111    
 -40     000000000000000000000000000000111000000000000111    
 -39   11000000000010000100000000000000011000000000010111    
 -38   11000000000000000000000000000000110000000000000111    
 -37  111000000001000010000000000000000000000000000000111    
 -36  111000000001111100000000000000000000000000000001111    
 -35 1111000000001111100000000000000000000000001000011111    
 -34 1111000000001111000000000000000000000000000000011111    
 -33  111000000000110000000000000000000000000000001111111    
 -32   11000000000100000000000000000000000000111111111111    
 -31    1000000000100000000000000000000100001111111111111    
 -30     000000000100000000000000000100000001111111111111    
 -29     100000000110000000000000000110000111111111111111    
 -28     100000000001100000000000001111000111111111111111    
 -27     100000000000110000000000011110000111111000001111    
 -26     100000000001110000000000011111000111100000000111    
 -25     100000000011110000000000111111111111100000000011    
 -24     110000000011110000000001111111111110000000000011    
 -23     110000000011110000000001111111111110000000000011    
 -22     110000000011110000000011111111111110000000000001    
 -21     111000000111111000000111111111111110000000000101    
 -20     111111111111111111111111111111111110000000000001    
 -19     111111111111111111111111111111111110000000000001    
 -18     111111111111111111111111111111111111000000000011    
 -17     111111111111111111111111111111111111100010000111    
 -16                                       1111000000        
 -15                                       1111              
 -14                                                         
 -13                                                         
 -12                                                         
 -11                                                         
 -10                                                         
  -9                                                         
  -8                                                         
  -7                                                         
  -6                                                         
  -5                                                         
  -4                                                         
  -3                                                         
  -2                                                         
  -1                                                         
   0                                                         
   1                                                         
   2                                                         
   3                                                         
   4                                                         
   5                                                         
   6                                                         
   7                                                         
   8                                                         
   9                                                         
  10                                                         
  11                                                         
  12                                                         
  13                                                         
  14               1111                                      
  15         0000001111                                      
  16     111000010001111111111111111111111111111111111111    
  17     110000000000111111111111111111111111111111111111    
  18     100000000000011111111111111111111111111111111111    
  19     100000000000011111111111111111111111111111111111    
  20     101000000000011111111111111000000111111000000111    
  21     100000000000011111111111110000000011110000000011    
  22     110000000000011111111111100000000011110000000011    
  23     110000000000011111111111100000000011110000000011    
  24     110000000001111111111111000000000011110000000001    
  25     111000000001111000111110000000000011100000000001    
  26     111100000111111000011110000000000011000000000001    
  27     111111111111111000111100000000000001100000000001    
  28     111111111111111000011000000000000000011000000001    
  29     111111111111100000001000000000000000001000000000    
  30     1111111111111000010000000000000000000010000000001   
  31     11111111111100000000000000000000000000100000000011  
  32     111111100000000000000000000000000000011000000000111 
  33     1111100000000000000000000000000000001111000000001111
  34     1111100001000000000000000000000000011111000000001111
  35     111100000000000000000000000000000001111100000000111 
  36     111000000000000000000000000000000010000100000000111 
  37     11100000000000001100000000000000000000000000000011  
  38     11101000000000011000000000000000100001000000000011  
  39     111000000000000111000000000000000000000000000000    
  40     111100000000000111000000000000000000000000000000    
  41     111100000000000111000000000000100000000000000000    
  42     111100000001111111000000000001101000000000000000    
  43     111110000011111111000000000011100000000000000000    
  44     111111011111111111100000000011110000000000000000    
  45     111111111111111111000000000111110000000000000000    
  46     111111111000111110000000000011110000000000000000    
  47     111111100010111110000000000001111000000000000000    
  48     001111100101001100000000000001111100000000000000    
  49     001100000000011000000000000000111111110000000000    
  50     100010000000100000000000000000011111100000000001    
  51     000100000000000000000000000000000111100000000001    
  52     000000000000000000000000000000000000000000000001    
  53     000000000000000000000000000000000000000000000001    
  54     000110000000000000001100000000000000000000000001    
  55     000000000000000001011110000000000000000000000001    
  56     000000000000000111111111000000000000000000000001    
  57     000000100000000111111111100000000000000000000001    
  58     000001110000011111111111110000000000000000000001    
  59     000000111111111111111111110000000000000000000001    
  60     000001111111111111111111110000000000000000000001    
  61     000000001111111111111111110000000000000000000001    
  62     001000001111111111111111110000000000000000000001    
  63     100001011001111111111111110000000000000000000001    
  64     000000000001111111111111110000000000000000000001    
  65    0000000000000111111111111110000000000000000000001    
  66    0000001100001111111111111110000000000000000000001    
  67   00000000000001111000000000000000000000000000000001    
  68   00000000000011110000000000000000000000000000000001    
  69  000010000001111110000000000000000000000000000000000    
  70  000000000011111110000000000000000000000000000000000    
  71 1000010000001111110000000000000000000000000000000001    
  72 0001111000011111110000000000000000000000000000000000    
  73  001111000000011110000000000000110000000000000000000    
  74    1111100100111111000000000000100000000000000000110    
  75     111110011111111000000000000100000000000000000000    
  76     111110011111111111111111111000000000000000000000    
  77     111110011111111111111111111000000000000001000000    
  78     111110011111111111111111110000000000000000000001    
  79     111110011111111100000000000000000000100001000000    
  80     111110011111111100000000000000000000000111100001    
  81     111110011111111100000000000000000001100111100000    
  82     111110011111111100000000000000000001111111111010    
  83     111100111111111100000000000000000011111111111111    
  84     111100111111111100000000000000000011111111111111    
  85     111100111111111100000000000000000111111111111111    
  86     111111111111111100000000000000001111111111111111    
  87     111111111111111100000000000000001111111111111111    
  88     111111111111111100000000000000011111111111111111    
  89     111111111111111100000000000000011111111111111111    
  90     111111111100000000000000000000000001111111111111    
  91     111111111100000000000000000000000001111111111111    
  92         1111110000000000000000000000000111111111        
  93         1111110000000000000000000000000111111111        
  94         1111110000000000000000000000000111111111        
  95         1111110000000000000000000000000111111111        
  96         1111110000000000000000000000000111111111        
  97         1111110000000000000000000000000111111111        
  98         1111110000000000000000000000000111111111        
  99         1111110000000000000000000000000111111111        
 100         1111110000000000000000000000000111111111        
 101         1111110000000000000000000000000111111111        
 102         1111110000000000000000000000000111111111        
 103         1111110000000000000000000000000111111111        
 104         1111110000000000000000000000000111111111        
 105         1111110000000000000000000000000111111111        
 106         1111110000000000000000000000000111111111        
 107         1111110000000000000000000000000111111111        
 108         1111110000000000000000000000000111111111        
 109         1111110000000000000000000000000111111111        
 110         1111110000000000000000000000000111111111        
 111         1111110000000000000000000000000111111111        
 112         1111110000000000000000000000000111111111        
 113         1111110000000000000000000000000111111111        
 114         1111110000000000000000000000000111111111        
 115         1111110000000000000000000000000111111111        
seats 3366; refused 2804 DR-CLAIM, 1978 DR-KEEP, 596 DR-ROAD, 596 OB19

## boulder
SEATS  boulder, footprint 1x1, 2 blocks off a route  1 char = 1 block  x -28..27 across, z -116..115 down
KEY  1 the footprint seats with its minimum corner here  0 refused  space void
            -2        -1         0         1         2       
     87654321098765432109876543210123456789012345678901234567
-116         1111111111000000000000000000000000011111        
-115         1111111111000000000000000000000000011111        
-114         1111111111000000000000000000000000011111        
-113         1111111111000000000000000000000000011111        
-112         1111111111000000000000000000000000011111        
-111         1111111111000000000000000000000000011111        
-110         1111111111000000000000000000000000011111        
-109         1111111111000000000000000000000000011111        
-108         1111111111000000000000000000000000011111        
-107         1111111111000000000000000000000000011111        
-106         1111111111000000000000000000000000011111        
-105         1111111111000000000000000000000000011111        
-104         1111111111000000000000000000000000011111        
-103         1111111111000000000000000000000000011111        
-102         1111111111000000000000000000000000011111        
-101         1111111111000000000000000000000000011111        
-100         1111111111000000000000000000000000011111        
 -99         1111111111000000000000000000000000011111        
 -98         1111111111000000000000000000000000011111        
 -97         1111111111000000000000000000000000011111        
 -96         1111111111000000000000000000000000011111        
 -95         1111111111000000000000000000000000011111        
 -94         1111111111000000000000000000000000011111        
 -93         1111111111000000000000000000000000011111        
 -92     111111111111110000000000000000000000000111111111    
 -91     111111111111110000000000000000000000000111111111    
 -90     111111111111110000000000000000000000000111111111    
 -89     111111111111111111000000000000000111111111111111    
 -88     111111111111111111000000000000000111111111111111    
 -87     111111111111111110000000000000000111111111111111    
 -86     111111111111111110000000000000000111111111001111    
 -85     111111111111111100000000000000000111111111001111    
 -84     111111111111111000000000000000000111111111001111    
 -83     111111111111111000000000000000000111111110011111    
 -82     111111111111110000000000000000000111111110011111    
 -81     111111111111110000000000000000000111111110011111    
 -80     111111111111100000000000000000000111111110011111    
 -79     111111111111100000000000000000000111111110011111    
 -78     111111111111000000001111111111111111111110011111    
 -77     111111111111000000011111111111111111111110011111    
 -76     111111111110000000011000000000000111111110011111    
 -75     1111111111100000001110000000000001111111111011111   
 -74     111111111110000000111000000000000011111111111111111 
 -73     1111111110000000000000000000000000111111111111111111
 -72     1101111000000000000000000000000000111111111111111111
 -71     101110111000000000000000000000000011111111111111111 
 -70     110011110000000000000000000000000011111111111111111 
 -69     10001111000000000000000000000000011111111111111111  
 -68     10000010000000000000000000000000011111111111111111  
 -67     1000000000000000000000111111111111111111111111111   
 -66     1000000000000000000000111111111111111111111111111   
 -65     100000000000000000000011111111111111111111111111    
 -64     100000000000000000000011111111111111111111111111    
 -63     100000000000000000000011111111111111111111111111    
 -62     100000000000000000000011111111111111111111111111    
 -61     100000000000000000000011111111111111111111111111    
 -60     100000000000000000000011111111111111111111111111    
 -59     100000000000000000000011111111111111111111111111    
 -58     100000000000000000000011111111111111111111111111    
 -57     100000000000000000000011111111111111111111111111    
 -56     100000000000000000000001111110111111111111111111    
 -55     100000000000000000000000111100011111111111111111    
 -54     100000000000000000000000011000011111111111111111    
 -53     100000000000000000000000000000011111111111111111    
 -52     110000000011111111000000000000011111111111111111    
 -51     110000000111111111100000000000011111111111111111    
 -50     110000000111111111110000000000001111111111111111    
 -49     100000001111111111110000000000001111111111111111    
 -48     100000001111111111111000000000011111111111111111    
 -47     100000011111111111111100000000011111111111111111    
 -46     100000011111111111111000000000111111111111111111    
 -45     100000011111111111110000000001111111111111111111    
 -44     100000011111111111110000000011111111111111111111    
 -43     100000011111111111100000000001111111111111111111    
 -42     100000011111111111000000000001111111111111111111    
 -41     100000011111111110000000000001111111111111111111    
 -40     100000011111111100000000000001111111111111111111    
 -39   11100000011111111100000000000001111111111111111111    
 -38   11100000011111111000000000000001111111111111111111    
 -37  111100000011111110000000000000011111111111111111111    
 -36  111100000011111100000000000000011111111111111111111    
 -35 1111100000011111100000000000000011111111111111111111    
 -34 1111100000011111000000000000000111111111111111111111    
 -33  111100000011110000000000000000111111111111111111111    
 -32   11100000001100000000000000000111111111111111111111    
 -31    1100000001100000000000000001111111111111111111111    
 -30     110000001100000000000000001111111111111111111111    
 -29     110000001110000000000000011111111111111111111111    
 -28     110000000001100000000000111111000111111111111111    
 -27     110000000000110100000000111110000111111111111111    
 -26     110000000001111000000001111111000111111111111111    
 -25     111000000111111000000011111111111111111111111111    
 -24     111000000111111000000011111111111111111111000111    
 -23     111000000111111000000111111111111111111111000011    
 -22     111100001111111100001111111111111111111111000111    
 -21     111111111111111111111111111111111111111111111111    
 -20     111111111111111111111111111111111111111111111111    
 -19     111111111111111111111111111111111111111111111111    
 -18     111111111111111111111111111111111111111111111111    
 -17     111111111111111111111111111111111111111111111111    
 -16                                       1111111111        
 -15                                       1111              
 -14                                                         
 -13                                                         
 -12                                                         
 -11                                                         
 -10                                                         
  -9                                                         
  -8                                                         
  -7                                                         
  -6                                                         
  -5                                                         
  -4                                                         
  -3                                                         
  -2                                                         
  -1                                                         
   0                                                         
   1                                                         
   2                                                         
   3                                                         
   4                                                         
   5                                                         
   6                                                         
   7                                                         
   8                                                         
   9                                                         
  10                                                         
  11                                                         
  12                                                         
  13                                                         
  14               1111                                      
  15         1111111111                                      
  16     111111111111111111111111111111111111111111111111    
  17     111111111111111111111111111111111111111111111111    
  18     111111111111111111111111111111111111111111111111    
  19     111111111111111111111111111111111111111111111111    
  20     111111111111111111111111111111111111111111111111    
  21     111000111111111111111111111100001111111100001111    
  22     110000111111111111111111111000000111111000000111    
  23     111000111111111111111111110000000111111000000111    
  24     111111111111111111111111110000000111111000000111    
  25     111111111111111000111111100000000111100000000011    
  26     111111111111111000011111000000001011000000000011    
  27     111111111111111000111111000000000001100000000011    
  28     111111111111111111111110000000000000011100000011    
  29     111111111111111111111100000000000000001100000011    
  30     1111111111111111111111000000000000000011000000011   
  31     11111111111111111111100000000000000000110000000111  
  32     111111111111111111111000000000000000011110000001111 
  33     1111111111111111111110000000000000001111100000011111
  34     1111111111111111111100000000000000011111100000011111
  35     111111111111111111110000000000000001111110000001111 
  36     111111111111111111110000000000000011111110000001111 
  37     11111111111111111110000000000000011111111000000111  
  38     11111111111111111110000000000000111111111000000111  
  39     111111111111111111100000000000001111111110000001    
  40     111111111111111111100000000000011111111110000001    
  41     111111111111111111100000000000111111111110000001    
  42     111111111111111111100000000001111111111110000001    
  43     111111111111111111110000000011111111111110000001    
  44     111111111111111111100000000011111111111110000001    
  45     111111111111111111000000000111111111111110000001    
  46     111111111111111110000000001111111111111110000001    
  47     111111111111111110000000000111111111111100000001    
  48     111111111111111100000000000011111111111100000001    
  49     111111111111111100000000000011111111111000000011    
  50     111111111111111110000000000001111111111000000011    
  51     111111111111111110000000000000111111110000000011    
  52     111111111111111110000000000000000000000000000001    
  53     111111111111111110000110000000000000000000000001    
  54     111111111111111110001111000000000000000000000001    
  55     111111111111111111011111100000000000000000000001    
  56     111111111111111111111111110000000000000000000001    
  57     111111111111111111111111110000000000000000000001    
  58     111111111111111111111111110000000000000000000001    
  59     111111111111111111111111110000000000000000000001    
  60     111111111111111111111111110000000000000000000001    
  61     111111111111111111111111110000000000000000000001    
  62     111111111111111111111111110000000000000000000001    
  63     111111111111111111111111110000000000000000000001    
  64     111111111111111111111111110000000000000000000001    
  65    1111111111111111111111111110000000000000000000001    
  66    1111111111111111111111111110000000000000000000001    
  67   11111111111111111000000000000000000000000001000001    
  68   11111111111111110000000000000000000000000011110001    
  69  111111111111111110000000000000000000000000011110011    
  70  111111111111111110000000000000000000000000111011101    
  71 1111111111111111110000000000000000000000000001111011    
  72 1111111111111111110000000000000000000000000111111111    
  73  111111111111111110000000000000111000000011111111111    
  74    1111101111111111000000000000111000000011111111111    
  75     111110011111111000000000000110000000011111111111    
  76     111110011111111111111111111110000000111111111111    
  77     111110011111111111111111111100000000111111111111    
  78     111110011111111111111111111100000001111111111111    
  79     111110011111111100000000000000000001111111111111    
  80     111110011111111100000000000000000011111111111111    
  81     111110011111111100000000000000000011111111111111    
  82     111110011111111100000000000000000111111111111111    
  83     111100111111111100000000000000000111111111111111    
  84     111100111111111100000000000000001111111111111111    
  85     111100111111111100000000000000011111111111111111    
  86     111111111111111100000000000000011111111111111111    
  87     111111111111111100000000000000111111111111111111    
  88     111111111111111100000000000000111111111111111111    
  89     111111111111111100000000000001111111111111111111    
  90     111111111100000000000000000000000001111111111111    
  91     111111111100000000000000000000000001111111111111    
  92         1111110000000000000000000000000111111111        
  93         1111110000000000000000000000000111111111        
  94         1111110000000000000000000000000111111111        
  95         1111110000000000000000000000000111111111        
  96         1111110000000000000000000000000111111111        
  97         1111110000000000000000000000000111111111        
  98         1111110000000000000000000000000111111111        
  99         1111110000000000000000000000000111111111        
 100         1111110000000000000000000000000111111111        
 101         1111110000000000000000000000000111111111        
 102         1111110000000000000000000000000111111111        
 103         1111110000000000000000000000000111111111        
 104         1111110000000000000000000000000111111111        
 105         1111110000000000000000000000000111111111        
 106         1111110000000000000000000000000111111111        
 107         1111110000000000000000000000000111111111        
 108         1111110000000000000000000000000111111111        
 109         1111110000000000000000000000000111111111        
 110         1111110000000000000000000000000111111111        
 111         1111110000000000000000000000000111111111        
 112         1111110000000000000000000000000111111111        
 113         1111110000000000000000000000000111111111        
 114         1111110000000000000000000000000111111111        
 115         1111110000000000000000000000000111111111        
seats 5276; refused 1978 DR-KEEP, 1142 DR-CLAIM, 596 OB19, 348 DR-ROAD

## house
SEATS  house, footprint 9x7, no route standoff  1 char = 1 block  x -28..27 across, z -116..115 down
KEY  1 the footprint seats with its minimum corner here  0 refused  space void
            -2        -1         0         1         2       
     87654321098765432109876543210123456789012345678901234567
-116         1100000000000000000000000000000000000000        
-115         1100000000000000000000000000000000000000        
-114         0000000000000000000000000000000000000000        
-113         0000000000000000000000000000000000000000        
-112         0000000000000000000000000000000000000000        
-111         0000000000000000000000000000000000000000        
-110         0000000000000000000000000000000000000000        
-109         0000000000000000000000000000000000000000        
-108         0000000000000000000000000000000000000000        
-107         1100000000000000000000000000000000000000        
-106         1100000000000000000000000000000000000000        
-105         1100000000000000000000000000000000000000        
-104         1100000000000000000000000000000000000000        
-103         1100000000000000000000000000000000000000        
-102         1100000000000000000000000000000000000000        
-101         1100000000000000000000000000000000000000        
-100         1100000000000000000000000000000000000000        
 -99         1100000000000000000000000000000000000000        
 -98         0000000000000000000000000000000000000000        
 -97         0000000000000000000000000000000000000000        
 -96         0000000000000000000000000000000000000000        
 -95         0000000000000000000000000000000000000000        
 -94         0000000000000000000000000000000000000000        
 -93         0000000000000000000000000000000000000000        
 -92     000000000000000000000000000000000000000000000000    
 -91     000000000000000000000000000000000000000000000000    
 -90     000000000000000000000000000000000000000000000000    
 -89     000000000000000000000000000000000000000000000000    
 -88     000000000000000000000000000000000000000000000000    
 -87     000000000000000000000000000000000000000000000000    
 -86     000000000000000000000000000000000000000000000000    
 -85     000000000000000000000000000000000000000000000000    
 -84     000000000000000000000000000000000000000000000000    
 -83     110000000000000000000000000000000000000000000000    
 -82     110000000000000000000000000000000000000000000000    
 -81     110000000000000000000000000000000000000000000000    
 -80     110000000000000000000000000000000000000000000000    
 -79     100000000000000000000000000000000000000000000000    
 -78     000000000000000000000000000000000000000000000000    
 -77     000000000000000000000000000000000000000000000000    
 -76     000000000000000000000000000000000000000000000000    
 -75     0000000000000000000000000000000000000000000000000   
 -74     000000000000000000000000000000000000000000000000000 
 -73     0000000000000000000000000000000000000000000000000000
 -72     0000000000000000000000000000000000000000000000000000
 -71     000000000000000000000000000000000000000000000000000 
 -70     000000000000000000000000000000000000000000000000000 
 -69     00000000000000000000000000000000000000000000000000  
 -68     00000000000000000000000000000000000000000000000000  
 -67     0000000000000000000000111111111000000000000000000   
 -66     0000000000000000000000111111111000000000000000000   
 -65     000000000000000000000011111111100000000000000000    
 -64     000000000000000000000011111111100000000000000000    
 -63     000000000000000000000011111111100000000000000000    
 -62     000000000000000000000000000000100000000000000000    
 -61     000000000000000000000000000000000000000000000000    
 -60     000000000000000000000000000000000000000000000000    
 -59     000000000000000000000000000000000000000000000000    
 -58     000000000000000000000000000000000000000000000000    
 -57     000000000000000000000000000000000000001100000000    
 -56     000000000000000000000000000000000000001100000000    
 -55     000000000000000000000000000000000000001100000000    
 -54     000000000000000000000000000000000000001100000000    
 -53     000000000000000000000000000000000000001100000000    
 -52     000000000111000000000000000000000000001100000000    
 -51     000000000111000000000000000000000000001100000000    
 -50     000000000111000000000000000000000000001100000000    
 -49     000000000110000000000000000000000000001100000000    
 -48     000000000100000000000000000000000000001100000000    
 -47     000000000000000000000000000000000000001100000000    
 -46     000000000000000000000000000000100000001100000000    
 -45     000000000000000000000000000001100000001100000000    
 -44     000000000000000000000000000011100000001100000000    
 -43     000000000000000000000000000011100000001100000000    
 -42     000000000000000000000000000011100000001100000000    
 -41     000000000000000000000000000011100000001100000000    
 -40     000000000000000000000000000011100000001100000000    
 -39   00000000000000000000000000000011100000001100000000    
 -38   00000000000000000000000000000111100000001100000000    
 -37  000000000000000000000000000000111100000001100000000    
 -36  000000000000000000000000000000111100000001100000000    
 -35 0000000000000000000000000000001111100000001100000000    
 -34 0000000000000000000000000000001111100000001100000000    
 -33  000000000000000000000000000001111100000001100000000    
 -32   00000000000000000000000000011111100000001100000000    
 -31    0000000000000000000000000000000000000000000000000    
 -30     000000000000000000000000000000000000000000000000    
 -29     000000000000000000000000000000000000000000000000    
 -28     000000000000000000000000000000000000000000000000    
 -27     000000000000000000000000000000000000000000000000    
 -26     000000000000000000000000000000000000000000000000    
 -25     000000000000000000000000000000000000000000000000    
 -24     000000000000000000001111110000000000000000000000    
 -23     000000000000000000011111110000000000001100000000    
 -22     000000000000000000000000000000000000000000000000    
 -21     000000000000000000000000000000000000000000000000    
 -20     000000000000000000000000000000000000000000000000    
 -19     000000000000000000000000000000000000000000000000    
 -18     000000000000000000000000000000000000000000000000    
 -17     000000000000000000000000000000000000000000000000    
 -16                                       0000000000        
 -15                                       0000              
 -14                                                         
 -13                                                         
 -12                                                         
 -11                                                         
 -10                                                         
  -9                                                         
  -8                                                         
  -7                                                         
  -6                                                         
  -5                                                         
  -4                                                         
  -3                                                         
  -2                                                         
  -1                                                         
   0                                                         
   1                                                         
   2                                                         
   3                                                         
   4                                                         
   5                                                         
   6                                                         
   7                                                         
   8                                                         
   9                                                         
  10                                                         
  11                                                         
  12                                                         
  13                                                         
  14               0000                                      
  15         0000000000                                      
  16     110000000000001111111000000000000000000000000000    
  17     000000000000001111110000000000000000000000000000    
  18     000000000000000000000000000000000000000000000000    
  19     000000000000000000000000000000000000000000000000    
  20     000000000000000000000000000000000000000000000000    
  21     000000000000000000000000000000000000000000000000    
  22     000000000000000000000000000000000000000000000000    
  23     000000000000000000000000000000000000000000000000    
  24     000000000000000000000000000000000000000000000000    
  25     110000000111111000000000000000000000000000000000    
  26     110000000111110000000000000000000000000000000000    
  27     110000000111110000000000000000000000000000000000    
  28     110000000111110000000000000000000000000000000000    
  29     110000000111100000000000000000000000000000000000    
  30     1100000001111000000000000000000000000000000000000   
  31     11000000011110000000000000000000000000000000000000  
  32     110000000111000000000000000000000000000000000000000 
  33     1100000001110000000000000000000000000000000000000000
  34     1100000001110000000000000000000000000000000000000000
  35     110000000111000000000000000000000000000000000000000 
  36     110000000111000000000000000000000000000000000000000 
  37     11000000011100000000000000000000000000000000000000  
  38     11000000011000000000000000000000000000000000000000  
  39     110000000100000000000000000000000000000000000000    
  40     110000000000000000000000000000000000000000000000    
  41     110000000000000000000000000000100000000000000000    
  42     110000000000000000000000000001100000000000000000    
  43     110000000000000000000000000011100000000000000000    
  44     110000000000000000000000000011100000000000000000    
  45     110000000000000000000000000011100000000000000000    
  46     110000000000000000000000000000000000000000000000    
  47     110000000000000000000000000000000000000000000000    
  48     110000000000000000000000000000000000000000000000    
  49     110000000000000000000000000000000000000000000000    
  50     110000000000000000000000000000000000000000000000    
  51     000000000000000000000000000000000000000000000000    
  52     000000000000000000000000000000000000000000000000    
  53     000000000000000000000000000000000000000000000000    
  54     000000000000000000000000000000000000000000000000    
  55     000000000100000000000000000000000000000000000000    
  56     000000000111111111000000000000000000000000000000    
  57     000000000111111111000000000000000000000000000000    
  58     000000000111111111000000000000000000000000000000    
  59     000000000111111111000000000000000000000000000000    
  60     000000000111111111000000000000000000000000000000    
  61     000000000000000000000000000000000000000000000000    
  62     000000000000000000000000000000000000000000000000    
  63     000000000000000000000000000000000000000000000000    
  64     000000000000000000000000000000000000000000000000    
  65    0000000000000000000000000000000000000000000000000    
  66    0000000000000000000000000000000000000000000000000    
  67   00000000000000000000000000000000000000000000000000    
  68   00000000000000000000000000000000000000000000000000    
  69  000000000000000000000000000000000000000000000000000    
  70  000000000000000000000000000000000000000000000000000    
  71 0000000000000000000000000000000000000000000000000000    
  72 0000000000000000000000000000000000000000000100000000    
  73  000000000000000000000000000000000000000001100000000    
  74    0000000000000000000000000000000000000001100000000    
  75     000000000000000000000000000000000000001100000000    
  76     000000000000000000000000000000000000001100000000    
  77     000000000000000000000000000000000000000000000000    
  78     000000000000000000000000000000000000000000000000    
  79     000000000000000000000000000000000000000000000000    
  80     000000000000000000000000000000000000000000000000    
  81     000000000000000000000000000000000000000000000000    
  82     000000000000000000000000000000000000000000000000    
  83     000000000000000000000000000000000000000000000000    
  84     000000000000000000000000000000000000000000000000    
  85     000000000000000000000000000000000000000000000000    
  86     000000000000000000000000000000000000000000000000    
  87     000000000000000000000000000000000000000000000000    
  88     000000000000000000000000000000000000000000000000    
  89     000000000000000000000000000000000000000000000000    
  90     000000000000000000000000000000000000000000000000    
  91     000000000000000000000000000000000000000000000000    
  92         0000000000000000000000000000000100000000        
  93         0000000000000000000000000000000100000000        
  94         0000000000000000000000000000000100000000        
  95         0000000000000000000000000000000100000000        
  96         0000000000000000000000000000000100000000        
  97         0000000000000000000000000000000100000000        
  98         0000000000000000000000000000000100000000        
  99         0000000000000000000000000000000100000000        
 100         0000000000000000000000000000000100000000        
 101         0000000000000000000000000000000000000000        
 102         0000000000000000000000000000000000000000        
 103         0000000000000000000000000000000000000000        
 104         0000000000000000000000000000000000000000        
 105         0000000000000000000000000000000000000000        
 106         0000000000000000000000000000000000000000        
 107         0000000000000000000000000000000000000000        
 108         0000000000000000000000000000000100000000        
 109         0000000000000000000000000000000100000000        
 110         0000000000000000000000000000000000000000        
 111         0000000000000000000000000000000000000000        
 112         0000000000000000000000000000000000000000        
 113         0000000000000000000000000000000000000000        
 114         0000000000000000000000000000000000000000        
 115         0000000000000000000000000000000000000000        
seats 409; refused 3247 DR-KEEP, 2181 DR-CLAIM, 1552 DR-SITE, 1150 DR-PASS, 801 OB19
