## tree
SEATS  tree, footprint 1x1, 3 blocks off a route  1 char = 1 block  x -120..119 across, z -40..39 down
KEY  1 the footprint seats with its minimum corner here  0 refused  space void
     2        -1        -0        -9        -8        -7        -6        -5        -4        -3        -2        -1         0         1         2         3         4         5         6         7         8         9         0         1         
     098765432109876543210987654321098765432109876543210987654321098765432109876543210987654321098765432109876543210987654321012345678901234567890123456789012345678901234567890123456789012345678901234567890123456789012345678901234567890123456789
 -40                     1111                                                                                 111                        111                                                                                   11                    
 -39                      1110000000                                        1111                        111111111                        11111111                                                   11111                   1111                     
 -38                       100000000000             00000                 111111111               111111111111111                        111111111111                     00000                 1111111111111            1111111                     
 -37                       0000000000000000    00000000000011          1111111111111111    1111111111111111111111                        1100011111111111             0000000000000011      1111111111111111111111   1111111111                      
 -36                        000000000000000000000000000000000000    000000000000000000000000000000111111111111111                        11100111111111111111    1110000000000000000011111111111111111001111111111111111111111                       
 -35                         000000000000000000000000000000000000000000000000000000000000000000000011111111111111                        1100011111111111111111111110000000000000000000000000000000000001100000000000000000011                       
 -34                          00000000000000000000000000000000000000000000000000000000000000000000001111111111111                        111010111111111110111111111000000000000000000000000000000000001110000000000000000001                        
 -33                          00000000000000000000000000000000000000000000111110000000001100000000000111111111111                        111101111111111111000000000000000000000000000000000110000000001110000000000000000001                        
 -32                           0000000000000000000000000000000000000000000011110000000000000000000000011111111111                        11111011111111111111100000000000000000000000000000111100000000111000000000000000000                         
 -31                           0000000000000000000000000000000000000000000011110000000000000000000000011111111111                        11110101111111111111111100000000000000000000000000111100000000011000000000000000000                         
 -30                          00000000000000000000000000000000000000000000001110000000000000000000000001111111111                        111110101111111111111111111000000000000000000000001111000000000110000000000000000001                        
 -29                          00000000000000000000000000000000000000000000001110000000000000000000000001111111111                        111111010101111111111111111000000000000000000000001111000000001110000000000000000001                        
 -28                          00000000000000000000000000000000000000000000001110000000000000000000000000111111111                        111111101011011111111111111000000000000000000000001110000000001000000000000000000001                        
 -27                         000000000000000000000000000000000000000000000001111111110000000000000000000011111111                        1111111111000000011111111111000000000000000000000011110000000010000000000000000000011                       
 -26                         000000000000000000000000000000000000000000000000111101110000000000000000000011111111                        1111111111100000000111111111100000000000000000000111110000000010000000000000000000011                       
 -25                         000000000000000000000000110000000000000000000001100000000000000000000000000001111111                        1111111111111000000000111111110000000000000000001110111100000011100000000000000000011                       
 -24                         000000000000000000000000010000000000000000000000000000000000000000000000000000111111                        1111111111111100000000001011111000000000100000001111110000000011100000000000000000011                       
 -23                        0000000000000000000000000000000000000000000000000000000000000000000000000000000011111                        11111111111111100000000000000100000001111000000010111100000000011000000000000000000111                      
 -22                        0000000000000000000000000000000000000000000000000000000000000000000000000000000001111                        11111111111111111100000000000001000111111000000001110000000000011000000000000000000111                      
 -21                        1000000000000000000000000000000000000000000000000000000000000000000000000000000000111                        11111111111111111111000001000000001111111000000000000000000001111000000000000000000111                      
 -20                       11110000000000000000000000000000000000000000000000000000000000000000000000000000000011                        11111111111111111111110101110101011111111000000000000000000000111000000000000000000111                      
 -19                       11110000000000000000000000000000000000000000000000000000000000000000000000000000000011                        111111111111111111111111111100000000000000000000000000000000001110000000000000000001111                     
 -18                       11100000000000000000000000000000000000000000000000000000000000000000000000000000000001                        111111111111111111111111100000000000000000000000000000000000000110000000000000000001111                     
 -17                      111000000000000000000000000000000000000000000011000000000000000000000000000000000000001                        111111111111111111111110000000000000000000000000000000000000000000001111000000000111111                     
 -16                      111000000000000000000000000000000000000000000011000000000000000000000000000110000000001                        111111111111111111110000000000000000000000000000000000000000000000001111000000000111111                     
 -15                      110000000000000000000000000000000000000000000011000000000000000100000000011111000000001                        111111111111111110000000000000000000000000000000000000000000001111111111111111111111111                     
 -14                     0000000000000000000000000000000000000000000000011100000000000001111100001111111000000001                        1111100000000000000000000000000000000000000000000001110000000001111111111111111111111100                    
 -13                     0000000000001100000000000000000000000000000000011100000000000001111110011100001100000001                        1111000000000000000000000000000000000000000000000011110000000000000000001111111111111100                    
 -12 000000000000000000000000000000011100000000000000000000000000000000011110000000000011111111111000000010000001                        110000000000000000000000000000001111000000000001111111000000000000000000000111111111110000000000000000000000
 -11 000000000000000000000000000000011100000000000000000000000000000000000111100000000001000001110000000001111111                        100000000000000000000000000000111111111111111111111111000000000000000000000001111111110000000000000000000000
 -10 000000000000000000000000000000111100000000000000000000000000000000000001000000000000000001000000000001111111                        100000000000000000000000000111111111111111111111111111000000000000000000000000001111110000000000000000000000
  -9 000000000000000000000000000000111110000000000000000000000000000000000000000000000000000000000000000001111111                        100000000000000000000000011111111111111111111111111111100000000000000000000000000111110000000000000000000000
  -8 000000000000000000000000000001111110000000000000000000000000000000000000000000000000000000000000000001111111                        100000000000000000000011111111111111111111111111111111110000000000000000000000000001110000000000000000000000
  -7 000000000000000000000000000000000000000000000000000000000000000000000000000000000000000000000000000000111111                        100000000000000000111111111111111111111111111111111111111100000000000000000000000000000000000000000000000000
  -6 000000000000000000000000000000000000000000000000000000000000000000000001000001110001000000000000000000011111                        100000000000000000011111111111111111111111111111111111111110000000000000000000000000000000000000000000000000
  -5 000000000000000000000000000000000000000000000000000000000000000000000011111111111111110000000000000000011111                        111111100000000000001111111111111111111111111111111111111110000000000000000000000000000000000000000000000000
  -4 000000000000000000000000000000000000000000000000000000000000000110011111111111111111110000000000000000011111                        111111000000000000000111111111111111111111111111111111111110000000000000000000000000000000000000000000000000
  -3 000000000000000000000000000000000000000000000000000000000000000111111111111111111111110000000000000000011111                        111110000000000000000011111111111111111111111111111110111100000000000000000000000000000000000000000000000000
  -2 000000000000000000000000000000000000000000000000000000000000001111111111111111111111100000000000000000001111                        111110000000000000000011111111111111111111111111100000000010000000000000000000000000000000000000000000000000
  -1 000000000000000000000000000000000000000000000000000000000000011111111111111111111111110000000000000000011111                        111110000000000000000011111111111111111111111111000000000000000000000000000000000000000000000000000000000000
   0 000000000000000000000000000000000000000000000000000000000000111111111111111111111111110000000000000000011111                        111110000000000000000011111111111111111111111110000000000000000000000000000000000000000000000000000000000000
   1 000000000000000000000000000000000000000000000000010000000001111111111111111111111111110000000000000000011111                        111100000000000000000001111111111111111111111100000000000000000000000000000000000000000000000000000000000000
   2 000000000000000000000000000000000000000000000000001111011111111111111111111111111111110000000000000000011111                        111110000000000000000011111111111111111111111000000000000000000000000000000000000000000000000000000000000000
   3 000000000000000000000000000000000000000000000000011111111111111111111111111111111111111000000000000000111111                        111110000000000000000011111111111111111110011000000000000000000000000000000000000000000000000000000000000000
   4 000000000000000000000000000000000000000000000000011111111111111111111111111111111111111100000000000001111111                        111110000000000000000011111111111111110000000000000000000000000000000000000000000000000000000000000000000000
   5 000000000000000000000000000000000000000000000000011111111111111111111111111111111111111110000000000000000001                        111110000000000000000000100011100000100000000000000000000000000000000000100000000000000000000000000000000000
   6 000000000000000000000000000000000000000000000000001111111111111111111111111111111111111111000000000000000001                        111111000000000000000000000000000000000000000000000000000000000000000000100000000000000000000000000000000000
   7 000000000000000000000000000000000000000000000000000011111111111111111111111111111111110000000000000000000001                        111111100000000000000000000000000000000000000000000000000000000000000000000000000000000000000000000000000000
   8 000000000000000000000001111000000000000000000000000001111111111111111111111111111110000000000000000000000001                        111111100000000000000000000000000000000000000000000000000000000000000000011111000000000000000000000000000000
   9 000000000000000000000001111100000000000000000000000000111111111111111111111111111000000000000000000000000001                        111111100000000000100000000000000000100000000000000000000000000000000000001111000000000000000000000000000000
  10 000000000000000000000001111111100000000000000000000000111111111111111111111111000000000000000000000000000001                        111111100000000011100000100000000001111000000000000000000000000000000000001110000000000000000000000000000000
  11 000000000000000000000001111111111000000000000000000000111111100000000000111100000000000000000000000000000011                        100000010000000111111111110000000000011110000000000000000000000000000000001110000000000000000000000000000000
  12                     0001111111111111000000000000000000111100000000000000000000000000000000000000000000001111                        1000000011000011100111111000000000000011100000000000000000000000000000000011000000000100                    
  13                     0001111111111111111111111000000000111000000000000000000000000000000000000000000000011111                        1000000001111111000011111000000000000011100000000000000000000000000000000000000000000100                    
  14                      001111111111111111111111100000000000000000000000000000000000000000000011111111111111111                        100000000111110000000001000000000000000110000000000000000000000000000000000000000000010                     
  15                      111111000000000111100000000000000000000000000000000000000000000000011111111111111111111                        100000000011000000000000000000000000000110000000000000000000000000000000000000000000111                     
  16                      111111111111111111111111000000000000000000000000000000000000000011111111111111111111111                        100000000000000000000000000000000000000110000000000000000000000000000000000000000000111                     
  17                      111100000000000000000011000000000000000000000000000000000000001111111111111111111111111                        10000000000000000000000000000000000000000000000000000000000000000000000000000000000111                      
  18                      111100000000000000000011100000000000000000000000000000000001111111111111111111111111111                        11000000000000000000000000000000000000000000000000000000000000000000000000000000001111                      
  19                       11100000000000000000011100000000000000000000011111111010101110101111111111111111111111                        11000000000000000000000000000000000000000000000000000000000000000000000000000000001111                      
  20                       11100000000000000000011110000000000000000000011111110000000010000011111111111111111111                        1110000000000000000000000000000000000000000000000000000000000000000000000000000000001                       
  21                       11100000000000000000011000000000001110000000011111100010000000000000111111111111111111                        1111000000000000000000000000000000000000000000000000000000000000000000000000000000000                       
  22                       11100000000000000000011000000000111101000000011110000000100000000000000111111111111111                        1111100000000000000000000000000000000000000000000000000000000000000000000000000000000                       
  23                        1100000000000000000011100000000111111000000010000000001111101000000000011111111111111                        111111000000000000000000000000000000000000000000000000000010000000000000000000000000                        
  24                        1100000000000000000011100000011110111000000000000000000111111110000000001111111111111                        111111100000000000000000000000000001100000000000000000000011000000000000000000000000                        
  25                        1100000000000000000000100000000111110000000000000000000011111111110000000011111111111                        111111110000000000000000000011101111000000000000000000000000000000000000000000000000                        
  26                        1100000000000000000000100000000111100000000000000000000001111111111100000001111111111                        111111110000000000000000000011111111100000000000000000000000000000000000000000000000                        
  27                         100000000000000000000100000000011100000000000000000000000111111111111110110101111111                        11111111100000000000000000000000001110000000000000000000000000000000000000000000000                         
  28                         100000000000000000011100000000111100000000000000000000000111111111111111101010111111                        11111111110000000000000000000000001110000000000000000000000000000000000000000000000                         
  29                         100000000000000000011000000000111100000000000000000000000111111111111111111101011111                        11111111110000000000000000000000001110000000000000000000000000000000000000000000000                         
  30                          00000000000000000011000000000111100000000000000000000000000111111111111111110101111                        1111111111100000000000000000000000111100000000000000000000000000000000000000000000                          
  31                          00000000000000000011100000000111100000000000000000000000000000111111111111111011111                        1111111111100000000000000000000000111100000000000000000000000000000000000000000000                          
  32                         100000000000000000011100000000011000000000000000000000000000000000111111111111101111                        11111111111100000000000100000000001111100000000000000000000000000000000000000000000                         
  33                         100000000000000000011100000000000000000000000000000000000111111111011111111111010111                        11111111111110000000000000000000000000000000000000000000000000000000000000000000000                         
  34                        1100000000000000000011000000000000000000000000000000000000111111111111111111111100011                        111111111111110000000000000000000000000000000000000000000000000000000000000000000000                        
  35                        1111111111111111111111001111111111111111100000000000000000111    11111111111111100111                        111111111111111000000000000000000000000000000    000000000000000000000000000000000000                       
  36                       1111111111   1111111111111111111111      1100000000000000             1111111111100011                        1111111111111111111111    1111111111111111          11000000000000    000000000000000                       
  37                      1111111            1111111111111                000000                    1111111111111                        111111111111111               111111111                 00000             000000000001                      
  38                      1111                   11111                                                   11111111                        111111111                        1111                                        0000000111                     
  39                     11                                                                                   111                        111                                                                                 1111                    
seats 3788; refused 6024 DR-CLAIM, 2176 DR-KEEP, 919 DR-ROAD, 605 OB19, 351 DR-ROOT

## boulder
SEATS  boulder, footprint 1x1, 2 blocks off a route  1 char = 1 block  x -120..119 across, z -40..39 down
KEY  1 the footprint seats with its minimum corner here  0 refused  space void
     2        -1        -0        -9        -8        -7        -6        -5        -4        -3        -2        -1         0         1         2         3         4         5         6         7         8         9         0         1         
     098765432109876543210987654321098765432109876543210987654321098765432109876543210987654321098765432109876543210987654321012345678901234567890123456789012345678901234567890123456789012345678901234567890123456789012345678901234567890123456789
 -40                     1111                                                                                 111                        111                                                                                   11                    
 -39                      1111111111                                        1111                        111111111                        11111111                                                   11111                   1111                     
 -38                       111111111111             11111                 111111111               111111111111111                        111111111111                     11111                 1111111111111            1111111                     
 -37                       1111111111111111    11111111111111          1111111111111111    1111111111111111111111                        1111111111111111             1111111111111111      1111111111111111111111   1111111111                      
 -36                        111111111111111111111111111111111111    110000000000000000000000011111111111111111111                        11111111111111111111    1111111111111111111111111111111111111001111111111111111111111                       
 -35                         111111111111111111111111111000000000000011100000000000000000000000001111111111111111                        1111111111111111111111111111111111111111111100000000000000000001100000000000000000011                       
 -34                          11111111111111111111111000000000000000011110000000000000000000000000111111111111111                        111111111111111111111111111111111111111111110000000000000000001110000000000000000001                        
 -33                          11111111111111111111100000000000000000011111111111111111111111000000011111111111111                        111111111111111111111111111111111111111111110000000110000000001110000000000000000001                        
 -32                           1111111111111111111000000000000000000011111111111111111111111000000001111111111111                        11111111111111111111111111111111111111111111100000111100000000111000000000000000000                         
 -31                           1111111111111111110000000000000000000111111111111111111111111000000000111111111111                        11111111111111111111111111111111111111111111000000111100000000011000000000000000000                         
 -30                          11111111111111111100000000001111111111111111111111111111111111110000000111111111111                        111111111111111111111111111111111111111111110000001111000000000110000000000000000001                        
 -29                          11111111111111111000000000111111111111111111111111111111111111111000000011111111111                        111111111111111111111111111111111111111111110000001111000000001110000000000000000001                        
 -28                          11111111111111110000000011111111111111111111111111111111111111111100000011111111111                        111111111111111111111111111111111111111111110000001110000000001000000000000000000001                        
 -27                         111111111111111100000000111111111111111111111111111111111111111111100000001111111111                        1111111111111111111111111111111111111111111000000011110000000010000000000000000000011                       
 -26                         111100001111111100000001111111111111111111111111111111111111111111110000000111111111                        1111111111111111111111111111111111111111110000000111110000000010000000000000000000011                       
 -25                         110000000111111000000011111111111111111111111111111111111111111111111000000111111111                        1111111111111111111111111111111111111111100000001110111100000011100000000000000000011                       
 -24                         110000000111110000000111111111111111111111111111111111111111111111111000000011111111                        1111111111111111111111111111111111111111100000001111111110000011100000000000000000011                       
 -23                        1100000000011000000000111111111111111111111111111111111111111111111111100000001111111                        11111111111111111111111111111111111111111000000010111110000000011000000000000000000111                      
 -22                        1100000000100000000001111111111111111111111111111111111111111111111111100000000111111                        11111111111111111111111111111111111111111000000001110000000000011000000000000000000111                      
 -21                        1110000000000000000011111111111100000000000011111111111111111111111111110000000011111                        11111111111111111111111111111111111111111000000000000000000011111000000000000000000111                      
 -20                       11111111000000000000111111111111100000000000011111111111111111111100011111000000001111                        11111111111111111111111111111111111111111000000000000000000011111000000000000000000111                      
 -19                       11111100000000000001111111111111100000000000011111111111111111111000000111100000000111                        111111111111111111111111111111111111111110000000000000000000011110000000000000000001111                     
 -18                       11111000000000000111111111111111100000000000011111111111111111110000000011110000000111                        111111111111111111111111111110000000000010000000000000000000000110000000000000000001111                     
 -17                      111110000000000111111111111111111100000000000011111111111111111110000000011111000000011                        111111111111111111111111110000000000000000000000000000000000000000001111000000000111111                     
 -16                      111100000000011111111111111111111100000000000011111111111111111110000000011111100000011                        111111111111111111111111000000000000000000000000000000000000000000001111000000000111111                     
 -15                      111100000000111111111111111111111100000000000011111111111111111111000000111111100000011                        111111111111111111111000000000000000000000000000000000000000001111111111111111111111111                     
 -14                     0001000000011111111111111111000000100000000000011111111111111111111100001111111110000011                        1111111111111111110000000000000000000000000000000111111000001111111111111111111111111100                    
 -13                     0001000000111111111111111111000000100000000000011111111111111111111110011100001111000011                        1111110000000000000000000000000111111000000000111111111000000011111111111111111111111100                    
 -12 000000000000000000000001000000111111111111111110000000000000000000011111111111111111111111111000000011111111                        111110000000000000000000000001111111111111111111111111100000000000000001111111111111110000000000000000000000
 -11 000000000000000000000000000001111111111111111111000000111111110000000111110001110001000001110000000001111111                        111000000000000000000000001111111111111111111111111111100000000000000000001111111111110000000000000000000000
 -10 000000000000000000000000000001111111111111111111000000111111100000000001000000000000000001110000000001111111                        110000000000000000000000111111111111111111111111111111110000000000000000000011111111110000000000000000000000
  -9 000000000000000000000000000011111111111111111111110101111111100000000000000000000000000001110000000001111111                        110000000000000000000111111111111111111111111111111111111000000000000000000000011111110000000000000000000000
  -8 000000000000000000000000000011111111111111111111111111111111000000000000000000000000000011111000000011111111                        110000000111111111111111111111111111111111111111111111111110000000000000000000001111110000000000000000000000
  -7 000000000000000000000000000000000000111111111111111111111111000000000000000000000000000111111100000111111111                        110000011111111111111111111111111111111111111111111111111111111111110000000000000000000000000000000000000000
  -6 000000000000000000000000000000000000111111111111111111111111100000000001000001110001001111111111101111111111                        111111111111111111111111111111111111111111111111111111111111111111111110000000000000000000000000000000000000
  -5 000000000000000000000000000000000001111111111111000111111111110000000011111111111111111111111111111111111111                        111111111111111111111111111111111111111111111111111111111111111111111111110000000000000000000000000000000000
  -4 000000000000000000000000000000000011111111111100000011111111111110011111111111111111111111111111111111111111                        111111111111111111111111111111111111111111111111111111111111111111111111111100000000000000000000000000000000
  -3 000000000000000000000000000000000111111111111000000001111111111111111111111111111111111111111111111111111111                        111111111111111111111111111111111111111111111111111111111111111111111111111110000000000000000000000000000000
  -2 000000000000000000000000000000001111111111111000000001111111111111111111111111111111111111111111111111111111                        111111111111111111111111111111111111111111111111111111111111111111111111111100000000000000000000000000000000
  -1 000000000000000000000000000000001111111111111000000001111111111111111111111111111111111111111111111111111111                        111111111111111111111111111111111111111111111111111111110000001111111111111100000000000000000000000000000000
   0 000000000000000000000000000000001111111111111100000011111111111111111111111111111111111111111111111111111111                        111111111111111111111111111111111111111111111111111111100000000111111111111100000000000000000000000000000000
   1 000000000000000000000000000000001111111111111111111111111111111111111111111111111111111111111111111111111111                        111111111111111111111111111111111111111111111111111111100000000111111111111100000000000000000000000000000000
   2 000000000000000000000000000000011111111111111111111111111111111111111111111111111111111111111111111111111111                        111111111111111111111111111111111111111111111111111111100000000111111111111000000000000000000000000000000000
   3 000000000000000000000000000000001111111111111111111111111111111111111111111111111111111111111111111111111111                        111111111111111111111111111111111111111110011111111111110000001111111111110000000000000000000000000000000000
   4 000000000000000000000000000000000011111111111111111111111111111111111111111111111111111111111111111111111111                        111111111111111111111111111111111111110000000011111111111000111111111111100000000000000000000000000000000000
   5 000000000000000000000000000000000000011111111111111111111111111111111111111111111111111111111111111111111111                        111111111101111111111100100011100000100000000001111111111111111111111111100000000000000000000000000000000000
   6 000000000000000000000000000000000000000011111111111111111111111111111111111111111111111111111111111110000011                        111111111000001111111000000000000000000000000000111111111111111111111111100000000000000000000000000000000000
   7 000000000000000000000000000000000000000000000000011111111111111111111111111111111111111111111111111000000011                        111111110000000111110000000000000000000000000000111111111111111111111111100000000000000000000000000000000000
   8 000000000000000000000001111110000000000000000000000111111111111111111111111111111111111000000000000000000011                        111111100000000011100000000000000000000000000001111111101011111111111111111111110000010000000000000000000000
   9 000000000000000000000001111111110000000000000000000011111111111111111111111111111111000000000000000000000011                        111111100000000011100000000000000000100000000001111111000000111111111111111111100000010000000000000000000000
  10 000000000000000000000001111111111100000000000000000001111111111111111111111111111100000000000000000000000111                        111111100000000011100000100011100011111000000011111111000000111111111111111111100000010000000000000000000000
  11 000000000000000000000001111111111111100000000000000001111111111111111111111111100000000000000000000000011111                        111111110000000111111111111111111111111110000000000000000000011111111111111111000000110000000000000000000000
  12                     0001111111111111111111111100000001111111110000000001111110000000000000000000000000111111                        1100001111000011100111111111111111111111100000000000010000001111111111111111110000001100                    
  13                     0001111111111111111111111111000001111110000000000000000000000000000000111111111111111111                        1100000111111111000011111111111111111111100000000000010000001111111111111111100000001100                    
  14                      001111111111111111111111100000000000000000000000000000000000000000111111111111111111111                        110000001111111000000111111111111111111110000000000001111111111111111111111000000001110                     
  15                      111111000000000111100000000000000000000000000000000000000000000111111111111111111111111                        110000001111110000000011111111111111111110000000000001111111111111111111110000000001111                     
  16                      111111111111111111111111000000000000000000000000000000000000011111111111111111111111111                        110000000111110000000011111111111111111110000000000001111111111111111111000000000011111                     
  17                      111100000000000000000011000000000000000000000010000000000011111111111111111111111111111                        11100000001111000000001111111111111111111000000000000111111111111111100000000000011111                      
  18                      111100000000000000000011110000000000000000000011111111111111111111111111111111111111111                        11100000000111100000011111111111111111111000000000000111111111111110000000000000111111                      
  19                       11100000000000000000011111000000000000000000011111111111111111111111111111111111111111                        11110000000011111000111111111111111111111000000000000111111111111100000000000011111111                      
  20                       11100000000000000000011111000000000000000000011111111111111111111111111111111111111111                        1111100000000111111111111111111111111111100000000000011111111111100000000000000000111                       
  21                       11100000000000000000011000000000001110000000011111111111111111111111111111111111111111                        1111110000000011111111111111111111111111111111111111111111111111000000000010000000011                       
  22                       11100000000000000000011000000001111101000000011111111111111111111111111111111111111111                        1111111000000011111111111111111111111111111111111111111111111110000000001100000000011                       
  23                        1100000000000000000011100000111111111000000011111111111111111111111111111111111111111                        111111110000000111111111111111111111111111111111111111111111111000000011111000000011                        
  24                        1100000000000000000011100000011110111000000011111111111111111111111111111111111111111                        111111111000000111111111111111111111111111111111111111111111110000000111111000000011                        
  25                        1100000000000000000000100000000111110000000111111111111111111111111111111111111111111                        111111111000000011111111111111111111111111111111111111111111100000001111111100001111                        
  26                        1100000000000000000000100000000111100000001111111111111111111111111111111111111111111                        111111111100000001111111111111111111111111111111111111111111000000001111111111111111                        
  27                         100000000000000000000100000000011100000011111111111111111111111111111111111111111111                        11111111111000000111111111111111111111111111111111111111111000000001111111111111111                         
  28                         100000000000000000011100000000111100000011111111111111111111111111111111111111111111                        11111111111000000011111111111111111111111111111111111111100000000011111111111111111                         
  29                         100000000000000000011000000000111100000011111111111111111111111111111111111111111111                        11111111111100000001111111111111111111111111111111111110000000000111111111111111111                         
  30                          00000000000000000011000000000111100000011111111111111111111111111111111111111111111                        1111111111110000000001111111111111111111111110000000000000000000111111111111111111                          
  31                          00000000000000000011100000000111100000111111111111111111111111111111111111111111111                        1111111111111000000001111111111111111111111100000000000000000001111111111111111111                          
  32                         100000000000000000011100000000011000000011111111111111111111111111111111111111111111                        11111111111111000000011111111111111111111111000000000000000000111111111111111111111                         
  33                         100000000000000000011100000000000000000011111111111111111111111111111111111111111111                        11111111111111100000000000000000000000001111000000000000000011111111111111111111111                         
  34                        1100000000000000000011000000000000000000011111111111111111111111111111111111111111111                        111111111111111100000000000000000000000001110000000000000111111111111111111111111111                        
  35                        1111111111111111111111001111111111111111111111111111111111111    11111111111111111111                        111111111111111111110000000000000000000000011    111111111111111111111111111111111111                       
  36                       1111111111   1111111111111111111111      1111111111111111             1111111111111111                        1111111111111111111111    1111111111111111          11111111111111    111111111111111                       
  37                      1111111            1111111111111                111111                    1111111111111                        111111111111111               111111111                 11111             111111111111                      
  38                      1111                   11111                                                   11111111                        111111111                        1111                                        1111111111                     
  39                     11                                                                                   111                        111                                                                                 1111                    
seats 8359; refused 2176 DR-KEEP, 1968 DR-CLAIM, 755 DR-ROAD, 605 OB19

## house
SEATS  house, footprint 9x7, no route standoff  1 char = 1 block  x -120..119 across, z -40..39 down
KEY  1 the footprint seats with its minimum corner here  0 refused  space void
     2        -1        -0        -9        -8        -7        -6        -5        -4        -3        -2        -1         0         1         2         3         4         5         6         7         8         9         0         1         
     098765432109876543210987654321098765432109876543210987654321098765432109876543210987654321098765432109876543210987654321012345678901234567890123456789012345678901234567890123456789012345678901234567890123456789012345678901234567890123456789
 -40                     0000                                                                                 000                        000                                                                                   00                    
 -39                      0000000000                                        0000                        000000000                        00000000                                                   00000                   0000                     
 -38                       000000000000             00000                 000000000               000000000000000                        000000000000                     00000                 0000000000000            0000000                     
 -37                       0000000000000000    00000000000000          0000000000000000    0000000000000000000000                        0000000000000000             0000000000000000      0000000000000000000000   0000000000                      
 -36                        000000000000110000000000000000000000    000000000000000000000000000000000000000000000                        00000000000000000000    0000000000000000000000000000000000000000000000000000000000000                       
 -35                         000000000000000000000000000000000000000000000000000000000000000000000000000000000000                        0000000000000000000000000000000000000000000000000000000000000000000000000000000000000                       
 -34                          00000000000000000000000000000000000000000000000000000000000000000000000000000000000                        000000000000000000000000000000000000000000000000000000000000000000000000000000000000                        
 -33                          00000000000000000000000000000000000000000000000000000000000000000000000000000000000                        000000000000000000000000000000000000000000000000000000000000000000000000000000000000                        
 -32                           0000000000000000000000000000000000000000000000000000000000000000000000000000000000                        00000000000000000000000000000000000000000000000000000000000000000000000000000000000                         
 -31                           0000000000000000000000000000000000000000000000000000000000000000000000000000000000                        00000000000000000000000000000000000000000000000000000000000000000000000000000000000                         
 -30                          00000000000000000000000000000000000000000000000000000000000000000000000000100000000                        000000000000000000000000000000000000000000000000000000000000000000000000000000000000                        
 -29                          00000000000000000000000000000000000000000000000000000000000000000000000000100000000                        110000000000000000000000000000000000000000000000000000000000000000000000000000000000                        
 -28                          00000000000000000000000000000000000000000000000000000000000000000000000000000000000                        110000000000000000000000000000000000000000000000000000000000000000000000000000000000                        
 -27                         000000000000000000000000000000000000000000000000000001110000000000000000000000000000                        1100000000000000000000000000000000000000000000000000000000000000000000000000000000000                       
 -26                         000000000000000000000000000000000000000000011111111111110000000000000000000000000000                        1100000000000000000000000000000000000000000000000000000000000000000000000000000000000                       
 -25                         000000000000000000001000000000000000000000011111111111111000000000000000000000000000                        1100000000000000000000000000000000000000000000000000000000000000000000000000000000000                       
 -24                         000000000000000000000000000000000000000000011111111111111100000000000000000000000000                        1100000001000000000000000000000000000000000000000000000000000000000000000000000000000                       
 -23                        0000000000000000000010000000000000000000000011111111111111111111000000000000000000000                        11000000011100000000000000000000000000000000000000000000000000000000000000000000000000                      
 -22                        0000000000000000000000000000000000000000000011111111111111111111100000000000000000000                        11000000011111000000000000000000000000000000000000000000000000000000000000000000000000                      
 -21                        0000000000000000000000000000000000000000000011111111111111111111110000000000000000000                        11000000011111111000000000000000000000000000000000000000000000000000000000000000000000                      
 -20                       00000000000000000000000000000000000000000000011111111111111111111111000000000000000000                        11000000011111000000000000000000000000000000000000000000000000000000000000000000000000                      
 -19                       00000000000000000000000000000000000000000000011111111111111111111111100000000000000000                        110000000110000000000000000000000000000000000000000000000000000000000000000000000000000                     
 -18                       00000000000000100000000000000000000000000000011111111111111111111111100000000000000000                        000000000000000000000000000000000000000000000000000000000000000000000000000000000000000                     
 -17                      000000000000100000001010110000000000000000000000000000000000000000001100000000000000000                        000000000000000000000000000000000000000000000000000000000000000000000000000000000000000                     
 -16                      000000000001111001011111110000000000000000000000000000000000000000001100000000000000000                        000000000000000000000000000000000000000000000000000000000000000000000000000000000000000                     
 -15                      000000000111111111111111110000000000000000000000000000000000000000001100000000000000000                        000000000000000000000000000000000000000000000000000000000000000000000000000000000000000                     
 -14                     0000000001111111111111111110000000000000000000000000000000000000000001100000000000000000                        0000000000000000000000000000000000000000000001110000000000000000000000000000000000000000                    
 -13                     0000000000000000111111111110000000000000000000000000000000000000000001100000001100000000                        0000000000000000000000000000111111111111111111110000000000000000000000000000000000000000                    
 -12 000000000000000000000000000000000000111111111110000000000000000000000000000000000000000001100000001100000000                        000000000000000000000000011111111111111111111111000000000000000000000000000000000000000000000000000000000000
 -11 000000000000000000000000000000000000111111111111111100000000000000000000000000000000000001100000001100000000                        000000000000000000000001111111111111111111111111100000000000000000000000000000000000000000000000000000000000
 -10 000000000000000000000000000000000000111111111111111100000000000000000000000000000000000001100000001100000000                        000000000000000000001111111111111111111111111111110000000000000000000000000000000000000000000000000000000000
  -9 000000000000000000000000000000000000111111111111111100000000000000000000000000000000000001100000001100000000                        000000000111111111111111111111111111111111111111111100000000000000000000000000000000000000000000000000000000
  -8 000000000000000000000000000000000000111111111111111100000000000000000000000000000000000011100000001100000000                        000000000111111111111111111111111111111111111111111111111111100000000000000000000000000000000000000000000000
  -7 000000000000000000000000000000000000111111111111111100000000000000000000000000000000000111100000001100000000                        110000000111111111111111111111111111111111111111111111111111111100000000000000000000000000000000000000000000
  -6 000000000000000000000000000000000000111111111111111110000000000000000000000000000000001111100000001100000000                        110000000111111111111111111111111111111111111111111111111111111111100000000000000000000000000000000000000000
  -5 000000000000000000000000000000000001111111111111111111000000000000000011111111111111111111100000001100000000                        110000000111111111111111111111111111111111111111111111111111111111110000000000000000000000000000000000000000
  -4 000000000000000000000000000000000011111111111111111111111000000000011111111111111111111111100000001100000000                        110000000111111111111111111111111111111111111111111111111111111111100000000000000000000000000000000000000000
  -3 000000000000000000000000000000000111111111111111111111111111111111111111111111111111111111100000001100000000                        110000000111111111111111111111111000000000011111111111111111111111000000000000000000000000000000000000000000
  -2 000000000000000000000000000000001111111111111111111111111111111111111111111111111111111111100000001100000000                        110000000111111111111111111111000000000000000011111111111111111110000000000000000000000000000000000000000000
  -1 000000000000000000000000000000000111111111111111111111111111111111111111111111111111111111100000001100000000                        110000000111110000000000000000000000000000000001111111111111111110000000000000000000000000000000000000000000
   0 000000000000000000000000000000000000111111111111111111111111111111111111111111111111111111100000001100000000                        110000000111100000000000000000000000000000000000111111111111111110000000000000000000000000000000000000000000
   1 000000000000000000000000000000000000000111111111111111111111111111111111111111111111111111100000000000000000                        110000000111000000000000000000000000000000000000111111111111111110000000000000000000000000000000000000000000
   2 000000000000000000000000000000000000000000000000111111111111111111111111111111111111111111100000000000000000                        110000000110000000000000000000000000000000000000111111111111111110000000000000000000000000000000000000000000
   3 000000000000000000000000000000000000000000000000001111111111111111111111111111110000000000000000000000000000                        110000000110000000000000000000000000000000000000111111111111111110000000000000000000000000000000000000000000
   4 000000000000000000000000000000000000000000000000000111111111111111111111111110000000000000000000000000000000                        110000000110000000000000000000000000000000000000111111111111111110000000000000000000000000000000000000000000
   5 000000000000000000000000000000000000000000000000000011111111111111111111111000000000000000000000000000000000                        110000000110000000000000000000000000000000000000000001111111111110000000000000000000000000000000000000000000
   6 000000000000000000000000000000000000000000000000000011111111111111111111000000000000000000000000000000000000                        110000000110000000000000000000000000000000000000000001111111111110000000000000000000000000000000000000000000
   7 000000000000000000000000000000000000000000000000000011100000000000000000000000000000000000000000000000000000                        000000000110000000000000000000000000000000000000000001111111111110000000000000000000000000000000000000000000
   8 000000000000000000000000000000000000000000000000000000000000000000000000000000000000000000000000000000000000                        000000000110000000000000000000000000000000000000000001111111111111111100000000000000000000000000000000000000
   9 000000000000000000000000000000000000000000000000000000000000000000000000000000000000000000000000000000000000                        000000000110000000000000000000000000000000000000000001111111010011110000000000000000000000000000000000000000
  10 000000000000000000000000000000000000000000000000000000000000000000000000000000000000000000000000000000000000                        000000000110000000000000000000000000000000000000000001101010000000100000000000000000000000000000000000000000
  11 000000000000000000000000000000000000000000000000000000000000000000000000000000000000000000000000000000000000                        000000000111111111111111111111111000000000000000000000000000000100000000000000000000000000000000000000000000
  12                     0000000000000000000000000000000000000000000000000000000000000000000001100000001100000000                        0000000001111111111111111111111110000000000000000000000000000000000000000000000000000000                    
  13                     0000000000000000000000000000000000000000000000000000000000000000001111100000001100000000                        0000000000111111111111111111111110000000000000000000000000000000000000000000000000000000                    
  14                      000000000000000000000000000000000000000000000000000000000000001111111100000001100000000                        000000000001111111111111111111111000000000000000000000000000000000000000000000000000000                     
  15                      000000000000000000000000000000000000000000000000000000000000000001111100000001100000000                        000000000000111111111111111111111000000000000000000000000000000000000000000000000000000                     
  16                      000000000000000000000000000000000000000000000000000000000000000000011100000001100000000                        000000000000011111111111111111111000000000000000000000001000000000000000000000000000000                     
  17                      000000000000000000000000000000000000000000000000000000000000000000000100000001100000000                        00000000000000000011111111111111100000000000000000000000000000000000000000000000000000                      
  18                      000000000000000000000000000000000000000000000000000000000000000000000000000001100000000                        00000000000000000001111111111111100000000000000000000001000000000000000000000000000000                      
  19                       00000000000000000000000000000000000000000000000000000000000000000000000000001100000000                        00000000000000000000111111111111100000000000000000000000000000000000000000000000000000                      
  20                       00000000000000000000000000000000000000000000000000000000000000000000000000001100000000                        0000000000000000000011100000000000000000000000000000000000000000000000000000000000000                       
  21                       00000000000000000000000000000000000000000000000000000000000000000000000000001100000000                        0000000000000000000000000000000000000000000000000000000000000000000000000000000000000                       
  22                       00000000000000000000000000000000000000000000000000000000000000000000000000001100000000                        1000000000000000000000000000000000000000000000000000000000000000000000000000000000000                       
  23                        0000000000000000000000000000000000000000000000000000000000000000000000000000000000000                        100000000000000000000000000000000000000000000000000000000000000000000000000000000000                        
  24                        0000000000000000000000000000000000000000000000000000000000000000000000000000000000000                        000000000000000000000000000000000000000000000000000000000000000000000000000000000000                        
  25                        0000000000000000000000000000000000000000000000000000000000000000000000000000000000000                        000000000000000000000000000000000000000000000000000000000000000000000000000000000000                        
  26                        0000000000000000000000000000000000000000000000000000000000000000000000000000000000000                        000000000000000000000000000000000000000000000000000000000000000000000000000000000000                        
  27                         000000000000000000000000000000000000000000000000000000000000000000000000000000000000                        00000000000000000000000000000000000000000000000000000000000000000000000000000000000                         
  28                         000000000000000000000000000000000000000000000000000000000000000000000000000000000000                        00000000000000000000000000000000000000000000000000000000000000000000000000000000000                         
  29                         000000000000000000000000000000000000000000000000000000000000000000000000000000000000                        00000000000000000000000000000000000000000000000000000000000000011000000000000000000                         
  30                          00000000000000000000000000000000000000000000000000000000000000000000000000000000000                        0000000000000000000000000000000000000000000000000000000000000000000000000000000000                          
  31                          00000000000000000000000000000000000000000000000000000000000000000000000000000000000                        0000000000000000000000000000000000000000000000000000000000000000000000000000000000                          
  32                         000000000000000000000000000000000000000000000000000000000000000000000000000000000000                        00000000000000000000000000000000000000000000000000000000000000000000000000000000000                         
  33                         000000000000000000000000000000000000000000000000000000000000000000000000000000000000                        00000000000000000000000000000000000000000000000000000000000000000000000000000000000                         
  34                        0000000000000000000000000000000000000000000000000000000000000000000000000000000000000                        000000000000000000000000000000000000000000000000000000000000000000000000000000000000                        
  35                        0000000000000000000000000000000000000000000000000000000000000    00000000000000000000                        000000000000000000000000000000000000000000000    000000000000000000000000000000000000                       
  36                       0000000000   0000000000000000000000      0000000000000000             0000000000000000                        0000000000000000000000    0000000000000000          00000000000000    000000000000000                       
  37                      0000000            0000000000000                000000                    0000000000000                        000000000000000               000000000                 00000             000000000000                      
  38                      0000                   00000                                                   00000000                        000000000                        0000                                        0000000000                     
  39                     00                                                                                   000                        000                                                                                 0000                    
seats 1952; refused 4362 DR-CLAIM, 2997 DR-KEEP, 1636 DR-SITE, 1051 DR-SLOPE, 960 OB19, 905 DR-PASS
DR-SLOPE asked: a site rising 7 or more is refused
NOT ASKED  DR-CROSS, DR-WAY — the pass may still decline a seat marked 1 under these
