HEIGHTMAP  1 char = 1x1 blocks (the top-left block of each)  x -45..44 across, z -115..114 down
KEY  char = ground height above y10 in bands of 1 block(s): 0 = y10..10, 1 = …; H house or hall  ~ water  @ spawn point  ! goal  space = void
         -4        -3        -2        -1         0         1         2         3         4    
     543210987654321098765432109876543210987654321012345678901234567890123456789012345678901234
-115                               222222222222222222222222222222                              
-114                               222222222222222222222222222222                              
-113                               222222222222222222222222222222                              
-112                               22222HHHHHHHHHHHHHHHHHHHH22222                              
-111                               22222HHHHHHHHHHHHHHHHHHHH22222                              
-110                               22222HHHHHHHHHHHHHHHHHHHH22222                              
-109                               22222HHHHHHHHHHHHHHHHHHHH22222                              
-108                               22222HHHHHHHHHHHHHHHHHHHH22222                              
-107                               22222HHHHHHHHHHHHHHHHHHHH22222                              
-106                               22222HHHHHHHHHHHHHHHHHHHH22222                              
-105                               22222HHHHHHHHHHHHHHHHHHHH22222                              
-104                               22222HHHHHHHHHHHHHHHHHHHH22222                              
-103                               22222HHHHHHHHHHHHHHHHHHHH22222                              
-102                               22222HHHHHHHHHHHHHHHHHHHH22222                              
-101                               22222HHHHHHHHHHHHHHHHHHHH22222                              
-100                               22222HHHHHHHHHHHHHHHHHHHH22222                              
 -99                               22222HHHHHHHHHHHHHHHHHHHH22222                              
 -98                               222222222222222222222222222222                              
 -97                               222222222222222222222222222222                              
 -96                               222222222222222222222222222222                              
 -95 000000000000000000000001111122222222222222222222222222222222221111100000000000000000000000
 -94 000000000000000000000000111122222222222222222222222222222222221111000000000000000000000000
 -93 000000000000000000000000111111222222111111111111111222222222111111000000000000000000000000
 -92 000000000000000000000000111111111111111111111111111111111111111111000000000000000000000000
 -91 000000000000000000000000011111111111111111111111111111111111111110000000000000000000000000
 -90 000000000000000000000000001111111111111111111111111111111111111100000000000000000000000000
 -89 0000000000000000000000000000011111111111111111111111111111111000HHHHHHHHHHH000000000000000
 -88 0000000000000000000000000000000000000000000000000000000000000000HHHHHHHHHHH000000000000000
 -87 00000000000000HHHHHHHHHHH000000000000000000000000000000000000000HHHHHHHHHHH000000000000000
 -86 00000000000000HHHHHHHHHHH000000000000000000000000000000000000000HHHHHHHHHHH000000000000000
 -85 00000000000000HHHHHHHHHHH000000000000000000000000000000000000000HHHHHHHHHHH000000000000000
 -84 00000000000000HHHHHHHHHHH000000000000000000000000000000000000000HHHHHHHHHHH000000000000000
 -83 00000000000000HHHHHHHHHHH000000000000000000000000000000000000000HHHHHHHHHHH000000000000000
 -82 00000000000000HHHHHHHHHHH000000000000000000000000000000000000000HHHHHHHHHHH000000000000000
 -81 00000000000000HHHHHHHHHHH000000000000000000000000000000000000000HHHHHHHHHHH000000000000000
 -80 00000000000000HHHHHHHHHHH000000000000000000000000000000000000000HHHHHHHHHHH000000000000000
 -79 00000000000000HHHHHHHHHHH000000000000000000000000000000000000000HHHHHHHHHHH000000000000000
 -78 00000000000000HHHHHHHHHHH00000000000000000000000000000000000000000000000000000000000000000
 -77 00000000000000HHHHHHHHHHH00000000000000000000000000000000000000000000000000000000000000000
 -76 000000000000000000000000000000000000000000000000000000000000000000000000000000000000000000
 -75 000000000000000000000000000000000000000000000000000000000000000000000000000000000000000000
 -74 000000000000000000000000000000000000000000000000000000000000000000000000000000000000000000
 -73 000000000000000000000000000000000000000000000000000000000000000000000000000000000000000000
 -72 000000000000000000000000000000000000000000000000000000000000000000000000000000000000000000
 -71 000000000000000000000000000000000000000000000000000000000000000000000000000000000000000000
 -70 000000000000000000000000000000000000000000000000000000000000000000000000000000000000000000
 -69 000000000000000000000000000000000000000HHHHHHHHHHHHH00000000000000000000000000000000000000
 -68 000000000000000000000000000000000000000HHHHHHHHHHHHH00000000000000000000000000000000000000
 -67 000000000000000000000000000000000000000HHHHHHHHHHHHH00000000000000000000000000000000000000
 -66 000000000000000000000000000000000000000HHHHHHHHHHHHH00000000000000000000000000000000000000
 -65 000000000000000000000000000000000000000HHHHHHHHHHHHH00000000000000000000000000000000000000
 -64 000000000000000000000000000000000000000HHHHHHHHHHHHH000000000000H0000000000000000000000000
 -63 0000000000000000000000000000000HHHHHHHHHHHHHHHHHHHHH000000000000H0000000000000000000000000
 -62 0000000000000000000000000000000HHHHHHHHHHHHHHHHHHHHH0000000000!0H0000000000000000000000000
 -61 0000000000000000000000000000000HHHHHHHHHHHHHHHHHHHHH000000000000H0000000000000000000000000
 -60 0000000000000000000000000000000HHHHHHHHHHHHHHHHHHHHH00000000HHHHH0000000000000000000000000
 -59 0000000000000000000000000000000HHHHHHHHHHHHHHHHHHHHH00000000000000000000000000000000000000
 -58 0000000000000000000000000000000HHHHHHHHHHHHHHHHHHHHH00000000000000000000000000000000000000
 -57 0000000000000000000000000000000HHHHHHHHHHHHHHHHHHHHH00000000000000000000000000000000000000
 -56 000000000000000000000000000000000000000HHHHHHHHHHHHH00000000000000000000000000000000000000
 -55 000000000000000000000000000000000000000HHHHHHHHHHHHH00000000000000000000000000000000000000
 -54 000000000000000000000000000000000000000000000000000000000000000000000000000000000000000000
 -53 000000000000000000000000000000000000000000000000000000000000000000000000000000000000000000
 -52 000000000000000000000000000000000000000000000000000000000000000000000000000000000000000000
 -51 000000000000000000000000000000000000000000000000000000000000000000000000000000000000000000
 -50 000000000000000000000000000000000000000000000000000000000000000000000000000000000000000000
 -49 000000000000000000000000000000000000000000000000000000000000000000000000000000000000000000
 -48 000000000000000000000000000000000000000000000000000000000000000000000000000000000000000000
 -47 000000000000000000000000000000000000000000000000000000000000000000000000000000000000000000
 -46 000000000000000000000000000000000000000000000000000000000000000000000000000000000000000000
 -45 000000000000000000000000000000000000000000000000000000000000000000000000000000000000000000
 -44 000000000000000000000000000000000000000000000000000000000000000000000000000000000000000000
 -43 000000000000000000000000000000000000000000000000000000000000000000000000000000000000000000
 -42 000000000000000000000000000000000000000000000000000000000000000000000000000000000000000000
 -41 000000000000000000000000000000000000000000000000000000000000000000000000000000000000000000
 -40 000000000000000000000000000000000000000000000000000000000000000000000000000000000000000000
 -39 000000000000000000000000000000000000000000000000000000000000000000000000000000000000000000
 -38 000000000000000000000000000000000000000000000000000000000000000000000000000000000000000000
 -37 000000000000000000000000000000000000000000000000000000000000000000000000000000000000000000
 -36 000000000000000000000000000000000000000000000000000000000000000000000000000000000000000000
 -35 000000000000000000000000000000000000000000000000000000000000000000000000000000000000000000
 -34 000000000000000000000000000000000000000000000000000000000000000000000000000000000000000000
 -33 000000000000000000000000000000000000000000000000000000000000000000000000000000000000000000
 -32 000000000000000000000000000000000000000000000000000000000000000000000000000000000000000000
 -31 000000000000000000000000000000000000000000000000000000000000000000000000000000000000000000
 -30 000000000000000000000000000000000000000000000000000000000000000000000000000000000000000000
 -29 000000000000000000000000000000000000000000000000000000000000000000000000000000000000000000
 -28 000000000000000000000000000000000000000000000000000000000000000000000000000000000000000000
 -27 000000000000000000000000000000000000000000000000000000000000000000000000000000000000000000
 -26 000000000000000000000000000000000000000000000000000000000000000000000000000000000000000000
 -25 000000000000000000000000000000000000000000000000000000000000000000000000000000000000000000
 -24 000000000000000000000000000000000000000000000000000000000000000000000000000000000000000000
 -23 000000000000000000000000000000000000000000000000000000000000000000000000000000000000000000
 -22 000000000000000000000000000000000000000000000000000000000000000000000000000000000000000000
 -21 000000000000000000000000000000000000000000000000000000000000000000000000000000000000000000
 -20 000000000000000000000000000000000000000000000000000000000000000000000000000000000000000000
 -19 000000000000000000000000000000000000000000000000000000000000000000000000000000000000000000
 -18 000000000000000000000000000000000000000000000000000000000000000000000000000000000000000000
 -17 000000000000000000000000000000000000000000000000000000000000000000000000000000000000000000
 -16 000000000000000000000000000000000000000000000000000000000000000000000000000000000000000000
 -15                                                                                           
 -14                                                                                           
 -13                                                                                           
 -12                                                                                           
 -11                                                                                           
 -10                                                                                           
  -9                                                                                           
  -8                                                                                           
  -7                                                                                           
  -6                                                                                           
  -5                                                                                           
  -4                                                                                           
  -3                                                                                           
  -2                                                                                           
  -1                                                                                           
   0                                                                                           
   1                                                                                           
   2                                                                                           
   3                                                                                           
   4                                                                                           
   5                                                                                           
   6                                                                                           
   7                                                                                           
   8                                                                                           
   9                                                                                           
  10                                                                                           
  11                                                                                           
  12                                                                                           
  13                                                                                           
  14                                                                                           
  15 000000000000000000000000000000000000000000000000000000000000000000000000000000000000000000
  16 000000000000000000000000000000000000000000000000000000000000000000000000000000000000000000
  17 000000000000000000000000000000000000000000000000000000000000000000000000000000000000000000
  18 000000000000000000000000000000000000000000000000000000000000000000000000000000000000000000
  19 000000000000000000000000000000000000000000000000000000000000000000000000000000000000000000
  20 000000000000000000000000000000000000000000000000000000000000000000000000000000000000000000
  21 000000000000000000000000000000000000000000000000000000000000000000000000000000000000000000
  22 000000000000000000000000000000000000000000000000000000000000000000000000000000000000000000
  23 000000000000000000000000000000000000000000000000000000000000000000000000000000000000000000
  24 000000000000000000000000000000000000000000000000000000000000000000000000000000000000000000
  25 000000000000000000000000000000000000000000000000000000000000000000000000000000000000000000
  26 000000000000000000000000000000000000000000000000000000000000000000000000000000000000000000
  27 000000000000000000000000000000000000000000000000000000000000000000000000000000000000000000
  28 000000000000000000000000000000000000000000000000000000000000000000000000000000000000000000
  29 000000000000000000000000000000000000000000000000000000000000000000000000000000000000000000
  30 000000000000000000000000000000000000000000000000000000000000000000000000000000000000000000
  31 000000000000000000000000000000000000000000000000000000000000000000000000000000000000000000
  32 000000000000000000000000000000000000000000000000000000000000000000000000000000000000000000
  33 000000000000000000000000000000000000000000000000000000000000000000000000000000000000000000
  34 000000000000000000000000000000000000000000000000000000000000000000000000000000000000000000
  35 000000000000000000000000000000000000000000000000000000000000000000000000000000000000000000
  36 000000000000000000000000000000000000000000000000000000000000000000000000000000000000000000
  37 000000000000000000000000000000000000000000000000000000000000000000000000000000000000000000
  38 000000000000000000000000000000000000000000000000000000000000000000000000000000000000000000
  39 000000000000000000000000000000000000000000000000000000000000000000000000000000000000000000
  40 000000000000000000000000000000000000000000000000000000000000000000000000000000000000000000
  41 000000000000000000000000000000000000000000000000000000000000000000000000000000000000000000
  42 000000000000000000000000000000000000000000000000000000000000000000000000000000000000000000
  43 000000000000000000000000000000000000000000000000000000000000000000000000000000000000000000
  44 000000000000000000000000000000000000000000000000000000000000000000000000000000000000000000
  45 000000000000000000000000000000000000000000000000000000000000000000000000000000000000000000
  46 000000000000000000000000000000000000000000000000000000000000000000000000000000000000000000
  47 000000000000000000000000000000000000000000000000000000000000000000000000000000000000000000
  48 000000000000000000000000000000000000000000000000000000000000000000000000000000000000000000
  49 000000000000000000000000000000000000000000000000000000000000000000000000000000000000000000
  50 000000000000000000000000000000000000000000000000000000000000000000000000000000000000000000
  51 000000000000000000000000000000000000000000000000000000000000000000000000000000000000000000
  52 000000000000000000000000000000000000000000000000000000000000000000000000000000000000000000
  53 000000000000000000000000000000000000000000000000000000000000000000000000000000000000000000
  54 00000000000000000000000000000000000000HHHHHHHHHHHHH000000000000000000000000000000000000000
  55 00000000000000000000000000000000000000HHHHHHHHHHHHH000000000000000000000000000000000000000
  56 00000000000000000000000000000000000000HHHHHHHHHHHHHHHHHHHHH0000000000000000000000000000000
  57 00000000000000000000000000000000000000HHHHHHHHHHHHHHHHHHHHH0000000000000000000000000000000
  58 00000000000000000000000000000000000000HHHHHHHHHHHHHHHHHHHHH0000000000000000000000000000000
  59 0000000000000000000000000HHHHH00000000HHHHHHHHHHHHHHHHHHHHH0000000000000000000000000000000
  60 0000000000000000000000000H000000000000HHHHHHHHHHHHHHHHHHHHH0000000000000000000000000000000
  61 0000000000000000000000000H0!0000000000HHHHHHHHHHHHHHHHHHHHH0000000000000000000000000000000
  62 0000000000000000000000000H000000000000HHHHHHHHHHHHHHHHHHHHH0000000000000000000000000000000
  63 0000000000000000000000000H000000000000HHHHHHHHHHHHH000000000000000000000000000000000000000
  64 00000000000000000000000000000000000000HHHHHHHHHHHHH000000000000000000000000000000000000000
  65 00000000000000000000000000000000000000HHHHHHHHHHHHH000000000000000000000000000000000000000
  66 00000000000000000000000000000000000000HHHHHHHHHHHHH000000000000000000000000000000000000000
  67 00000000000000000000000000000000000000HHHHHHHHHHHHH000000000000000000000000000000000000000
  68 00000000000000000000000000000000000000HHHHHHHHHHHHH000000000000000000000000000000000000000
  69 000000000000000000000000000000000000000000000000000000000000000000000000000000000000000000
  70 000000000000000000000000000000000000000000000000000000000000000000000000000000000000000000
  71 000000000000000000000000000000000000000000000000000000000000000000000000000000000000000000
  72 000000000000000000000000000000000000000000000000000000000000000000000000000000000000000000
  73 000000000000000000000000000000000000000000000000000000000000000000000000000000000000000000
  74 000000000000000000000000000000000000000000000000000000000000000000000000000000000000000000
  75 000000000000000000000000000000000000000000000000000000000000000000000000000000000000000000
  76 00000000000000000000000000000000000000000000000000000000000000000HHHHHHHHHHH00000000000000
  77 00000000000000000000000000000000000000000000000000000000000000000HHHHHHHHHHH00000000000000
  78 000000000000000HHHHHHHHHHH000000000000000000000000000000000000000HHHHHHHHHHH00000000000000
  79 000000000000000HHHHHHHHHHH000000000000000000000000000000000000000HHHHHHHHHHH00000000000000
  80 000000000000000HHHHHHHHHHH000000000000000000000000000000000000000HHHHHHHHHHH00000000000000
  81 000000000000000HHHHHHHHHHH000000000000000000000000000000000000000HHHHHHHHHHH00000000000000
  82 000000000000000HHHHHHHHHHH000000000000000000000000000000000000000HHHHHHHHHHH00000000000000
  83 000000000000000HHHHHHHHHHH000000000000000000000000000000000000000HHHHHHHHHHH00000000000000
  84 000000000000000HHHHHHHHHHH000000000000000000000000000000000000000HHHHHHHHHHH00000000000000
  85 000000000000000HHHHHHHHHHH000000000000000000000000000000000000000HHHHHHHHHHH00000000000000
  86 000000000000000HHHHHHHHHHH000000000000000000000000000000000000000HHHHHHHHHHH00000000000000
  87 000000000000000HHHHHHHHHHH0000000000000000000000000000000000000000000000000000000000000000
  88 000000000000000HHHHHHHHHHH0001111111111111111111111111111111100000000000000000000000000000
  89 000000000000000000000000001111111111111111111111111111111111111100000000000000000000000000
  90 000000000000000000000000011111111111111111111111111111111111111110000000000000000000000000
  91 000000000000000000000000111111111111111111111111111111111111111111000000000000000000000000
  92 000000000000000000000000111111222222222111111111111111222222111111000000000000000000000000
  93 000000000000000000000000111122222222222222222222222222222222221111000000000000000000000000
  94 000000000000000000000001111122222222222222222222222222222222221111100000000000000000000000
  95                               222222222222222222222222222222                              
  96                               222222222222222222222222222222                              
  97                               222222222222222222222222222222                              
  98                               22222HHHHHHHHHHHHHHHHHHHH22222                              
  99                               22222HHHHHHHHHHHHHHHHHHHH22222                              
 100                               22222HHHHHHHHHHHHHHHHHHHH22222                              
 101                               22222HHHHHHHHHHHHHHHHHHHH22222                              
 102                               22222HHHHHHHHHHHHHHHHHHHH22222                              
 103                               22222HHHHHHHHHHHHHHHHHHHH22222                              
 104                               22222HHHHHHHHHHHHHHHHHHHH22222                              
 105                               22222HHHHHHHHHHHHHHHHHHHH22222                              
 106                               22222HHHHHHHHHHHHHHHHHHHH22222                              
 107                               22222HHHHHHHHHHHHHHHHHHHH22222                              
 108                               22222HHHHHHHHHHHHHHHHHHHH22222                              
 109                               22222HHHHHHHHHHHHHHHHHHHH22222                              
 110                               22222HHHHHHHHHHHHHHHHHHHH22222                              
 111                               22222HHHHHHHHHHHHHHHHHHHH22222                              
 112                               222222222222222222222222222222                              
 113                               222222222222222222222222222222                              
 114                               222222222222222222222222222222                              
low y10, high y12, range 2
