CLAIMS  1 char = 1 block  x -45..44 across, z -115..114 down
KEY  0 free  1 water  2 paving  3 structure  4 tree  5 boulder  6 flora  7 spawn keep-out  8 door approach  9 goal clearance  a wool-room keep-out  b structure keep-out  space void
         -4        -3        -2        -1         0         1         2         3         4    
     543210987654321098765432109876543210987654321012345678901234567890123456789012345678901234
-115                               777777777777777777777777777777                              
-114                               777777777777777777777777777777                              
-113                               777777777777777777777777777777                              
-112                               777777777777777777777777777777                              
-111                               777777777777777777777777777777                              
-110                               777777777777777777777777777777                              
-109                               777777777777777777777777777777                              
-108                               777777777777bbbbbb777777777777                              
-107                               777777777777bbbbbb777777777777                              
-106                               777777777777bbbbbb777777777777                              
-105                               777777777777bbbbbb777777777777                              
-104                               777777777777bbbbbb777777777777                              
-103                               777777777777bbbbbb777777777777                              
-102                               777777777777777777777777777777                              
-101                               777777777777777777777777777777                              
-100                               777777777777777777777777777777                              
 -99                               777777777777777777777777777777                              
 -98                               777777777777777777777777777777                              
 -97                               777777777777722227777777777777                              
 -96                               777777777777722227777777777777                              
 -95 000000000000000000000000000077777777777777222222777777777777777000000000000000000000000000
 -94 000000000000000000000000000077777777777777222222777777777777777000000000000000000000000000
 -93 000000000000000000000000000077777777777777222222777777777777777000000000000000000000000000
 -92 000000000000000000000000000000000008888888222222888888880000000000000000000000000000000000
 -91 000000000000000000000000000000000008888888222222888888880000000000000000000000000000000000
 -90 000000000000000000000000000000000008888888222222888888880000000000000000000000000000000000
 -89 000000000000000000000000000000000008888888222222888888880000000033333333333000000000000000
 -88 000000000000000000000000000000000008888888222222888888880000000033333333333000000000000000
 -87 000000000000003333333333300000000008888888222222888888880000000033333333333000000000000000
 -86 000000000000003333333333300000000002222222222222222222222222222233333333333000000004000000
 -85 000000000000003333333333222222222222222222222222222222222222222223333333333000000444440000
 -84 000000000000003333333332222222222222222222222222222222222222222223333333333000000444440000
 -83 000000000000003333333332222222222222222222222222222222222222222233333333333000000444440000
 -82 000000000000003333333333222222222228888888222222888888880000000033333333333000000444440000
 -81 000000000000003333333333300000000008888888222222888888880000000033333333333000000444440000
 -80 000000000000003333333333300000000008888888222222888888880000000033333333333000000004000000
 -79 000000000000003333333333300000000008888888222222888888880000000033333333333000000000000000
 -78 000000000000003333333333300000000008888888222222888888880000000000000000000000000000000000
 -77 000000000000003333333333300000000000000000222222000000000000000000000000000000000000000000
 -76 000000000000000000000000000000000000000000222222220000000000000000000000000000000000000000
 -75 000000000000000000000000000000000000000000222222222200000000000000000000000000000000000000
 -74 000000000000000000000000000000000000000000222222222222000000000000000000000000000000000000
 -73 000000000000000000000000000000000000000000222222222222000000000000000000000000000000000000
 -72 000000000000000000000000000000000000000000222222222222999999999999999999900000000000000000
 -71 000000000000000000000000000000000000000000222222002222299999999999999999900000000000000000
 -70 000000000000000000000000000000000000000000222222002222999999999999999999900000000000000000
 -69 000000000000000000000000000000000000000333222222332222999999999999999999900000000000000000
 -68 000000000000000000000000000000000000000333322223332222999999999999999999900000000000000000
 -67 000000000000000000000000000000000000000333322223322222999999999999999999900000000000000000
 -66 000000000000000000000000000000000000000333333333322222999999999999999999900000000000000000
 -65 000000000000000000000000000000000000000333333333322222222299999999999999900000000000000000
 -64 000000000000000000000000000000000000000333333333332222222222222299999999900000000000000000
 -63 000000000000000000000000000000033333333333333333332222222222222299999999900000000000000000
 -62 000000000000000000000000000000033333333333333333333322222222222299999999900000000000000000
 -61 000000000000000000000000000000033333333333333333333399922222222299999999900000000000000000
 -60 000000000000000000000000000000033333333333333333333399999999999999999999900000000000000000
 -59 000000000000000000000000000000033333333333333333333399999999999999999999900000000000000000
 -58 000000000000000000000000000000033333333333333333333399999999999999999999900000000000000000
 -57 000000000000000000000000000000033333333333333333333399999999999999999999900000000000000000
 -56 000000000000000000000000000000000000000333333333333399999999999999999999900000000000000000
 -55 000000000000000000000000000000000000000333333333333399999999999999999999900000000000000000
 -54 000000000000000000000000000000000000000000000000000099999999999999999999900000000000000000
 -53 000000000000000000000000000000000000000000000000000099999999999999999999900000000000000000
 -52 000000000000000000000000000000000000000000000000000099999999999999999999900000000000000000
 -51 000000000000000000000000000000000000000000000000000000000000000000000000000000000000000000
 -50 000000000000000000000000000000000000000000000000000000000000000000000000000000000000000000
 -49 000000000000000000000000000000000000000000000000000000000000000000000000000000000000000000
 -48 000000000000000000000000000000000000000000000000000000000000000000000000000000000000000000
 -47 000000000000000000000000000000000000000000000000000000000000000000000000000000000000000000
 -46 000000000000000000000000000000000000000000000000000000000000000000000000000000000000000000
 -45 000000000000000000000000000000000000000000000000000000000000000000000000000000000000000000
 -44 000000000000000000000000000000000000000000000000000000000000000000000000000000000000000000
 -43 000000000000000000000000000000000000000000000000000000000000000000000000000000000000000000
 -42 000000000000000000000000000000000000000000000000000000000000000000000000000000000000000000
 -41 000000000000000000000000000000000000000000000000000000000000000000000000000000000000000000
 -40 000000000000000000000000000000000000000000000000000000000000000000000000000000000000000000
 -39 000000000000000000000000000000000000000000000000000000000000000000000000000000000000000000
 -38 000000000000000000000000000000000000000000000000000000000000000000000000000000000000000000
 -37 000000000000000000000000000000000000000000000000000000000000000000000000000000000000000000
 -36 000000000000000000000000000000000000000000000000000000000000000000000000000000000000000000
 -35 000000000000000000000000000000000000000000000000000000000000000000000000000000000000000000
 -34 000000000000000000000000000000000000000000000000000000000000000000000000000000000000000000
 -33 000000004400000000000000000000000000000000000000000000000000000000000000000000000000000000
 -32 000000044440000000000000000000000000000000000000000000000000000000000000000000000000000000
 -31 000004444444000000000000000000000000000000000000000000000000000000000000000000000000000000
 -30 000004444444000000000000000000000000000000000000000000000000000000000000000000044000000000
 -29 000000444440000000000000000000000000000000000000000000000000000000000000000004444400000000
 -28 000000444440000000000000000000000000000000000000000000000000000000000000000004444400000000
 -27 000000000000000000000000000000000000000000000000000000000000000000000000000044444400000000
 -26 000000000000000000000000000000000000000000000000000000000000000000000000000004444400000000
 -25 000000000000000000000000000000000000000000000000000000000000000000000000000004444400000000
 -24 000000000000000000000000000000000000000000000000000000000000000000000000000000004000000000
 -23 000000000000000000000000000000000000000000000000000000000000000000000000000000000000000000
 -22 000000000000000000000000000000000000000000000000000000000000000000000000000000000000000000
 -21 000000000000000000000000000000000000000000000000000000000000000000000000000000000000000000
 -20 000000000000000000000000000000000000000000000000000000000000000000000000000000000000000000
 -19 000000000000000000000000000000000000000000000000000000000000000000000000000000000000000000
 -18 000000000000000000000000000000000000000000000000000000000000000000000000000000000000000000
 -17 000000000000000000000000000000000000000000000000000000000000000000000000000000000000000000
 -16 000000000000000000000000000000000000000000000000000000000000000000000000000000000000000000
 -15                                                                                           
 -14                                                                                           
 -13                                                                                           
 -12                                                                                           
 -11                                                                                           
 -10                                                                                           
  -9                                                                                           
  -8                                                                                           
  -7                                                                                           
  -6                                                                                           
  -5                                                                                           
  -4                                                                                           
  -3                                                                                           
  -2                                                                                           
  -1                                                                                           
   0                                                                                           
   1                                                                                           
   2                                                                                           
   3                                                                                           
   4                                                                                           
   5                                                                                           
   6                                                                                           
   7                                                                                           
   8                                                                                           
   9                                                                                           
  10                                                                                           
  11                                                                                           
  12                                                                                           
  13                                                                                           
  14                                                                                           
  15 000000000000000000000000000000000000000000000000000000000000000000000000000000000000000000
  16 000000000000000000000000000000000000000000000000000000000000000000000000000000000000000000
  17 000000000000000000000000000000000000000000000000000000000000000000000000000000000000000000
  18 000000000000000000000000000000000000000000000000000000000000000000000000000000000000000000
  19 000000000000000000000000000000000000000000000000000000000000000000000000000000000000000000
  20 000000000000000000000000000000000000000000000000000000000000000000000000000000000000000000
  21 000000000000000000000000000000000000000000000000000000000000000000000000000000000000000000
  22 000000000000000000000000000000000000000000000000000000000000000000000000000000000000000000
  23 000000000400000000000000000000000000000000000000000000000000000000000000000000000000000000
  24 000000004444400000000000000000000000000000000000000000000000000000000000000000000000000000
  25 000000004444400000000000000000000000000000000000000000000000000000000000000000000000000000
  26 000000004444440000000000000000000000000000000000000000000000000000000000000000000000000000
  27 000000004444400000000000000000000000000000000000000000000000000000000000000000044444000000
  28 000000004444400000000000000000000000000000000000000000000000000000000000000000044444000000
  29 000000000440000000000000000000000000000000000000000000000000000000000000000000444444400000
  30 000000000000000000000000000000000000000000000000000000000000000000000000000000444444400000
  31 000000000000000000000000000000000000000000000000000000000000000000000000000000044440000000
  32 000000000000000000000000000000000000000000000000000000000000000000000000000000004400000000
  33 000000000000000000000000000000000000000000000000000000000000000000000000000000000000000000
  34 000000000000000000000000000000000000000000000000000000000000000000000000000000000000000000
  35 000000000000000000000000000000000000000000000000000000000000000000000000000000000000000000
  36 000000000000000000000000000000000000000000000000000000000000000000000000000000000000000000
  37 000000000000000000000000000000000000000000000000000000000000000000000000000000000000000000
  38 000000000000000000000000000000000000000000000000000000000000000000000000000000000000000000
  39 000000000000000000000000000000000000000000000000000000000000000000000000000000000000000000
  40 000000000000000000000000000000000000000000000000000000000000000000000000000000000000000000
  41 000000000000000000000000000000000000000000000000000000000000000000000000000000000000000000
  42 000000000000000000000000000000000000000000000000000000000000000000000000000000000000000000
  43 000000000000000000000000000000000000000000000000000000000000000000000000000000000000000000
  44 000000000000000000000000000000000000000000000000000000000000000000000000000000000000000000
  45 000000000000000000000000000000000000000000000000000000000000000000000000000000000000000000
  46 000000000000000000000000000000000000000000000000000000000000000000000000000000000000000000
  47 000000000000000000000000000000000000000000000000000000000000000000000000000000000000000000
  48 000000000000000000000000000000000000000000000000000000000000000000000000000000000000000000
  49 000000000000000000000000000000000000000000000000000000000000000000000000000000000000000000
  50 000000000000000000000000000000000000000000000000000000000000000000000000000000000000000000
  51 000000000000000009999999999999999999990000000000000000000000000000000000000000000000000000
  52 000000000000000009999999999999999999990000000000000000000000000000000000000000000000000000
  53 000000000000000009999999999999999999990000000000000000000000000000000000000000000000000000
  54 000000000000000009999999999999999999993333333333333000000000000000000000000000000000000000
  55 000000000000000009999999999999999999993333333333333000000000000000000000000000000000000000
  56 000000000000000009999999999999999999993333333333333333333330000000000000000000000000000000
  57 000000000000000009999999999999999999993333333333333333333330000000000000000000000000000000
  58 000000000000000009999999999999999999993333333333333333333330000000000000000000000000000000
  59 000000000000000009999999999999999999993333333333333333333330000000000000000000000000000000
  60 000000000000000009999999992222222229993333333333333333333330000000000000000000000000000000
  61 000000000000000009999999992222222222223333333333333333333330000000000000000000000000000000
  62 000000000000000009999999992222222222222233333333333333333330000000000000000000000000000000
  63 000000000000000009999999992222222222222233333333333000000000000000000000000000000000000000
  64 000000000000000009999999999999992222222223333333333000000000000000000000000000000000000000
  65 000000000000000009999999999999999999222223333333333000000000000000000000000000000000000000
  66 000000000000000009999999999999999999222223322223333000000000000000000000000000000000000000
  67 000000000000000009999999999999999999222233322223333000000000000000000000000000000000000000
  68 000000000000000009999999999999999999222233222222333000000000000000000000000000000000000000
  69 000000000000000009999999999999999999222200222222000000000000000000000000000000000000000000
  70 000000000000000009999999999999999992222200222222000000000000000000000000000000000000000000
  71 000000000000000009999999999999999999222222222222000000000000000000000000000000000000000000
  72 000000000000000000000000000000000000222222222222000000000000000000000000000000000000000000
  73 000000000000000000000000000000000000222222222222000000000000000000000000000000000000000000
  74 000000000000000000000000000000000000002222222222000000000000000000000000000000000000000000
  75 000000000000000000000000000000000000000022222222000000000000000000000000000000000000000000
  76 000000000000000000000000000000000000000000222222000000000000000003333333333300000000000000
  77 000000000000000000000000000000000000000000222222000000000000000003333333333300000000000000
  78 000000000000000333333333330000000008888888222222888888880000000003333333333300000000000000
  79 000000400000000333333333330000000008888888222222888888880000000003333333333300000000000000
  80 000044444000000333333333330000000008888888222222888888880000000003333333333300000000000000
  81 000044444000000333333333330000000008888888222222888888822222222222333333333300000000000000
  82 000044444000000333333333332222222222222222222222222222222222222222233333333300000000000000
  83 000044444000000333333333322222222222222222222222222222222222222222233333333300000000000000
  84 000044444000000333333333322222222222222222222222222222222222222222333333333300000000000000
  85 000000400000000333333333332222222222222222222222222222280000000003333333333300000000000000
  86 000000000000000333333333330000000008888888222222888888880000000003333333333300000000000000
  87 000000000000000333333333330000000008888888222222888888880000000000000000000000000000000000
  88 000000000000000333333333330000000008888888222222888888880000000000000000000000000000000000
  89 000000000000000000000000000000000008888888222222888888880000000000000000000000000000000000
  90 000000000000000000000000000000000008888888222222888888880000000000000000000000000000000000
  91 000000000000000000000000000000000008888888222222888888880000000000000000000000000000000000
  92 000000000000000000000000000000000008888888222222888888880000000000000000000000000000000000
  93 000000000000000000000000000077777777777777222222777777777777777000000000000000000000000000
  94 000000000000000000000000000077777777777777222222777777777777777000000000000000000000000000
  95                               777777777777722227777777777777                              
  96                               777777777777722227777777777777                              
  97                               777777777777777777777777777777                              
  98                               777777777777777777777777777777                              
  99                               777777777777777777777777777777                              
 100                               777777777777777777777777777777                              
 101                               777777777777777777777777777777                              
 102                               777777777777bbbbbb777777777777                              
 103                               777777777777bbbbbb777777777777                              
 104                               777777777777bbbbbb777777777777                              
 105                               777777777777bbbbbb777777777777                              
 106                               777777777777bbbbbb777777777777                              
 107                               777777777777bbbbbb777777777777                              
 108                               777777777777777777777777777777                              
 109                               777777777777777777777777777777                              
 110                               777777777777777777777777777777                              
 111                               777777777777777777777777777777                              
 112                               777777777777777777777777777777                              
 113                               777777777777777777777777777777                              
 114                               777777777777777777777777777777                              
placed 20, declined 0
