HEIGHTMAP  1 char = 1x1 blocks (the top-left block of each)  x -45..39 across, z -110..109 down
KEY  char = ground height above y12 in bands of 1 block(s): 0 = y12..12, 1 = …; H house or hall  ~ water  @ spawn point  ! goal  space = void
         -4        -3        -2        -1         0         1         2         3         
     5432109876543210987654321098765432109876543210123456789012345678901234567890123456789
-110                          444444444H44444444444444444444                              
-109                          4HHHHHHHHH44444444444444444444                              
-108                          4HHHHHHHHH44444444444444444444                              
-107                          4HHHHHHHHH44444444444444444444                              
-106                          4HHHHHHHHH44444444444444444444                              
-105                          4HHHHHHHHH44444444444444444444                              
-104                          4HHHHHHHHH44444444444444444444                              
-103                          4HHHHHHHHH44444444444444444444                              
-102                          4HHHHHHHHH44444444444444444444                              
-101                          HHHHHHHHHH44444444444444444555                              
-100                          4444444444          5555555555                              
 -99                          4444444444          5555555555                              
 -98                          4444444444          5555555555                              
 -97                          4444455555          5555666666                              
 -96                          4445555555          6666666666                              
 -95                          5555555555          6666666666                              
 -94                          5555555555          6666666666                              
 -93                          5555555555          6666777666                              
 -92                          5555555555          6666666777                              
 -91                          5555556666          6666666667                              
 -90                          5555666666          6666666666                              
 -89                          5555666666          6666666666                              
 -88                          5556666666          6666666666                              
 -87                          5566666666          6666666666                              
 -86                          5566666666          6666666666                              
 -85                          5566666666666666666666666666666666666666                    
 -84                          6666666666666666666666666666666666666666                    
 -83                          6666666666666666666666666666666666666666                    
 -82                          6666666666666666666666666666666666666666                    
 -81                          6666666666666666666666666666666666666666                    
 -80                          6666666666666666666666666666666666666666                    
 -79                          6666666666666666666666666666666666666666                    
 -78                          6666666666666666666666666666666666666666                    
 -77                          6666666666666666666666666666666666666666                    
 -76                          6666666666666666666666666666666666666666                    
 -75                          6666666666666666666666666666666666666655                    
 -74                          6666666666666666666666666666666666666555                    
 -73                          6666666666666666666666666666666666655555                    
 -72                          6666666666666666666666666666666666655555                    
 -71                          6666666666666666666666666666666666655555                    
 -70                          666666666666666          666666666555555                    
 -69                          666666666666666          666666666555555                    
 -68                          666666666666666          666666665555444                    
 -67                          556666666666666          666666655554444                    
 -66                          555566666666666          666666555544444                    
 -65                          555555666666666          66666555544444433333322222222222222
 -64                          555555556666666          666655554444443333332222222HHHHHHH2
 -63                          555555555566666          666555544444433333332222222HHHHHHH2
 -62                          555555555556666          655554444443333333332222222HHHHHHH2
 -61                          455555555555666          555544444333333333332222222HHHHHHH2
 -60                          445555555555555          555444443333333322332222222HHHHHHH2
 -59                          444444445555555          444444433333333222222222222HHHHHHH2
 -58                          444444444455555          444443333333332222222222222HHHHHHH2
 -57                          444444444445555          433333333333222222222222222HHHHHHH2
 -56                          444444444444444          333333333322222222222222222HHHHHHH2
 -55                          444444444444444          333333322222222222222222222HHHHHHH2
 -54                          444433333444444          333332222222222222222222222HHHHHHH2
 -53                          333333333333333          222222222222222222222222222HHHHHHH2
 -52                          333333333333333          222222222222222222222222222HHHHHHH2
 -51                          333333333333333          22222222222222222222222222222222222
 -50                          3333333333322222211111111222222211111111                    
 -49                          3333333332222222211111111122221111111111                    
 -48                          3333333332222222111111111111111111111111                    
 -47                          3333332222222222111111111111111111111111                    
 -46                          3332222222222221111111111111111111111110                    
 -45 333333333H3333333333333333332222222222221111111111111111111111000                    
 -44 3HHHHHHHHH3333333333333333332222222222221111111111111111111110000                    
 -43 3HHHHHHHHH3333333333333333333222222222222111111111111111110000000                    
 -42 3HHHHHHHHH3333333333333333333222222222222111111111000000000000000                    
 -41 3HHHHHHHHH3333333333333333333222222222221111111100000000000000000                    
 -40 3HHHHHHHHH3333333333333333333222222222221111111000000000000000000                    
 -39 3HHHHHHHHH3333333333333333333322222222221111111000000000000000000                    
 -38 3HHHHHHHHH3333333333333333333332222222211111110000000000000000000                    
 -37 3HHHHHHHHH3333333333333333333333222222211111110000000000000000000                    
 -36 333333333H3333333333333333333333322222211111100000000000000000000                    
 -35                                              0000000000000000000000000000000000000000
 -34                                              0000000000000000000000000000000000000000
 -33                                              0000000000000000000000000000000000000000
 -32                                              0000000000000000000000000000000000000000
 -31                                              0000000000000000000000000000000000000000
 -30                                              0000000000000000000000000000000000000000
 -29                                              0000000000000000000000000000000000000000
 -28                                              0000000000000000000000000000000000000000
 -27                                              0000000000000000000000000000000000000000
 -26                                              0000000000000000000000000000000000000000
 -25                                              0000000000000000000000000000000000000000
 -24                                              0000000000000000000000000000000000000000
 -23                                              0000000000000000000000000000000000000000
 -22                                              0000000000000000000000000000000000000000
 -21                                              0000000000000000000000000000000000000000
 -20                                              0000000000                    0000000000
 -19                                              0000000000                    0000000000
 -18                                              0000000000                    0000000000
 -17                                              0000000000                    0000000000
 -16                                              0000000000                    0000000000
 -15                                              0000000000                    0000000000
 -14                                              0000000000                    0000000000
 -13                                              0000000000                    0000000000
 -12                                              0000000000                    0000000000
 -11                                              0000000000                    0000000000
 -10                                                                                      
  -9                                                                                      
  -8                                                                                      
  -7                                                                                      
  -6                                                                                      
  -5                                                                                      
  -4                                                                                      
  -3                                                                                      
  -2                                                                                      
  -1                                                                                      
   0                                                                                      
   1                                                                                      
   2                                                                                      
   3                                                                                      
   4                                                                                      
   5                                                                                      
   6                                                                                      
   7                                                                                      
   8                                                                                      
   9                                                                                      
  10                                              0000000000                    0000000000
  11                                              0000000000                    0000000000
  12                                              0000000000                    0000000000
  13                                              0000000000                    0000000000
  14                                              0000000000                    0000000000
  15                                              0000000000                    0000000000
  16                                              0000000000                    0000000000
  17                                              0000000000                    0000000000
  18                                              0000000000                    0000000000
  19                                              0000000000                    0000000000
  20                                              0000000000000000000000000000000000000000
  21                                              0000000000000000000000000000000000000000
  22                                              0000000000000000000000000000000000000000
  23                                              0000000000000000000000000000000000000000
  24                                              0000000000000000000000000000000000000000
  25                                              0000000000000000000000000000000000000000
  26                                              0000000000000000000000000000000000000000
  27                                              0000000000000000000000000000000000000000
  28                                              0000000000000000000000000000000000000000
  29                                              0000000000000000000000000000000000000000
  30                                              0000000000000000000000000000000000000000
  31                                              0000000000000000000000000000000000000000
  32                                              0000000000000000000000000000000000000000
  33                                              0000000000000000000000000000000000000000
  34                                              0000000000000000000000000000000000000000
  35 333333333H3333333333333333333333322222211111100000000000000000000                    
  36 3HHHHHHHHH3333333333333333333333222222211111110000000000000000000                    
  37 3HHHHHHHHH3333333333333333333332222222211111110000000000000000000                    
  38 3HHHHHHHHH3333333333333333333322222222221111111000000000000000000                    
  39 3HHHHHHHHH3333333333333333333222222222221111111000000000000000000                    
  40 3HHHHHHHHH3333333333333333333222222222221111111100000000000000000                    
  41 3HHHHHHHHH3333333333333333333222222222222111111111000000000000000                    
  42 3HHHHHHHHH3333333333333333333222222222222111111111111111110000000                    
  43 3HHHHHHHHH3333333333333333332222222222221111111111111111111110000                    
  44 333333333H3333333333333333332222222222221111111111111111111111000                    
  45                          3332222222222221111111111111111111111110                    
  46                          3333332222222222111111111111111111111111                    
  47                          3333333332222222111111111111111111111111                    
  48                          3333333332222222211111111122221111111111                    
  49                          3333333333322222211111111222222211111111                    
  50                          333333333333333          22222222222222222222222222222222222
  51                          333333333333333          222222222222222222222222222HHHHHHH2
  52                          333333333333333          222222222222222222222222222HHHHHHH2
  53                          444433333444444          333332222222222222222222222HHHHHHH2
  54                          444444444444444          333333322222222222222222222HHHHHHH2
  55                          444444444444444          333333333322222222222222222HHHHHHH2
  56                          444444444445555          433333333333222222222222222HHHHHHH2
  57                          444444444455555          444443333333332222222222222HHHHHHH2
  58                          444444445555555          444444433333333222222222222HHHHHHH2
  59                          445555555555555          555444443333333322332222222HHHHHHH2
  60                          455555555555666          555544444333333333332222222HHHHHHH2
  61                          555555555556666          655554444443333333332222222HHHHHHH2
  62                          555555555566666          666555544444433333332222222HHHHHHH2
  63                          555555556666666          666655554444443333332222222HHHHHHH2
  64                          555555666666666          66666555544444433333322222222222222
  65                          555566666666666          666666555544444                    
  66                          556666666666666          666666655554444                    
  67                          666666666666666          666666665555444                    
  68                          666666666666666          666666666555555                    
  69                          666666666666666          666666666555555                    
  70                          6666666666666666666666666666666666655555                    
  71                          6666666666666666666666666666666666655555                    
  72                          6666666666666666666666666666666666655555                    
  73                          6666666666666666666666666666666666666555                    
  74                          6666666666666666666666666666666666666655                    
  75                          6666666666666666666666666666666666666666                    
  76                          6666666666666666666666666666666666666666                    
  77                          6666666666666666666666666666666666666666                    
  78                          6666666666666666666666666666666666666666                    
  79                          6666666666666666666666666666666666666666                    
  80                          6666666666666666666666666666666666666666                    
  81                          6666666666666666666666666666666666666666                    
  82                          6666666666666666666666666666666666666666                    
  83                          6666666666666666666666666666666666666666                    
  84                          5566666666666666666666666666666666666666                    
  85                          5566666666          6666666666                              
  86                          5566666666          6666666666                              
  87                          5556666666          6666666666                              
  88                          5555666666          6666666666                              
  89                          5555666666          6666666666                              
  90                          5555556666          6666666667                              
  91                          5555555555          6666666777                              
  92                          5555555555          6666777666                              
  93                          5555555555          6666666666                              
  94                          5555555555          6666666666                              
  95                          4445555555          6666666666                              
  96                          4444455555          5555666666                              
  97                          4444444444          5555555555                              
  98                          4444444444          5555555555                              
  99                          4444444444          5555555555                              
 100                          HHHHHHHHHH44444444444444444555                              
 101                          4HHHHHHHHH44444444444444444444                              
 102                          4HHHHHHHHH44444444444444444444                              
 103                          4HHHHHHHHH44444444444444444444                              
 104                          4HHHHHHHHH44444444444444444444                              
 105                          4HHHHHHHHH44444444444444444444                              
 106                          4HHHHHHHHH44444444444444444444                              
 107                          4HHHHHHHHH44444444444444444444                              
 108                          4HHHHHHHHH44444444444444444444                              
 109                          444444444H44444444444444444444                              
low y12, high y19, range 7
