CLAIMS  1 char = 1 block  x -45..39 across, z -110..109 down
KEY  0 free  1 water  2 paving  3 structure  4 tree  5 boulder  6 flora  7 spawn keep-out  8 door approach  9 goal clearance  a wool-room keep-out  b structure keep-out  space void
         -4        -3        -2        -1         0         1         2         3         
     5432109876543210987654321098765432109876543210123456789012345678901234567890123456789
-110                          aaaaaaabbbbba00000000000000000                              
-109                          aaaaaaabbbbba88888880000000000                              
-108                          aabbbbbbbbbba88888886000000000                              
-107                          aabbbbbbbbbba88888880000000000                              
-106                          aabbbbbbbbbba88888880000000000                              
-105                          aabbbbbbbbbba88888880000000000                              
-104                          aabbbbbbbbbba88888880000000000                              
-103                          bbbbbbbbbbbba88888880000000000                              
-102                          bbbbbbbbbbbba88888880000000000                              
-101                          bbbbbbbbbbbba88888880000000000                              
-100                          bbbbbbbbbb          0000000000                              
 -99                          bbbbbbbbbb          0000000000                              
 -98                          aaaaaaaaaa          0000000000                              
 -97                          0888888888          0000000000                              
 -96                          0888888888          0000000000                              
 -95                          0888888888          0006600000                              
 -94                          0888888888          0006600000                              
 -93                          0888888888          0660000000                              
 -92                          0888888888          0660000000                              
 -91                          0888888888          0666600000                              
 -90                          0000000000          0666660000                              
 -89                          0000000000          0666660000                              
 -88                          0000000000          0666600000                              
 -87                          0000000000          0666660060                              
 -86                          0000000000          0666666660                              
 -85                          0666666660000000000006000666600000000000                    
 -84                          0666666666666600006666000666666666666660                    
 -83                          0666666666666600000066000066666666666660                    
 -82                          0666666666666600000000666006666666666660                    
 -81                          0666666666066600000000000006666666666660                    
 -80                          0666666660066600000000000066666666666660                    
 -79                          0666666666666600000000000006666666666660                    
 -78                          0666666666666600000000000000666666666660                    
 -77                          0666666666666660000666666660066606666660                    
 -76                          0666666666666666006666666666066666666660                    
 -75                          0666666666666666006666666666066666666600                    
 -74                          0666666666666666666666666666666666660000                    
 -73                          0006666666666666666666666666666666600000                    
 -72                          0000066666666666666666666666666666600000                    
 -71                          0000666666666600000000000066666666600000                    
 -70                          066666000000060          006666666660660                    
 -69                          066666600066660          000666666666660                    
 -68                          066666660066660          000000666666660                    
 -67                          066666666666660          000000666666660                    
 -66                          066666666666660          000066666666660                    
 -65                          066666666666660          06666666666666000000000777aaaaa7777
 -64                          066666666666660          06666068888888888888888777aaaaa7777
 -63                          066666666666660          06660668888888888888888777aaaaa7777
 -62                          066666666666660          06606668888888888888888777aaaaa7777
 -61                          066666666666660          06066668888888888888888777aaaaa7777
 -60                          066606666666660          066666688888888888888887777bbbbbb77
 -59                          066666666666660          060066688888888888888887777bbbbbb77
 -58                          066666666666660          060666688888888888888887777bbbbbb77
 -57                          066666666666660          006666688888888888888887777bbbbbb77
 -56                          066666666666660          006666688888888888888887777bbbbbb77
 -55                          066666666660060          00666608888888888888888777abbbbbb77
 -54                          066666666666660          06666008888888888888888777aaaaa7777
 -53                          066666666666660          06666008888888888888888777aaaaa7777
 -52                          066666666660000          06666608888888888888888777aaaaa7777
 -51                          066666666666660          06606008888888888888888777aaaaa7777
 -50                          0000000000006600000000000066660000000000                    
 -49                          0000000006666666666666666666666000000000                    
 -48                          0000000006666666666666666666666000000000                    
 -47                          0000000006666666666666666666666000000000                    
 -46                          0000000006666666666666666666666000000000                    
 -45 aaaaaaabbbbba0000000000000000000006666666666666600066666000000000                    
 -44 aaaaaaabbbbba8888888000000000000000666666666666660066666000000000                    
 -43 aabbbbbbbbbba8888888000000000000006666666666666660066666000000000                    
 -42 aabbbbbbbbbba8888888000000000066666666666666666666666666000000000                    
 -41 aabbbbbbbbbba8888888000006666666666660666666666666666666000666600                    
 -40 aabbbbbbbbbba8888888000006666666666600066666666666666066000666660                    
 -39 aabbbbbbbbbba8888888000006666666666000066666666666666006006666660                    
 -38 aabbbbbbbbbba8888888000006666666666000006666666666666000666666660                    
 -37 aaaaaaabbbbba8888888000006666666666000006666666666660000666666660                    
 -36 aaaaaaabbbbba8888888000000000000000000000000006666600000666660660                    
 -35                                              0006666666660000000000000000000000000000
 -34                                              0006666666660000000000000000000066666660
 -33                                              0000066666600000000000000000000666600060
 -32                                              0000006666000000000000000000000666600000
 -31                                              0000000666000000000000000000000066000060
 -30                                              0000000000000000000000000000000000000060
 -29                                              0000000000000000000000000000000000000060
 -28                                              0000000000000000600000000660000000000000
 -27                                              0000000000000000600000000660000000000000
 -26                                              0000000000000006660066000000000000000000
 -25                                              0000000000000000666666000000000000000000
 -24                                              0000000000000000666666000000000000000000
 -23                                              0000000000000000666666000000000000000060
 -22                                              0000666006660666006600000000000000000660
 -21                                              0006666000000000000000000000000000066660
 -20                                              0000000000                    0000000000
 -19                                              0000000000                    0000000000
 -18                                              0000000000                    0000000000
 -17                                              0000000000                    0000000000
 -16                                              0000000000                    0000000000
 -15                                              0000000000                    0000000000
 -14                                              0000000000                    0000000000
 -13                                              0000000000                    0000000000
 -12                                              0000000000                    0000000000
 -11                                              0000000000                    0000000000
 -10                                                                                      
  -9                                                                                      
  -8                                                                                      
  -7                                                                                      
  -6                                                                                      
  -5                                                                                      
  -4                                                                                      
  -3                                                                                      
  -2                                                                                      
  -1                                                                                      
   0                                                                                      
   1                                                                                      
   2                                                                                      
   3                                                                                      
   4                                                                                      
   5                                                                                      
   6                                                                                      
   7                                                                                      
   8                                                                                      
   9                                                                                      
  10                                              0000000000                    0000000000
  11                                              0000000000                    0000000000
  12                                              0000000000                    0000000000
  13                                              0000000000                    0000000000
  14                                              0000000000                    0000000000
  15                                              0000000000                    0000000000
  16                                              0000000000                    0000000000
  17                                              0000000000                    0000000000
  18                                              0000000000                    0000000000
  19                                              0000000000                    0000000000
  20                                              0006666000000000000000000000000000066660
  21                                              0000666006660666006600000000000000000660
  22                                              0000000000000000666666000000000000000060
  23                                              0000000000000000666666000000000000000000
  24                                              0000000000000000666666000000000000000000
  25                                              0000000000000006660066000000000000000000
  26                                              0000000000000000600000000660000000000000
  27                                              0000000000000000600000000660000000000000
  28                                              0000000000000000000000000000000000000060
  29                                              0000000000000000000000000000000000000060
  30                                              0000000666000000000000000000000066000060
  31                                              0000006666000000000000000000000666600000
  32                                              0000066666600000000000000000000666600060
  33                                              0006666666660000000000000000000066666660
  34                                              0006666666660000000000000000000000000000
  35 aaaaaaabbbbba0000000000000000000000000000000006666600000666660660                    
  36 aaaaaaabbbbba8888888000006666666666000006666666666660000666666660                    
  37 aabbbbbbbbbba8888888000006666666666000006666666666666000666666660                    
  38 aabbbbbbbbbba8888888000006666666666000066666666666666006006666660                    
  39 aabbbbbbbbbba8888888000006666666666600066666666666666066000666660                    
  40 aabbbbbbbbbba8888888000006666666666660666666666666666666000666600                    
  41 aabbbbbbbbbba8888888000000000066666666666666666666666666000000000                    
  42 aabbbbbbbbbba8888888000000000000006666666666666660066666000000000                    
  43 aaaaaaabbbbba8888888000000000000000666666666666660066666000000000                    
  44 aaaaaaabbbbba8888888000000000000006666666666666600066666000000000                    
  45                          0000000006666666666666666666666000000000                    
  46                          0000000006666666666666666666666000000000                    
  47                          0000000006666666666666666666666000000000                    
  48                          0000000006666666666666666666666000000000                    
  49                          0000000000006600000000000066660000000000                    
  50                          066666666666660          06606000000600000000000777aaaaa7777
  51                          066666666660000          06666608888888888888888777aaaaa7777
  52                          066666666666660          06666008888888888888888777aaaaa7777
  53                          066666666666660          06666008888888888888888777aaaaa7777
  54                          066666666660060          00666608888888888888888777abbbbbb77
  55                          066666666666660          006666688888888888888887777bbbbbb77
  56                          066666666666660          006666688888888888888887777bbbbbb77
  57                          066666666666660          060666688888888888888887777bbbbbb77
  58                          066666666666660          060066688888888888888887777bbbbbb77
  59                          066606666666660          066666688888888888888887777bbbbbb77
  60                          066666666666660          06066668888888888888888777aaaaa7777
  61                          066666666666660          06606668888888888888888777aaaaa7777
  62                          066666666666660          06660668888888888888888777aaaaa7777
  63                          066666666666660          06666068888888888888888777aaaaa7777
  64                          066666666666660          06666668888888888888888777aaaaa7777
  65                          066666666666660          000066666666660                    
  66                          066666666666660          000000666666660                    
  67                          066666660066660          000000666666660                    
  68                          066666600066660          000666666666660                    
  69                          066666000000060          006666666660660                    
  70                          0000666666666600000000000066666666600000                    
  71                          0000066666666666666666666666666666600000                    
  72                          0006666666666666666666666666666666600000                    
  73                          0666666666666666666666666666666666660000                    
  74                          0666666666666666006666666666066666666600                    
  75                          0666666666666666006666666666066666666660                    
  76                          0666666666666660000666666660066606666660                    
  77                          0666666666666600000000000000666666666660                    
  78                          0666666666666600000000000006666666666660                    
  79                          0666666660066600000000000066666666666660                    
  80                          0666666666066600000000000006666666666660                    
  81                          0666666666666600000000666006666666666660                    
  82                          0666666666666600000066000066666666666660                    
  83                          0666666666666600006666000666666666666660                    
  84                          0666666660000000000006000666600000000000                    
  85                          0000000000          0666666660                              
  86                          0000000000          0666660060                              
  87                          0000000000          0666600000                              
  88                          0000000000          0666660000                              
  89                          0000000000          0666660000                              
  90                          0000000000          0666600000                              
  91                          0888888888          0660000000                              
  92                          0888888888          0660000000                              
  93                          0888888888          0006600000                              
  94                          0888888888          0006600000                              
  95                          0888888888          0000000000                              
  96                          0888888888          0000000000                              
  97                          0888888888          0000000000                              
  98                          bbbbbbbbbb          0000000000                              
  99                          bbbbbbbbbb          0000000000                              
 100                          bbbbbbbbbbbba00000000000000000                              
 101                          bbbbbbbbbbbba88888880000000000                              
 102                          bbbbbbbbbbbba88888880000000000                              
 103                          aabbbbbbbbbba88888880000000000                              
 104                          aabbbbbbbbbba88888880000000000                              
 105                          aabbbbbbbbbba88888880000000000                              
 106                          aabbbbbbbbbba88888880000000000                              
 107                          aabbbbbbbbbba88888886000000000                              
 108                          aaaaaaabbbbba88888880000000000                              
 109                          aaaaaaabbbbba88888880000000000                              
placed 12, declined 0
