CLAIMS  1 char = 1 block  x -56..55 across, z -96..95 down
KEY  0 free  1 water  2 paving  3 structure  4 tree  5 boulder  6 flora  7 spawn keep-out  8 door approach  9 goal clearance  a wool-room keep-out  b structure keep-out  space void
          -5        -4        -3        -2        -1         0         1         2         3         4         5     
     6543210987654321098765432109876543210987654321098765432101234567890123456789012345678901234567890123456789012345
 -96                                         7777777777777777777777777777                                            
 -95                                         7777777777777777777777777777                                            
 -94                                         7777777777777777777777777777                                            
 -93                                         7777777777777777777777777777                                            
 -92                                         7777777777777777777777777777                                            
 -91                                         7777777777777777777777777777                                            
 -90                                         7777777777777777777777777777                                            
 -89                                         77777777777bbbbbb77777777777                                            
 -88                                         77777777777bbbbbb77777777777                                            
 -87                                         77777777777bbbbbb77777777777                                            
 -86                                         77777777777bbbbbb77777777777                                            
 -85                                         77777777777bbbbbb77777777777                                            
 -84                                         77777777777bbbbbb77777777777                                            
 -83                                         7777777777777777777777777777                                            
 -82                                         7777777777777777777777777777                                            
 -81                                         7777777777777777777777777777                                            
 -80                                         7777777777777777777777777777                                            
 -79                                         7777777777777777777777777777                                            
 -78                                3333333777777777777777227777777777777777033                                      
 -77                     00333333333333333377777777777777222277777777777777703333333333333                           
 -76     33333333333333330033333333333333337777777777777722227777777777777770333333333333333300333333333333333300    
 -75     33333333333333330033333333333333337777777777777722227777777777777770333333333333333300333333333333333300    
 -74     33333333333333330033333333333333337777777777777722227777777777777770333333333333333300333333333333333300    
 -73     33333333333333330033333333333333330000000088888822228888888000000000333333333333333300333333333333333300    
 -72     33333333333333330033333333333333330000000088888822228888888000000000333333333333333300333333333333333300    
 -71     33333333333333330033333333333333330000000088888822228888888000000000333333333333333300333333333333333300    
 -70     33333333333333330033333333333333330000000088888822228888888000000000333333333333333300333333333333333300    
 -69     333333333333333300333333333333333300000000888888222288888880000000003333333333333333003333333333333333000   
 -68     333333333333333300333333333333333300000000888888222288888880000000003333333333333333003333333333333333000   
 -67     333333333333333300333333333333333300000000888888222288888880000000003333333333333333003333333333333333000   
 -66     333333333333333300333333333333333300000000888888222288888880000000003333333333333333003333333333333333000   
 -65    0000000000000000000000000000000000000000000888888222288888880000000000000000000000000000000000000000000000   
 -64    0004000000000000000000000000000000000000000888888222288888880000000000000000000000000000000000000000000000   
 -63    0044000000000000000000000000000000000000000888888222288888880000000000000000000000000000000000000000000000   
 -62    0440400000000000000000000000000000000000000888888222288888880000000000000000000000000000000000000000000000   
 -61   04444440000000000000000000000000000000000000888888222288888880000000000000000000000000000000000000000000000   
 -60  0044444044000000000000000000000000000000000008888882222888888800000000000000000000000000000000000000000000000  
 -59 404044444444000000000000000000000000000000000088888822222888888000000000000000000000000000000000000000040440000 
 -58 444440444400000000000000000000000000000000000000000002222000000000000000000000000000000000000000000000444444040 
 -57 4440404444000000000000000000000000000000000000000000022220000000000000000000000000000000000000000000044444404440
 -56 4444444400000000000000000000000000000000000000000000022220000000000000000000000000000000000000000000004444444444
 -55 4444444404000000000000000000000000000000000000000000022220000000000000000000000000000000000000000000444444444044
 -54  44400444440000000000000000000000000000000000000000002222000000000000000000000000000000000000000000004444444444 
 -53   4440440444000000000000000000000000000000000000000002222000000000000000000000000000000000000000000004044444444 
 -52    044444444400000000000000000000000000000000000000002222000000000000000000000000000000000000000000000040444444 
 -51    0440444440000000000000000000000500000000000005500022220000000000000000000000000000000000000000000000444444   
 -50    0444444440000000000000000000055550000000000055550002222000000555500000000005555500000000000000000000004444   
 -49    0044444400000000000000000000055555000000000555550002222000005555550000000005555500000000000000000000444444   
 -48    0040444440000000000000000000555555000000005555555002222000005555550000000055555500000000000000000000044444   
 -47   000044440000000000000000000005555550000000005555500022220000005555500000000055555000000000000000000000044444  
 -46   000000400000000000000000000000555500000000000555500022220000005555000000000005555000000000000000000040044444  
 -45  40440000000000000000000000000000000000000000000500000222200000000000000000000000000000000000000000004404044444 
 -44 444444040000000000000000000000000000000000000000000000222200000000000000000000000000000000000000000440444440444 
 -43 4444404440000000000000000000000000000000000000000000002222000000000000000000000000000000000000000004444440404444
 -42 4444444444044000000000000000000000000000000000000000002222000000000000000000000000000000000000000000444444444400
 -41 4444444044444000000000000000000000000000000000000000002222000000000000000000000000000000000000000004444444444404
 -40 444444444444444000000000000000000000000000000000000000222200000000000000000000000000000000000000000044444400444 
 -39   4444444444440000000000000000000000000000000000000000222200000000000000000000000000000000000000000004444440440 
 -38   044444444444000000000000000000000000000000000000000022220000000000000000000000000000000000000000000004404444  
 -37   44444444440000000000000000000000000000bbbb000000000022220000000000000000000000000000000000000000000004004404  
 -36   04444444444bbbbb00000000000000000000bb0000bb0000000022220000000000000000000000000000000000000000000000004444  
 -35   444440404bbbbbbb0000bbb000000bbb0000b0bbbb0b00000000222200000000000000000000bbb000000bbb00000000000000000444  
 -34   44044400bbbbbbbb0000bbbbbbbbbbbb000b0bbbbbb0b0000000222200000000000000000000bbbbbbbbbbbb00000000000000000404  
 -33   04444440bbbbbbbb0000bbbbbbbbbbbb000b0bbbbbb0b0000000222200000000000000000000bbbbbbbbbbbb00000000000000000044  
 -32   04404400bbbbbbbb000000bbbbbbbb00000b0bbbbbb0b000000002200000000000000000000000bbbbbbbb0000000000000000000000  
 -31   00000400bbbbbbbb0000000000000000000b0bbbbbb0b0000bbbbbbbbbb0000000000000000000000000000000000000000000000000  
 -30   00000000bbbbbbbb00000000000000000000b0bbbb0b00000bbbbbbbbbb0000000000000000000000000000000000000000000000000  
 -29  000000000bbbbbbbb00000000000000000000bb0000bb00000bbbbbbbbbb0000000000000000000000000000000000000000000000000  
 -28  000000000bbbbbbbb000000000000bbbbbbbb00bbbb00bbbb0bbbbbbbbbb0bbbbbbbbbbb000bbb0000000000000000000000000000000  
 -27  000000000bbbbbbbb000000000000bbbbbbbbbbbbbbbbbbbb0bbbbbbbbbb0bbbbbbbbbbbbbbbbbbbb0000000000000000000000000000  
 -26  0000000000000000000000000000bbbbbbbbbbbbbbbbbbbbb0bbbbbbbbbb0bbbbbbbbbbbbbbbbbbbbb000000000000000000000000000  
 -25  0000000000000000000000000000bbb000000bb000bbb00000bbbbbbbbbb000000000000bbb000bbbb000000000000000000000000000  
 -24  0000000000000000000000000000bbb0000000000000000000bbbbbbbbbb0000000000000000000bbb000000000000000000000000000  
 -23  0000000000000000000000000000bbb0000000000000000000bbbbbbbbbb0000000000000000000bbb000000000000000000000000000  
 -22  0000000000000000000000000000bbb0000000000000000000bbbbbbbbbb0000000000000000000bbb000000000000000000000000000  
 -21  000000000000000000000000000bbb00000000000000000000bbbbbbbbbb0000000000000000000bbb000000000000000000000000000  
 -20  000000000000000000000000000bbb00000000000000000000bbbbbbbbbb0000000000000000000bbb000000000000000000000000000  
 -19  000000000000000000000000000bbb0000000000000000000000000000000000000000000000000bbb000000000000000000000000000  
 -18  000000000000000000000000000bbb0000000000000000000000000000000000000000000000000bbb000000000000000000000000000  
 -17  0000000000000000000000000000bbb000000000000000000000000000000000000000000000000bbb000000000000000000000000000  
 -16  000000000000000000000000000bbb0000000000000000000000000000000000000555550000000bbb000000000000000000000000000  
 -15  000000000000000000000000000bbb0000000000000000000000000000000000000555550000000bbb000000000000000000000000000  
 -14  0000000000000000000000000000bbb000000000000000000000000000000000005555555000000bbb000000000000000000000000000  
 -13  000000000000000000000000000bbb0000000000000000000000000000000000005555550000000bbb000000000000000000000000000  
 -12  000000000bbbbbbbb0000000000bbb0000000000000000000000000000000000000555500000000bbb000000000000000000000000000  
 -11  000000000bbbbbbbb0000000000bbb0000000000000000000000000000000000000000000000000bbb000000000000000000000000000  
 -10  000000000bbbbbbbb00000000000bbb000000000000000000000000000000000000000000000000bbb000000000000000000000000000  
  -9  000000000bbbbbbbb00000000000000000000000000000000000000000000000000000000000000000000000000000000000000000000  
  -8  000000000bbbbbbbb0000000bbbbbbbbbbbb00000000000000000000000000000000000000bbbbbbbbbbbb00000000000000000000000  
  -7  000000000bbbbbbbb0000000bbbbbbbbbbbb00000000000000000000000000000000000000bbbbbbbbbbbb00000000000000000000000  
  -6  000000000bbbbbbbb0000000bbbbbbbbbbbb00000000000000000000000000000000000000bbbbbbbbbbbb00000000000000000000000  
  -5  000000000bbbbbbbb0000000bbbbbbbbbbbb00000000000000000000000000000000000000bbbbbbbbbbbb00000000000000000000000  
  -4  000000000bbbbbbbb0000000bbbbbbbbbbbb00000000000000000000000000000000000000bbbbbbbbbbbb00000000000000000000000  
  -3  000000000bbbbbbbb0000000bbbbbbbbbbbb00000000000000000000000000000000000000bbbbbbbbbbbb00000000000000000000000  
  -2  000000000000000000000000bbbbbbbbbbbb00000000000000000000000000000000000000bbbbbbbbbbbb000000000000000000000000 
  -1  000000000000000000000000bbbbbbbbbbbb00000000000000000000000000000000000000bbbbbbbbbbbb000000000000000000000000 
   0  000000000000000000000000bbbbbbbbbbbb00000000000000000000000000000000000000bbbbbbbbbbbb000000000000000000000000 
   1  000000000000000000000000bbbbbbbbbbbb00000000000000000000000000000000000000bbbbbbbbbbbb000000000000000000000000 
   2   00000000000000000000000bbbbbbbbbbbb00000000000000000000000000000000000000bbbbbbbbbbbb0000000bbbbbbbb000000000 
   3   00000000000000000000000bbbbbbbbbbbb00000000000000000000000000000000000000bbbbbbbbbbbb0000000bbbbbbbb000000000 
   4   00000000000000000000000bbbbbbbbbbbb00000000000000000000000000000000000000bbbbbbbbbbbb0000000bbbbbbbb000000000 
   5   00000000000000000000000bbbbbbbbbbbb00000000000000000000000000000000000000bbbbbbbbbbbb0000000bbbbbbbb000000000 
   6   00000000000000000000000bbbbbbbbbbbb00000000000000000000000000000000000000bbbbbbbbbbbb0000000bbbbbbbb000000000 
   7   00000000000000000000000bbbbbbbbbbbb00000000000000000000000000000000000000bbbbbbbbbbbb0000000bbbbbbbb000000000 
   8   00000000000000000000000000000000000000000000000000000000000000000000000000000000000000000000bbbbbbbb000000000 
   9   000000000000000000000000000bbb000000000000000000000000000000000000000000000000bbb00000000000bbbbbbbb000000000 
  10   00000000000000000000000000bbb0000000000000000000000000000000000000000000000000bbb00000000000bbbbbbbb000000000 
  11   00000000000000000000000000bbb0000000005555000000000000000000000000000000000000bbb00000000000bbbbbbbb000000000 
  12   00000000000000000000000000bbb0000000055555500000000000000000000000000000000000bbb0000000000000000000000000000 
  13   000000000000000000000000000bbb000000555555500000000000000000000000000000000000bbb0000000000000000000000000000 
  14   00000000000000000000000000bbb0000000055555000000000000000000000000000000000000bbb0000000000000000000000000000 
  15   00000000000000000000000000bbb0000000055555000000000000000000000000000000000000bbb0000000000000000000000000000 
  16   000000000000000000000000000bbb000000000000000000000000000000000000000000000000bbb0000000000000000000000000000 
  17   00000000000000000000000000bbb0000000000000000000000000000000000000000000000000bbb0000000000000000000000000000 
  18   00000000000000000000000000bbb0000000000000000000000000000000000000000000000000bbb0000000000000000000000000000 
  19   00000000000000000000000000bbb00000000000000000000bbbbbbbbbb0000000000000000000bbb0000000000000000000000000000 
  20   00000000000000000000000000bbb00000000000000000000bbbbbbbbbb0000000000000000000bbb0000000000000000000000000000 
  21   000000000000000000000000000bbb0000000000000000000bbbbbbbbbb0000000000000000000bbb0000000000000000000000000000 
  22   000000000000000000000000000bbb0000000000000000000bbbbbbbbbb0000000000000000000bbb0000000000000000000000000000 
  23   000000000000000000000000000bbb0000000000000000000bbbbbbbbbb0000000000000000000bbb0000000000000000000000000000 
  24   000000000000000000000000000bbbbbbbbbb00bbbbb00000bbbbbbbbbb0bbbbbbb00bbb000000bbb0000000000000000000000000000 
  25   000000000000000000000000000bbbbbbbbbbbbbbbbbbbbb0bbbbbbbbbb0bbbbbbbbbbbbbbbbbbbbb0000000000000000000000000000 
  26   0000000000000000000000000000bbbbbbbbbbbbbbbbbbbb0bbbbbbbbbb0bbbbbbbbbbbbbbbbbbbb000000000000bbbbbbbb000000000 
  27   0000000000000000000000000000000000000bb00000bbbb0bbbbbbbbbb0000000bbbb00bbbbbbbb000000000000bbbbbbbb000000000 
  28   0000000000000000000000000000000000000000000000000bbbbbbbbbb00000bb0000bb00000000000000000000bbbbbbbb000000000 
  29   0000000000000000000000000000000000000000000000000bbbbbbbbbb00000b0bbbb0b00000000000000000000bbbbbbbb00000000  
  30   0000000000000000000000000000000000000000000000000bbbbbbbbbb0000b0bbbbbb0b0000000000000000000bbbbbbbb00400000  
  31   0000000000000000000000bbbbbbbb000000000000000000000002200000000b0bbbbbb0b00000bbbbbbbb000000bbbbbbbb00440440  
  32   44000000000000000000bbbbbbbbbbbb0000000000000000000022220000000b0bbbbbb0b000bbbbbbbbbbbb0000bbbbbbbb04444440  
  33   40400000000000000000bbbbbbbbbbbb0000000000000000000022220000000b0bbbbbb0b000bbbbbbbbbbbb0000bbbbbbbb00444044  
  34   44400000000000000000bbb000000bbb00000000000000000000222200000000b0bbbb0b0000bbb000000bbb0000bbbbbbb404044444  
  35   4444000000000000000000000000000000000000000000000000222200000000bb0000bb00000000000000000000bbbbb44444444440  
  36   404400400000000000000000000000000000000000000000000022220000000000bbbb00000000000000000000000000004444444444  
  37   444404400000000000000000000000000000000000000000000022220000000000000000000000000000000000000000444444444440  
  38  0440444444000000000000000000000000000000000000000000022220000000000000000000000000000000000000000444444444444  
  39  444004444440000000000000000000000000000000000000000002222000000000000000000000000000000000000000444444444444444
  40 4044444444444000000000000000000000000000000000000000002222000000000000000000000000000000000000000004444404444444
  41 0044444444440000000000000000000000000000000000000000002222000000000000000000000000000000000000000004404444444444
  42 4444040444444000000000000000000000000000000000000000002222000000000000000000000000000000000000000000000444044444
  43  444044444044000000000000000000000000000000000000000002222000000000000000000000000000000000000000000000040444444
  44  44444040440000000000000000000000000000000000000000000222200000500000000000000000000000000000000000000000004404 
  45   444440040000000000000000000555500000000000555500000022220005555000000000005555000000000000000000000004000000  
  46   444440000000000000000000000555550000000005555500000022220005555500000000055555500000000000000000000044440000  
  47    4444400000000000000000000055555500000000555555000002222005555555000000005555550000000000000000000444440400   
  48    4444440000000000000000000055555000000000555555000002222000555550000000005555500000000000000000000044444400   
  49    4444000000000000000000000055555000000000055550000002222000555500000000000555500000000000000000000444444440   
  50    4444440000000000000000000000000000000000000000000000222200055000000000000050000000000000000000000444440440   
  51  444444040000000000000000000000000000000000000000000000222200000000000000000000000000000000000000004444444440   
  52  4444444404000000000000000000000000000000000000000000002222000000000000000000000000000000000000000004440440444  
  53 444444444440000000000000000000000000000000000000000000022220000000000000000000000000000000000000000004444400444 
  54 4404444444440000000000000000000000000000000000000000000222200000000000000000000000000000000000000000004044444444
  55 4444444444000000000000000000000000000000000000000000000222200000000000000000000000000000000000000000000044444444
  56 0444044444400000000000000000000000000000000000000000000222200000000000000000000000000000000000000000004444040444
  57  040444444000000000000000000000000000000000000000000000222200000000000000000000000000000000000000000004444044444
  58  00004404000000000000000000000000000000000000000000000022222000000000000000000000000000000000000000044444444040 
  59   000000000000000000000000000000000000000000000000888888222288888880000000000000000000000000000000000440444440  
  60    0000000000000000000000000000000000000000000000088888822228888888000000000000000000000000000000000000444444   
  61    0000000000000000000000000000000000000000000000088888822228888888000000000000000000000000000000000000040440   
  62    0000000000000000000000000000000000000000000000088888822228888888000000000000000000000000000000000000004400   
  63    0000000000000000000000000000000000000000000000088888822228888888000000000000000000000000000000000000004000   
  64    0000000000000000000000000000000000000000000000088888822228888888000000000000000000000000000000000000000000   
  65    000333333333333333300333333333333333300000000008888882222888888800000003333333333333333003333333333333333    
  66    000333333333333333300333333333333333300000000008888882222888888800000003333333333333333003333333333333333    
  67    000333333333333333300333333333333333300000000008888882222888888800000003333333333333333003333333333333333    
  68    000333333333333333300333333333333333300000000008888882222888888800000003333333333333333003333333333333333    
  69     00333333333333333300333333333333333300000000008888882222888888800000003333333333333333003333333333333333    
  70     00333333333333333300333333333333333300000000008888882222888888800000003333333333333333003333333333333333    
  71     00333333333333333300333333333333333300000000008888882222888888800000003333333333333333003333333333333333    
  72     00333333333333333300333333333333333300000000008888882222888888800000003333333333333333003333333333333333    
  73     00333333333333333300333333333333333300000000008888882222888888800000003333333333333333003333333333333333    
  74     00333333333333333300333333333333333300777777777777772222777777777777773333333333333333003333333333333333    
  75     00333333333333333300333333333333333300777777777777772222777777777777773333333333333333003333333333333333    
  76                            33333333333330077777777777777222277777777777777333333333333333300                    
  77                                       3300777777777777777227777777777777773333333                               
  78                                             7777777777777777777777777777                                        
  79                                             7777777777777777777777777777                                        
  80                                             7777777777777777777777777777                                        
  81                                             7777777777777777777777777777                                        
  82                                             7777777777777777777777777777                                        
  83                                             77777777777bbbbbb77777777777                                        
  84                                             77777777777bbbbbb77777777777                                        
  85                                             77777777777bbbbbb77777777777                                        
  86                                             77777777777bbbbbb77777777777                                        
  87                                             77777777777bbbbbb77777777777                                        
  88                                             77777777777bbbbbb77777777777                                        
  89                                             7777777777777777777777777777                                        
  90                                             7777777777777777777777777777                                        
  91                                             7777777777777777777777777777                                        
  92                                             7777777777777777777777777777                                        
  93                                             7777777777777777777777777777                                        
  94                                             7777777777777777777777777777                                        
  95                                             7777777777777777777777777777                                        
decline DR-KEEP boulder 'rock-4' rests on (-1, -21), which is kept clear for a stated structure
placed 30, declined 1
