CLAIMS  1 char = 1 block  x -40..39 across, z -110..109 down
KEY  0 free  1 water  2 paving  3 structure  4 tree  5 boulder  6 flora  7 spawn keep-out  8 door approach  9 goal clearance  a wool-room keep-out  b structure keep-out  space void
     4        -3        -2        -1         0         1         2         3         
     09876543210987654321098765432109876543210123456789012345678901234567890123456789
-110                          777777777777777777777777777777                         
-109                          777777777777777777777777777777                         
-108                          777777777777777777777777777777                         
-107                          777777777777777777777777777777                         
-106                          777777777777777777777777777777                         
-105                          777777777777777777777777777777                         
-104                          777777777777777777777777777777                         
-103                          777777777777bbbbbb777777777777                         
-102                          777777777777bbbbbb777777777777                         
-101                          777777777777bbbbbb777777777777                         
-100                          777777777777bbbbbb777777777777                         
 -99                          777777777777bbbbbb777777777777                         
 -98                          777777777777bb22bb777777777777                         
 -97                          777777777777722227777777777777                         
 -96                          777777777777722227777777777777                         
 -95                          777777777777722222777777777777                         
 -94                          777777777777772222777777777777                         
 -93                          777777777777772222277777777777                         
 -92                          777777777777777222277777777777                         
 -91                          777777777777777222227777777777                         
 -90 00000000000000000000000777777777777777777222277777777777770000000000000000000000
 -89 00000000000000000000000777777777777777777222277777777777770000000000000000000000
 -88 00000000000000000000000777777777777777777722227777777777770000000000000000000000
 -87 00000000000000000000000000000008888888888822228888000000000000000000000000000000
 -86 00000000000000000000000000000008888888888822222888000000000000000000000000000000
 -85 00000000000000000000000000000008888888888882222888000000000000000000000000000000
 -84 00000000000000000000000000000008888888888882222288000000000000000000000000000000
 -83 00000000000000000000000000000008888888888888222288000000000000000000000000000000
 -82 00000000000000000000000000000008888888888888222288000000000000000000000000000000
 -81 00000000000000000000000000000008888888888888222228000000000000000000000000000000
 -80 00000000000000000000000000000008888888888888822228000000000000000000000000000000
 -79 00000000000000000000000000000008888888888888822222000000000000000000000000000000
 -78 00000000000000000000000000000008888888888888882222000000000000000000000000000000
 -77 00000000000000000000000000000008888888888888882222000000000000000000000000000000
 -76 00000000000000000000000000000008888888888888882222200000000003333333330000000000
 -75 00000000000000000000000000000008888888888888888222200000000003333333330000000000
 -74 00000000000000000000000000000008888888888888888222200000000003333333330000000000
 -73 00000000000000000000000000000008888888888888888822220000000003333333330000000000
 -72 00000000000000000000000000000000000000000000000022220000000003333333330000000000
 -71 00000000000000000000000000000000000000000000000022222000000003333333330000000000
 -70 00000000000000000333333333333330099999999999999992222900000003333333330000000000
 -69 03333333333333300333333333333330099999999999999992222900003333333333333330000000
 -68 03333333333333300333333333333330099999999999999992222200003333333333333330000000
 -67 03333333333333300333333333333330099999999999999999222200003333333333333330000000
 -66 03333333333333300333333333333330099999999999999999222200003333333333333330000000
 -65 03333333333333300333333333333330099999999999999999222220003333333333333330000000
 -64 03333333333333300333333333333330099999999999999999922220003333333333333330000000
 -63 03333333333333300333333333333330099999999999999999922220003333333333333330000000
 -62 03333333333333300333333333333330099999999999999999922222003333333333333330000000
 -61 03333333333333300333333333333330099999999999999999992222003333333333333330000000
 -60 03333333333333300333333333333330099999999999999999992222003333333333333330000000
 -59 03333333333333300333333333333330099999999999999999992222003333333333333330000000
 -58 03333333333333300333333333333330099999999999999999999222203333333333333330000000
 -57 00000000000000000000000000000000099999999999999999999222200000000000000000000000
 -56 000000000000bbbbbbbb0000000000000999999999999999999999bbbbbb00000000000000000000
 -55 000000000000bbbbbbbb0000000000000999999999999999999999bbbbbb00000000000000000000
 -54 000000000000bbbbbbbb0000000000000999999999999999999999bbbbbb00000000000000000000
 -53 000000000000bbbbbbbb0000000000000999999999999999999999bbbbbb00000000000000000000
 -52 000000000000bbbbbbbb0000000000000999999999999999999999bbbbbb00000000000000000000
 -51 000004040000bbbbbbbb0000000000000999999999999999999999bbbbbb00000000000004400000
 -50 000044444000bbbbbbbb0000000000000999999999999999999999bbbbbb00000000000044444000
 -49 000044444400bbbbbbbb00000000000000000000000000000000bbbbbbbb00000000000444444000
 -48  00044444440bbbbbbbb00000000000000000000000000000000bbbbbbbb0000000000044444440 
 -47  00044044400bbbbbbbb00000000000000000000000000000000bbbbbbbb0000000000044444440 
 -46  00004444440bbbbbbbb00000000000000000000000000000000bbbbbbbb0000000000444444400 
 -45   0000044444bbbbbbbb00000000000000000000000000000000bbbbbbbb0000000004444400000 
 -44   0004444444bbbbbbbb00000000000000000000000000000000bbbbbbbb000000000444444000  
 -43   0004440444bbbbbbbb00000000000000000000000000000000bbbbbbbb000000000444444000  
 -42   0000444444bbbbbbbb00000000000000000000000000000000bbbbbbbb000000000444444000  
 -41    000044440bbbbbbbb00000000000000000000000000000000bbbbbbbb000000000404440000  
 -40    00004444000000000000000000000000000000000000000000000000000000000004400000   
 -39    00000000000000044400000000000000000000000000000000000000000000000000000000   
 -38     0000000000000444444000000000000000000000000000000000000000000000000000000   
 -37     0000000000004444440044000000000000000000000000000000000000000000000000000   
 -36     000000000000444440444440440000000000000000000000000220000000000000000000    
 -35     000000000000444444444444444000000000000000000000002222000000000000000000    
 -34    0000000000000044444444444444400000000000000000000022222000000000000000000    
 -33    0000000000000044440444444444400000000000000000000022220000000044400000000    
 -32    00000000000000000004444444444000000000000000000002222200000004444400000000   
 -31    00000000000000000004444444444000000000000000000022222000000004444400000000   
 -30   000000000000000000000444444440000000000000000000022222000000444444440000000   
 -29   0000000000000000000004444444000000000000000000022222200000004444440440000000  
 -28   0000000000000000000000044400000000000000000000222222000000044444444440000000  
 -27   0000000000000000000000000000000000000000000022222220000000004444444440000000  
 -26  00000000000000000000000000000000000000000002222222200000000004444444400000000  
 -25  000000000000000000000000000000000000000000222222220000000000000044440000000000 
 -24  000000000000000000000000000000000000000022222222000000000000000444440000000000 
 -23  000000000000000000000000000000000000002222222200000000000000000444440000000000 
 -22 0000000000000000000000000000000000000222222220000000000  00000004444400000000000
 -21 00000000000000000000000000000000000222222222000000000      000000444000000000000
 -20  000000000000000000000000000000000222222220000000000        0000000000000000000 
 -19    00000000000000000000000   000002222220000000000            000000000000000   
 -18      00000000000               00002220000000000                000000000000    
 -17         000000                   0000000000000                    00000000      
 -16           00                       000000000                       00000        
 -15                                      000000                          00         
 -14                                        00                                       
 -13                                                                                 
 -12                                                                                 
 -11                                                                                 
 -10                          000000000000000000000000000000                         
  -9                          000000000000000000000000000000                         
  -8                          000000000000000000000000000000                         
  -7                          000000000000000000000000000000                         
  -6                          000000000000000000000000000000                         
  -5                          000000000000000000000000000000                         
  -4                          000000000000000000000000000000                         
  -3                          000000000000000000000000000000                         
  -2                          000000000000000000000000000000                         
  -1                          000000000000000000000000000000                         
   0                          000000000000000000000000000000                         
   1                          000000000000000000000000000000                         
   2                          000000000000000000000000000000                         
   3                          000000000000000000000000000000                         
   4                          000000000000000000000000000000                         
   5                          000000000000000000000000000000                         
   6                          000000000000000000000000000000                         
   7                          000000000000000000000000000000                         
   8                          000000000000000000000000000000                         
   9                          000000000000000000000000000000                         
  10                                                                                 
  11                                                                                 
  12                                                                                 
  13                                        00                                       
  14          00                          000000                                     
  15        000000                       000000000                       00          
  16       00000000                    0000000000000                   000000        
  17     000000000000                00000000002220000               0000000000      
  18   0000000000000000            000000000022222200000   00000000000000000000000   
  19  0000000000000000000        000000000022222222000000000000000000000000000000000 
  20 000000000000444000000      00000000022222222200000000000000000000000000000000000
  21 00000000000444440000000  0000000000222222220000000000000000000000000000000000000
  22  000000000044444000000000000000002222222200000000000000000000000000000000000000 
  23  000000000044444000000000000000222222220000000000000000000000000000000000000000 
  24  000000000044440000000000000022222222000000000000000000000000000000000000000000 
  25   00000000444444440000000000222222220000000000000000000000000000000000000000000 
  26   0000000444444444000000000222222200000000000000000000000000000000000000000000  
  27   0000000444444444400000002222220000000000000000000044400000000000000000000000  
  28   0000000440444444000000022222200000000000000000004444444000000000000000000000  
  29    000000044444444000000222220000000000000000000044444444000000000000000000000  
  30    00000000444440000000022222000000000000000000044444444440000000000000000000   
  31    00000000444440000000222220000000000000000000044444444440000000000000000000   
  32     0000000044400000000222200000000000000000000044444444440444400000000000000   
  33     0000000000000000002222200000000000000000000044444444444444400000000000000   
  34     000000000000000000222200000000000000000000000444444444444444000000000000    
  35     000000000000000000022000000000000000000000000044044444044444000000000000    
  36    0000000000000000000000000000000000000000000000000004400444444000000000000    
  37    0000000000000000000000000000000000000000000000000000004444440000000000000    
  38    00000000000000000000000000000000000000000000000000000000444000000000000000   
  39    00000440000000000000000000000000000000000000000000000000000000000044440000   
  40   000044404000000000bbbbbbbb00000000000000000000000000000000bbbbbbbb044440000   
  41   000444444000000000bbbbbbbb00000000000000000000000000000000bbbbbbbb4444440000  
  42   000444444000000000bbbbbbbb00000000000000000000000000000000bbbbbbbb4440444000  
  43   000444444000000000bbbbbbbb00000000000000000000000000000000bbbbbbbb4444444000  
  44  0000044444000000000bbbbbbbb00000000000000000000000000000000bbbbbbbb4444400000  
  45  0044444440000000000bbbbbbbb00000000000000000000000000000000bbbbbbbb04444440000 
  46  0444444400000000000bbbbbbbb00000000000000000000000000000000bbbbbbbb00444044000 
  47  0444444400000000000bbbbbbbb00000000000000000000000000000000bbbbbbbb04444444000 
  48 00044444400000000000bbbbbbbb00000000000000000000000000000000bbbbbbbb004444440000
  49 00044444000000000000bbbbbb9999999999999999999990000000000000bbbbbbbb000444440000
  50 00000440000000000000bbbbbb9999999999999999999990000000000000bbbbbbbb000040400000
  51 00000000000000000000bbbbbb9999999999999999999990000000000000bbbbbbbb000000000000
  52 00000000000000000000bbbbbb9999999999999999999990000000000000bbbbbbbb000000000000
  53 00000000000000000000bbbbbb9999999999999999999990000000000000bbbbbbbb000000000000
  54 00000000000000000000bbbbbb9999999999999999999990000000000000bbbbbbbb000000000000
  55 00000000000000000000bbbbbb9999999999999999999990000000000000bbbbbbbb000000000000
  56 00000000000000000000000222299999999999999999999000000000000000000000000000000000
  57 00000003333333333333330222299999999999999999999003333333333333300333333333333330
  58 00000003333333333333330022229999999999999999999003333333333333300333333333333330
  59 00000003333333333333330022229999999999999999999003333333333333300333333333333330
  60 00000003333333333333330022229999999999999999999003333333333333300333333333333330
  61 00000003333333333333330022222999999999999999999003333333333333300333333333333330
  62 00000003333333333333330002222999999999999999999003333333333333300333333333333330
  63 00000003333333333333330002222999999999999999999003333333333333300333333333333330
  64 00000003333333333333330002222299999999999999999003333333333333300333333333333330
  65 00000003333333333333330000222299999999999999999003333333333333300333333333333330
  66 00000003333333333333330000222299999999999999999003333333333333300333333333333330
  67 00000003333333333333330000222229999999999999999003333333333333300333333333333330
  68 00000003333333333333330000922229999999999999999003333333333333300333333333333330
  69 00000000003333333330000000922229999999999999999003333333333333300000000000000000
  70 00000000003333333330000000022222000000000000000000000000000000000000000000000000
  71 00000000003333333330000000002222000000000000000000000000000000000000000000000000
  72 00000000003333333330000000002222000000000000000000000000000000000000000000000000
  73 00000000003333333330000000000222288888888888888888000000000000000000000000000000
  74 00000000003333333330000000000222288888888888888888000000000000000000000000000000
  75 00000000003333333330000000000222228888888888888888000000000000000000000000000000
  76 00000000000000000000000000000022228888888888888888000000000000000000000000000000
  77 00000000000000000000000000000022228888888888888888000000000000000000000000000000
  78 00000000000000000000000000000022222888888888888888000000000000000000000000000000
  79 00000000000000000000000000000002222888888888888888000000000000000000000000000000
  80 00000000000000000000000000000002222288888888888888000000000000000000000000000000
  81 00000000000000000000000000000008222288888888888888000000000000000000000000000000
  82 00000000000000000000000000000008222288888888888888000000000000000000000000000000
  83 00000000000000000000000000000008222228888888888888000000000000000000000000000000
  84 00000000000000000000000000000008822228888888888888000000000000000000000000000000
  85 00000000000000000000000000000008822222888888888888000000000000000000000000000000
  86 00000000000000000000000000000008882222888888888888000000000000000000000000000000
  87 00000000000000000000000000000008882222888888888888000000000000000000000000000000
  88 00000000000000000000000777777777777222277777777777777777770000000000000000000000
  89 00000000000000000000000777777777777222277777777777777777770000000000000000000000
  90                          777777777722222777777777777777                         
  91                          777777777772222777777777777777                         
  92                          777777777772222277777777777777                         
  93                          777777777777222277777777777777                         
  94                          777777777777222227777777777777                         
  95                          777777777777722227777777777777                         
  96                          777777777777722227777777777777                         
  97                          777777777777bb22bb777777777777                         
  98                          777777777777bbbbbb777777777777                         
  99                          777777777777bbbbbb777777777777                         
 100                          777777777777bbbbbb777777777777                         
 101                          777777777777bbbbbb777777777777                         
 102                          777777777777bbbbbb777777777777                         
 103                          777777777777777777777777777777                         
 104                          777777777777777777777777777777                         
 105                          777777777777777777777777777777                         
 106                          777777777777777777777777777777                         
 107                          777777777777777777777777777777                         
 108                          777777777777777777777777777777                         
 109                          777777777777777777777777777777                         
placed 20, declined 0
