INCLINE  1 char = 5x5 blocks (the top-left block of each)  x -213..212 across, z -83..82 down
KEY  char = tens of degrees from level, read 2 cell(s) either side: 0 = 0..9°, 4 = 40..49°, 8 = 80°+;  H house or hall  ~ water  @ spawn point  ! goal  space = void
     -1-0-9-8-7-6-5-4-3-2-1-0-9-8-7-6-5-4-3-2-1 0 1 2 3 4 5 6 7 8 9 0 1 2 3 4 5 6 7 8 9 0 1
     38383838383838383838383838383838383838383832727272727272727272727272727272727272727272
 -83 00000000000000000000  00000000000000000000  00000000000000000000  00000000000000000000
 -78 00000000000000000000  00000000000000000000  00000000000000000000  00000000000000000000
 -73 01111111111111111110  11111111111111111111  11122222222222222111  01111111100111111110
 -68 11111111111111111111  11100000000000000111  11111222111122211111  11111110000001111111
 -63 11111111111111111111  00001111111111110000  11111122222222111111  11111111000011111111
 -58 11111111111111111111  00111000000000011100  11111121111112111111  11111177777777111111
 -53 11111111111111111111  01110100000000101110  11111110000001111111  22111180000008111122
 -48 11111111111111111111  01111010000001011110  11111100000000111111  11111180000008111111
 -43 11111111111111111111  11111110000001111111  11111100000000111111  11111180000008111111
 -38 11111111111111111111  11111220000002211111  11111110000001111111  22111180000008111122
 -33 11111111111111111111  22112332222223321122  11111121111112111111  11111188888888111111
 -28 11111111111111111111  22122333444433322122  11111122222222111111  11111111000011111111
 -23 11111111111111111111  11122333433433322111  11111222111122211111  11111110000001111111
 -18 01111111111111111110  12222223333332222221  11122222222222222111  01111111100111111110
 -13 00000000000000000000  00000000000000000000  00000000000000000000  00000000000000000000
  -8 00000000000000000000  00000000000000000000  00000000000000000000  00000000000000000000
  -3                                                                                       
   2                                                                                       
   7 00000000000000000000  00000000000000000000  00000000000000000000  00000000000000000000
  12 00000000000000000000  00000000000000000000  00000000000000000000  00000000000000000000
  17 01111111111111111110  01111111111111111110  01111111111111111110  01111111111111111110
  22 11111111111111111111  11111111111111111111  11111111111111111111  11111111111111111111
  27 11111111111111111111  11111111111111111111  11111111111111111111  11111111111111111111
  32 11111132222223111111  11111111111111111111  11111110000001111111  11111132222223111111
  37 11111140000004111111  11111112111121111111  11111113000031111111  11111140000004111111
  42 11111150000005111111  11111123000032111111  11111112211221111111  11111150000005111111
  47 11111160000006111111  11111124000042111111  11111112233221111111  11111160000006111111
  52 11111160000006111111  11111124444442111111  11111112322221111111  11111160000006111111
  57 11111166666666111111  11111124444442111111  11111113222221111111  11111166666666111111
  62 11111111111111111111  11111111111111111111  11111111111111111111  11111111111111111111
  67 11111111111111111111  11111111111111111111  11111111111111111111  11111111111111111111
  72 01111111111111111110  01111111111111111110  01111111111111111110  01111111111111111110
  77 00000000000000000000  00000000000000000000  00000000000000000000  00000000000000000000
  82 00000000000000000000  00000000000000000000  00000000000000000000  00000000000000000000
ground by angle: 00-09° 34.2%  10-19° 55.6%  20-29° 5.8%  30-39° 1.4%  40-49° 0.9%  50-59° 0.2%  60-69° 0.9%  70-79° 0.3%  80-89° 0.6%  
2560 sampled cell(s); 3% at 40° or steeper
