## spawn-red -> red-0
ROUTE (4, 104) -> (-44, 74) aim travel: 66 blocks, 3 placed, 1 drop(s), worst drop 4
  place            y   step
  (4, 104)          12
  (4, 103)          12
  (4, 102)          12
  (4, 101)          12
  (4, 100)          12
  (4, 99)           12
  (4, 98)           12
  (4, 97)           12
  (4, 96)           12
  (4, 95)           12
  (4, 94)           12
  (3, 93)           12
  (2, 92)           12
  (1, 91)           12
  (0, 90)           12
  (-1, 89)          12
  (-2, 88)          12
  (-3, 87)          12
  (-4, 86)          12
  (-5, 85)          12
  (-6, 84)          12
  (-7, 83)          12
  (-8, 83)          12
  (-9, 82)          12
  (-10, 82)         12
  (-11, 82)         12
  (-12, 82)         12
  (-13, 82)         12
  (-14, 82)         12
  (-15, 82)         12
  (-16, 82)         12
  (-17, 82)         12
  (-18, 82)         12
  (-19, 82)         12
  (-20, 82)         12
  (-21, 82)         12
  (-22, 81)         12
  (-23, 80)         11
  (-24, 79)         11
  (-25, 78)         10
  (-26, 78)         10
  (-27, 78)          9
  (-28, 78)         13   wall +4
  (-29, 78)         13
  (-30, 77)          9   wall -4
  (-31, 77)          9
  (-32, 77)          9
  (-33, 76)          9
  (-34, 76)          9
  (-35, 76)          9
  (-36, 76)          9
  (-37, 76)          9
  (-38, 76)          9
  (-39, 76)          9
  (-40, 76)          9
  (-41, 76)         10
  (-42, 75)          9
  (-43, 75)          9
  (-44, 74)          9
rises 1, falls 1, worst step 0: wall +4 at (-28, 78); wall -4 at (-30, 77)
beside: redstoneline 0 at (-41, 76) d0, spawn spawn-1 at (4, 101) d0, tree o-2 at (-13, 82) d0, wall 0 at (-29, 78) d0, wool wool-1 at (-44, 74) d0, water pond-back at (-16, 83) d1

## spawn-red -> orange-0
ROUTE (4, 104) -> (44, 66) aim travel: 64 blocks, 3 placed, 1 drop(s), worst drop 4
  place            y   step
  (4, 104)          12
  (4, 103)          12
  (4, 102)          12
  (4, 101)          12
  (4, 100)          12
  (4, 99)           12
  (4, 98)           12
  (4, 97)           12
  (4, 96)           12
  (4, 95)           12
  (4, 94)           12
  (4, 93)           12
  (4, 92)           12
  (4, 91)           12
  (4, 90)           12
  (5, 89)           12
  (6, 88)           12
  (7, 87)           12
  (8, 86)           12
  (9, 85)           12
  (10, 84)          12
  (11, 83)          13
  (12, 82)          13
  (13, 81)          13
  (14, 80)          13
  (15, 79)          13
  (16, 78)          14
  (17, 77)          14
  (18, 76)          14
  (19, 75)          14
  (20, 74)          14
  (21, 73)          13
  (22, 72)          12
  (23, 71)          11
  (24, 70)          10
  (25, 70)          10
  (26, 70)           9
  (27, 70)          13   wall +4
  (28, 70)          13
  (29, 69)           9   wall -4
  (30, 69)           9
  (31, 69)           9
  (32, 68)           9
  (33, 68)           9
  (34, 68)           9
  (35, 68)           9
  (36, 68)           9
  (37, 68)           9
  (38, 68)           9
  (39, 68)           9
  (40, 68)          10
  (41, 67)           9
  (42, 67)           9
  (43, 67)           9
  (44, 66)           9
rises 1, falls 1, worst step 0: wall +4 at (27, 70); wall -4 at (29, 69)
beside: redstoneline 1 at (40, 68) d0, spawn spawn-1 at (4, 101) d0, tree w-3 at (9, 85) d0, wall 1 at (27, 70) d0, wool wool-2 at (41, 67) d0

## spawn-red -> blue-1
ROUTE (4, 104) -> (44, -74) aim travel: 204 blocks, 27 placed, 1 drop(s), worst drop 4
  place            y   step
  (4, 104)          12
  (4, 103)          12
  (4, 102)          12
  (4, 101)          12
  (4, 100)          12
  (4, 99)           12
  (4, 98)           12
  (4, 97)           12
  (4, 96)           12
  (4, 95)           12
  (4, 94)           12
  (4, 93)           12
  (4, 92)           12
  (4, 91)           12
  (4, 90)           12
  (4, 89)           12
  (4, 88)           12
  (4, 87)           12
  (4, 86)           12
  (4, 85)           12
  (4, 84)           12
  (5, 83)           12
  (6, 82)           12
  (7, 81)           12
  (8, 80)           12
  (8, 79)           12
  (8, 78)           12
  (8, 77)           12
  (8, 76)           12
  (8, 75)           12
  (8, 74)           12
  (8, 73)           12
  (8, 72)           12
  (8, 71)           12
  (8, 70)           12
  (8, 69)           12
  (8, 68)           12
  (8, 67)           12
  (8, 66)           12
  (8, 65)           12
  (8, 64)           12
  (8, 63)           13
  (8, 62)           13
  (8, 61)           13
  (8, 60)           13
  (8, 59)           13
  (8, 58)           13
  (8, 57)           13
  (8, 56)           13
  (8, 55)           13
  (8, 54)           13
  (8, 53)           13
  (8, 52)           13
  (8, 51)           13
  (8, 50)           12
  (8, 49)           11
  (8, 48)           11
  (8, 47)           10
  (8, 46)           10
  (8, 45)           10
  (9, 44)            9
  (10, 43)           9
  (11, 42)           9
  (12, 41)           9
  (12, 40)           9
  (13, 39)           9
  (13, 38)           9
  (13, 37)           9
  (13, 36)           9
  (13, 35)           9
  (13, 34)           9
  (13, 33)          10
  (13, 32)          10
  (13, 31)          10
  (13, 30)          10
  (13, 29)          10
  (13, 28)          10
  (13, 27)          10
  (13, 26)          10
  (13, 25)           9
  (13, 24)           9
  (13, 23)           9
  (13, 22)           9
  (13, 21)           9
  (13, 20)           9
  (13, 19)           9
  (13, 18)           9
  (13, 17)           9
  (13, 16)           9
  (13, 15)           9
  (13, 14)           9
  (13, 13)           9
  (13, 12)           9
  (13, 11)           9
  (13, 10)           9
  (13, 9)            9
  (13, 8)            9
  (13, 7)            9
  (13, 6)            9
  (13, 5)            9
  (13, 4)            9
  (13, 3)            9
  (13, 2)            9
  (13, 1)            9
  (13, 0)            9
  (13, -1)           9
  (13, -2)           9
  (13, -3)           9
  (13, -4)           9
  (13, -5)           9
  (13, -6)           9
  (13, -7)           9
  (13, -8)           9
  (13, -9)           9
  (13, -10)          9
  (13, -11)          9
  (13, -12)          9
  (13, -13)          9
  (13, -14)          9
  (13, -15)          9
  (13, -16)          9
  (13, -17)          9
  (13, -18)          9
  (13, -19)          9
  (13, -20)          9
  (13, -21)          9
  (13, -22)          9
  (13, -23)          9
  (13, -24)          9
  (13, -25)          9
  (13, -26)          9
  (13, -27)         10
  (13, -28)         10
  (13, -29)         10
  (13, -30)         10
  (13, -31)         10
  (13, -32)         10
  (13, -33)          9
  (13, -34)          9
  (13, -35)          9
  (13, -36)          9
  (13, -37)          9
  (13, -38)          9
  (13, -39)          9
  (13, -40)          9
  (13, -41)          9
  (13, -42)          9
  (13, -43)          9
  (13, -44)          9
  (13, -45)          9
  (13, -46)         10
  (13, -47)         10
  (13, -48)         10
  (13, -49)         11
  (13, -50)         11
  (13, -51)         11
  (13, -52)         12
  (13, -53)         12
  (13, -54)         12
  (13, -55)         12
  (13, -56)         13
  (13, -57)         14
  (13, -58)         14
  (13, -59)         14
  (14, -60)         14
  (15, -61)         14
  (16, -62)         14
  (17, -63)         13
  (18, -64)         12
  (19, -65)         12
  (20, -66)         12
  (21, -67)         12
  (22, -68)         12
  (23, -69)         11
  (24, -69)         10
  (25, -69)         10
  (26, -69)          9
  (27, -69)         13   wall +4
  (28, -69)         13
  (29, -69)          9   wall -4
  (30, -69)          9
  (31, -69)          9
  (32, -69)          9
  (33, -69)          9
  (34, -69)          9
  (35, -69)          9
  (36, -69)          9
  (37, -69)          9
  (38, -70)          9
  (39, -71)          9
  (40, -72)         10
  (41, -73)          9
  (42, -73)          9
  (43, -73)          9
  (44, -74)          9
rises 1, falls 1, worst step 0: wall +4 at (27, -69); wall -4 at (29, -69)
beside: redstoneline 0#1 at (40, -72) d0, spawn spawn-1 at (4, 101) d0, tree o-1 at (8, 54) d0, tree w-2#1 at (14, -60) d0, tree w-3 at (4, 84) d0, tree w-5#1 at (13, -54) d0, wall 0#1 at (27, -69) d0, wool wool-1#1 at (41, -73) d0, water marsh at (11, 39) d1, water marsh#1 at (11, -36) d2, water pond-front#1 at (11, -57) d2

## spawn-red -> light_blue-1
ROUTE (4, 104) -> (-44, -66) aim travel: 199 blocks, 27 placed, 1 drop(s), worst drop 4
  place            y   step
  (4, 104)          12
  (4, 103)          12
  (4, 102)          12
  (4, 101)          12
  (4, 100)          12
  (4, 99)           12
  (4, 98)           12
  (4, 97)           12
  (4, 96)           12
  (4, 95)           12
  (4, 94)           12
  (3, 93)           12
  (2, 92)           12
  (1, 91)           12
  (0, 90)           12
  (-1, 89)          12
  (-2, 88)          12
  (-3, 87)          12
  (-4, 86)          12
  (-5, 85)          12
  (-6, 84)          12
  (-7, 83)          12
  (-8, 82)          12
  (-8, 81)          12
  (-9, 80)          12
  (-10, 79)         12
  (-10, 78)         12
  (-10, 77)         12
  (-10, 76)         12
  (-10, 75)         12
  (-10, 74)         12
  (-10, 73)         13
  (-10, 72)         13
  (-10, 71)         13
  (-10, 70)         13
  (-10, 69)         12
  (-10, 68)         12
  (-10, 67)         12
  (-10, 66)         12
  (-10, 65)         12
  (-10, 64)         12
  (-10, 63)         12
  (-11, 62)         13
  (-12, 61)         14
  (-13, 60)         14
  (-14, 59)         14
  (-14, 58)         14
  (-14, 57)         14
  (-14, 56)         14
  (-14, 55)         13
  (-14, 54)         12
  (-14, 53)         12
  (-14, 52)         12
  (-14, 51)         12
  (-14, 50)         11
  (-14, 49)         11
  (-14, 48)         11
  (-14, 47)         10
  (-14, 46)         10
  (-14, 45)         10
  (-14, 44)          9
  (-14, 43)          9
  (-14, 42)          9
  (-14, 41)          9
  (-14, 40)          9
  (-14, 39)          9
  (-14, 38)          9
  (-14, 37)          9
  (-14, 36)          9
  (-14, 35)          9
  (-14, 34)          9
  (-14, 33)          9
  (-14, 32)          9
  (-14, 31)         10
  (-14, 30)         10
  (-14, 29)         10
  (-14, 28)         10
  (-14, 27)         10
  (-14, 26)         10
  (-14, 25)          9
  (-14, 24)          9
  (-14, 23)          9
  (-14, 22)          9
  (-14, 21)          9
  (-14, 20)          9
  (-14, 19)          9
  (-14, 18)          9
  (-14, 17)          9
  (-14, 16)          9
  (-14, 15)          9
  (-14, 14)          9
  (-14, 13)          9
  (-14, 12)          9
  (-14, 11)          9
  (-14, 10)          9
  (-14, 9)           9
  (-14, 8)           9
  (-14, 7)           9
  (-14, 6)           9
  (-14, 5)           9
  (-14, 4)           9
  (-14, 3)           9
  (-14, 2)           9
  (-14, 1)           9
  (-14, 0)           9
  (-14, -1)          9
  (-14, -2)          9
  (-14, -3)          9
  (-14, -4)          9
  (-14, -5)          9
  (-14, -6)          9
  (-14, -7)          9
  (-14, -8)          9
  (-14, -9)          9
  (-14, -10)         9
  (-14, -11)         9
  (-14, -12)         9
  (-14, -13)         9
  (-14, -14)         9
  (-14, -15)         9
  (-14, -16)         9
  (-14, -17)         9
  (-14, -18)         9
  (-14, -19)         9
  (-14, -20)         9
  (-14, -21)         9
  (-14, -22)         9
  (-14, -23)         9
  (-14, -24)         9
  (-14, -25)         9
  (-14, -26)         9
  (-14, -27)        10
  (-14, -28)        10
  (-14, -29)        10
  (-14, -30)        10
  (-14, -31)        10
  (-14, -32)        10
  (-14, -33)        10
  (-14, -34)        10
  (-14, -35)         9
  (-14, -36)         9
  (-14, -37)         9
  (-14, -38)         9
  (-14, -39)         9
  (-14, -40)         9
  (-14, -41)         9
  (-14, -42)         9
  (-14, -43)         9
  (-14, -44)         9
  (-14, -45)         9
  (-15, -46)        10
  (-15, -47)        10
  (-15, -48)        10
  (-15, -49)        11
  (-15, -50)        12
  (-15, -51)        13
  (-15, -52)        14
  (-16, -53)        15
  (-17, -54)        15
  (-18, -55)        15
  (-19, -56)        15
  (-20, -57)        15
  (-21, -58)        15
  (-22, -59)        14
  (-23, -60)        13
  (-24, -61)        11
  (-25, -61)        10
  (-26, -61)        10
  (-27, -61)         9
  (-28, -61)        13   wall +4
  (-29, -62)        13
  (-30, -62)         9   wall -4
  (-31, -62)         9
  (-32, -63)         9
  (-33, -63)         9
  (-34, -63)         9
  (-35, -63)         9
  (-36, -63)         9
  (-37, -63)         9
  (-38, -63)         9
  (-39, -63)         9
  (-40, -63)         9
  (-41, -64)        10
  (-42, -65)         9
  (-43, -65)         9
  (-44, -66)         9
rises 1, falls 1, worst step 0: wall +4 at (-28, -61); wall -4 at (-30, -62)
beside: redstoneline 1#1 at (-41, -64) d0, spawn spawn-1 at (4, 101) d0, tree o-2 at (-10, 75) d0, tree w-2 at (-14, 59) d0, tree w-5 at (-14, 35) d0, wall 1#1 at (-29, -62) d0, wool wool-2#1 at (-44, -66) d0, water marsh#1 at (-12, -40) d2, water marsh at (-12, 34) d2, water pond-back at (-5, 89) d2, water pond-front at (-12, 54) d2

## spawn-blue -> red-0
ROUTE (-4, -104) -> (-44, 74) aim travel: 203 blocks, 27 placed, 1 drop(s), worst drop 4
  place            y   step
  (-4, -104)        12
  (-4, -103)        12
  (-4, -102)        12
  (-4, -101)        12
  (-4, -100)        12
  (-4, -99)         12
  (-4, -98)         12
  (-4, -97)         12
  (-4, -96)         12
  (-4, -95)         12
  (-4, -94)         12
  (-4, -93)         12
  (-4, -92)         12
  (-4, -91)         12
  (-4, -90)         12
  (-4, -89)         12
  (-4, -88)         12
  (-4, -87)         12
  (-4, -86)         12
  (-5, -85)         12
  (-6, -84)         12
  (-7, -83)         12
  (-8, -82)         12
  (-9, -81)         12
  (-9, -80)         12
  (-9, -79)         12
  (-9, -78)         12
  (-9, -77)         12
  (-9, -76)         12
  (-9, -75)         12
  (-9, -74)         12
  (-9, -73)         12
  (-9, -72)         12
  (-9, -71)         12
  (-9, -70)         12
  (-9, -69)         12
  (-9, -68)         12
  (-9, -67)         12
  (-9, -66)         12
  (-9, -65)         12
  (-9, -64)         13
  (-9, -63)         13
  (-9, -62)         13
  (-9, -61)         13
  (-9, -60)         13
  (-9, -59)         13
  (-9, -58)         13
  (-9, -57)         13
  (-9, -56)         13
  (-9, -55)         13
  (-9, -54)         13
  (-9, -53)         13
  (-9, -52)         13
  (-9, -51)         12
  (-9, -50)         11
  (-9, -49)         11
  (-9, -48)         10
  (-9, -47)         10
  (-9, -46)         10
  (-9, -45)          9
  (-9, -44)          9
  (-9, -43)          9
  (-9, -42)          9
  (-9, -41)          8
  (-9, -40)          8
  (-9, -39)          8
  (-9, -38)          8
  (-9, -37)          8
  (-9, -36)          9
  (-9, -35)          9
  (-9, -34)          9
  (-9, -33)          9
  (-9, -32)          9
  (-9, -31)          9
  (-9, -30)          9
  (-9, -29)          9
  (-9, -28)          9
  (-9, -27)          9
  (-9, -26)          9
  (-9, -25)          9
  (-9, -24)          9
  (-9, -23)          9
  (-9, -22)          9
  (-9, -21)          9
  (-9, -20)          9
  (-9, -19)          9
  (-9, -18)          9
  (-9, -17)          9
  (-9, -16)          9
  (-9, -15)          9
  (-9, -14)          9
  (-9, -13)          9
  (-9, -12)          9
  (-9, -11)          9
  (-9, -10)          9
  (-9, -9)           9
  (-9, -8)           9
  (-9, -7)           9
  (-9, -6)           9
  (-9, -5)           9
  (-9, -4)           9
  (-9, -3)           9
  (-9, -2)           9
  (-9, -1)           9
  (-9, 0)            9
  (-9, 1)            9
  (-9, 2)            9
  (-9, 3)            9
  (-9, 4)            9
  (-9, 5)            9
  (-9, 6)            9
  (-9, 7)            9
  (-9, 8)            9
  (-9, 9)            9
  (-9, 10)           9
  (-9, 11)           9
  (-9, 12)           9
  (-9, 13)           9
  (-9, 14)           9
  (-9, 15)           9
  (-9, 16)           9
  (-9, 17)           9
  (-9, 18)           9
  (-9, 19)           9
  (-9, 20)           9
  (-9, 21)           9
  (-9, 22)           9
  (-9, 23)           9
  (-9, 24)           9
  (-9, 25)           9
  (-9, 26)           9
  (-9, 27)           9
  (-9, 28)           9
  (-9, 29)           9
  (-9, 30)           9
  (-10, 31)          9
  (-11, 32)          9
  (-11, 33)          9
  (-12, 34)          9
  (-12, 35)          9
  (-13, 36)          9
  (-14, 37)          9
  (-14, 38)          9
  (-14, 39)          9
  (-14, 40)          9
  (-14, 41)          9
  (-14, 42)          9
  (-14, 43)          9
  (-14, 44)          9
  (-14, 45)         10
  (-14, 46)         10
  (-14, 47)         10
  (-14, 48)         11
  (-14, 49)         11
  (-14, 50)         11
  (-14, 51)         12
  (-14, 52)         12
  (-14, 53)         12
  (-14, 54)         12
  (-14, 55)         13
  (-14, 56)         14
  (-14, 57)         14
  (-14, 58)         14
  (-15, 59)         14
  (-16, 60)         14
  (-17, 61)         14
  (-18, 62)         13
  (-19, 63)         12
  (-20, 64)         12
  (-21, 65)         12
  (-22, 66)         12
  (-23, 67)         12
  (-24, 68)         11
  (-25, 68)         10
  (-26, 68)         10
  (-27, 68)          9
  (-28, 68)         13   wall +4
  (-29, 68)         13
  (-30, 68)          9   wall -4
  (-31, 68)          9
  (-32, 68)          9
  (-33, 68)          9
  (-34, 68)          9
  (-35, 68)          9
  (-36, 68)          9
  (-37, 68)          9
  (-38, 68)          9
  (-39, 69)          9
  (-40, 70)          9
  (-41, 71)         10
  (-42, 72)          9
  (-43, 73)          9
  (-44, 74)          9
rises 1, falls 1, worst step 0: wall +4 at (-28, 68); wall -4 at (-30, 68)
beside: redstoneline 0 at (-41, 71) d0, spawn spawn-1#1 at (-4, -104) d0, tree o-1#1 at (-9, -69) d0, tree w-2 at (-22, 66) d0, tree w-3#1 at (-9, -81) d0, tree w-5 at (-14, 37) d0, wall 0 at (-29, 68) d0, water marsh at (-12, 34) d0, water marsh#1 at (-9, -43) d0, wool wool-1 at (-44, 74) d0, tree o-2#1 at (-2, -85) d2, water pond-front at (-12, 54) d2

## spawn-blue -> orange-0
ROUTE (-4, -104) -> (44, 66) aim travel: 199 blocks, 27 placed, 1 drop(s), worst drop 4
  place            y   step
  (-4, -104)        12
  (-4, -103)        12
  (-4, -102)        12
  (-4, -101)        12
  (-4, -100)        12
  (-4, -99)         12
  (-4, -98)         12
  (-4, -97)         12
  (-4, -96)         12
  (-4, -95)         12
  (-4, -94)         12
  (-3, -93)         12
  (-2, -92)         12
  (-1, -91)         12
  (0, -90)          12
  (1, -89)          12
  (2, -88)          12
  (3, -87)          12
  (4, -86)          12
  (5, -85)          12
  (6, -84)          12
  (7, -83)          12
  (7, -82)          12
  (8, -81)          12
  (9, -80)          12
  (9, -79)          12
  (9, -78)          12
  (9, -77)          12
  (9, -76)          12
  (9, -75)          12
  (9, -74)          13
  (9, -73)          13
  (9, -72)          13
  (9, -71)          13
  (9, -70)          12
  (9, -69)          12
  (9, -68)          12
  (9, -67)          12
  (9, -66)          12
  (9, -65)          12
  (9, -64)          12
  (9, -63)          13
  (9, -62)          13
  (9, -61)          13
  (9, -60)          13
  (9, -59)          12
  (9, -58)          12
  (9, -57)          12
  (9, -56)          12
  (9, -55)          12
  (9, -54)          12
  (9, -53)          12
  (9, -52)          12
  (9, -51)          11
  (9, -50)          11
  (9, -49)          11
  (9, -48)          10
  (9, -47)          10
  (9, -46)          10
  (9, -45)           9
  (9, -44)           8
  (9, -43)           8
  (9, -42)           8
  (9, -41)           8
  (9, -40)           8
  (9, -39)           8
  (9, -38)           8
  (9, -37)           8
  (9, -36)           8
  (9, -35)           9
  (9, -34)           9
  (9, -33)           9
  (9, -32)           9
  (9, -31)           9
  (9, -30)           9
  (9, -29)           9
  (9, -28)           9
  (9, -27)           9
  (9, -26)           9
  (9, -25)           9
  (9, -24)           9
  (9, -23)           9
  (9, -22)           9
  (9, -21)           9
  (9, -20)           9
  (9, -19)           9
  (9, -18)           9
  (9, -17)           9
  (9, -16)           9
  (9, -15)           9
  (9, -14)           9
  (9, -13)           9
  (9, -12)           9
  (9, -11)           9
  (9, -10)           9
  (9, -9)            9
  (9, -8)            9
  (9, -7)            9
  (9, -6)            9
  (9, -5)            9
  (9, -4)            9
  (9, -3)            9
  (9, -2)            9
  (9, -1)            9
  (9, 0)             9
  (9, 1)             9
  (9, 2)             9
  (9, 3)             9
  (9, 4)             9
  (9, 5)             9
  (9, 6)             9
  (9, 7)             9
  (9, 8)             9
  (9, 9)             9
  (9, 10)            9
  (9, 11)            9
  (9, 12)            9
  (9, 13)            9
  (9, 14)            9
  (9, 15)            9
  (9, 16)            9
  (9, 17)            9
  (9, 18)            9
  (9, 19)            9
  (9, 20)            9
  (9, 21)            9
  (9, 22)            9
  (9, 23)            9
  (9, 24)            9
  (9, 25)            9
  (9, 26)            9
  (9, 27)            9
  (9, 28)            9
  (9, 29)            9
  (9, 30)            9
  (9, 31)            9
  (9, 32)            9
  (9, 33)            9
  (10, 34)           9
  (11, 35)           9
  (12, 36)           9
  (12, 37)           9
  (13, 38)           9
  (13, 39)           9
  (13, 40)           9
  (13, 41)           9
  (13, 42)           9
  (13, 43)           9
  (13, 44)           9
  (14, 45)          10
  (14, 46)          10
  (14, 47)          10
  (14, 48)          11
  (14, 49)          12
  (14, 50)          13
  (14, 51)          14
  (15, 52)          15
  (16, 53)          15
  (17, 54)          15
  (18, 55)          15
  (19, 56)          15
  (20, 57)          15
  (21, 58)          14
  (22, 59)          13
  (23, 60)          11
  (24, 61)          10
  (25, 61)          10
  (26, 61)           9
  (27, 61)          13   wall +4
  (28, 61)          13
  (29, 62)           9   wall -4
  (30, 62)           9
  (31, 62)           9
  (32, 63)           9
  (33, 63)           9
  (34, 63)           9
  (35, 63)           9
  (36, 63)           9
  (37, 63)           9
  (38, 63)           9
  (39, 63)           9
  (40, 63)          10
  (41, 64)           9
  (42, 64)           9
  (43, 65)           9
  (44, 66)           9
rises 1, falls 1, worst step 0: wall +4 at (27, 61); wall -4 at (29, 62)
beside: redstoneline 1 at (40, 63) d0, spawn spawn-1#1 at (-4, -104) d0, tree o-2#1 at (2, -88) d0, tree w-2#1 at (9, -75) d0, tree w-5#1 at (9, -52) d0, wall 1 at (27, 61) d0, water marsh#1 at (9, -37) d0, water pond-front#1 at (9, -59) d0, wool wool-2 at (41, 64) d0, water marsh at (11, 38) d1, water pond-back#1 at (4, -90) d2

## spawn-blue -> blue-1
ROUTE (-4, -104) -> (44, -74) aim travel: 61 blocks, 3 placed, 1 drop(s), worst drop 4
  place            y   step
  (-4, -104)        12
  (-4, -103)        12
  (-3, -102)        12
  (-2, -101)        12
  (-1, -100)        12
  (0, -99)          12
  (1, -98)          12
  (2, -97)          12
  (3, -96)          12
  (4, -95)          12
  (5, -94)          12
  (6, -94)          12
  (7, -93)          12
  (8, -93)          12
  (9, -92)          12
  (10, -92)         12
  (11, -92)         12
  (12, -91)         12
  (13, -90)         12
  (14, -89)         12
  (15, -88)         12
  (16, -87)         12
  (17, -86)         12
  (18, -85)         12
  (19, -84)         12
  (20, -83)         12
  (21, -82)         12
  (22, -81)         11
  (23, -80)         11
  (24, -79)         10
  (25, -79)         10
  (26, -79)          9
  (27, -79)         13   wall +4
  (28, -79)         13
  (29, -78)          9   wall -4
  (30, -78)          9
  (31, -78)          9
  (32, -77)          9
  (33, -77)          9
  (34, -77)          9
  (35, -77)          9
  (36, -77)          9
  (37, -77)          9
  (38, -77)          9
  (39, -77)          9
  (40, -77)         10
  (41, -76)          9
  (42, -76)          9
  (43, -75)          9
  (44, -74)          9
rises 1, falls 1, worst step 0: wall +4 at (27, -79); wall -4 at (29, -78)
beside: redstoneline 0#1 at (40, -77) d0, spawn spawn-1#1 at (-4, -104) d0, wall 0#1 at (27, -79) d0, water pond-back#1 at (10, -92) d0, wool wool-1#1 at (41, -76) d0

## spawn-blue -> light_blue-1
ROUTE (-4, -104) -> (-44, -66) aim travel: 63 blocks, 3 placed, 1 drop(s), worst drop 4
  place            y   step
  (-4, -104)        12
  (-4, -103)        12
  (-4, -102)        12
  (-4, -101)        12
  (-4, -100)        12
  (-4, -99)         12
  (-4, -98)         12
  (-4, -97)         12
  (-4, -96)         12
  (-4, -95)         12
  (-4, -94)         12
  (-4, -93)         12
  (-4, -92)         12
  (-5, -91)         12
  (-6, -90)         12
  (-7, -89)         12
  (-8, -88)         12
  (-9, -87)         12
  (-10, -86)        12
  (-11, -85)        12
  (-12, -84)        13
  (-13, -83)        13
  (-14, -82)        13
  (-15, -81)        13
  (-16, -80)        13
  (-17, -79)        14
  (-18, -78)        14
  (-19, -77)        14
  (-20, -76)        14
  (-21, -75)        14
  (-22, -74)        13
  (-23, -73)        12
  (-24, -72)        11
  (-25, -71)        10
  (-26, -71)        10
  (-27, -71)         9
  (-28, -71)        13   wall +4
  (-29, -71)        13
  (-30, -70)         9   wall -4
  (-31, -70)         9
  (-32, -70)         9
  (-33, -69)         9
  (-34, -69)         9
  (-35, -69)         9
  (-36, -69)         9
  (-37, -69)         9
  (-38, -69)         9
  (-39, -69)         9
  (-40, -69)         9
  (-41, -69)        10
  (-42, -68)         9
  (-43, -67)         9
  (-44, -66)         9
rises 1, falls 1, worst step 0: wall +4 at (-28, -71); wall -4 at (-30, -70)
beside: redstoneline 1#1 at (-41, -69) d0, spawn spawn-1#1 at (-4, -104) d0, tree w-3#1 at (-22, -74) d0, wall 1#1 at (-29, -71) d0, wool wool-2#1 at (-44, -66) d0
