## tree
SEATS  tree, footprint 1x1, 3 blocks off a route  1 char = 1 block  x -48..47 across, z -108..107 down
KEY  1 the footprint seats with its minimum corner here  0 refused  space void
            -4        -3        -2        -1         0         1         2         3         4       
     876543210987654321098765432109876543210987654321012345678901234567890123456789012345678901234567
-108                                     0000000000000000                                            
-107                                     0000000000000000                                            
-106                                     0000000000000000                                            
-105                                     0000000000000000                                            
-104                                     0000000000000000                                            
-103                                     0000000000000000                                            
-102                                     0000000000000000                                            
-101                                     0000000000000000                                            
-100                                     0000000000000000                                            
 -99                                     0000000000000000                                            
 -98                                     0000000000000000                                            
 -97                                     0000000000000000                                            
 -96                         0         0000000000000000001                 1                         
 -95                          000   000000000000000000000111            111                          
 -94                          00000000000000000000000000011111     1111111                           
 -93                          0000000000000000000000000001111111111111111                            
 -92                           000000000000000000000000001111110000000011                            
 -91                           0000000000000000000000000010000000000000111                           
 -90                            000000000000000000000000000000000000000011                           
 -89                            000000000000000000000000000000000000000011                           
 -88                            0000000000000000000000000000000000000000111                          
 -87                             000000000000000000000000000000000000000111                          
 -86                             000000000000000000000000000000000000000111                          
 -85                              000000000000000000000000000000000000011111                         
 -84                              000000000000000000000000000000000001111111                         
 -83                              000000000000000000000000000000001111111111                         
 -82                             00000000000000000000000000000000001111111111                        
 -81                             00000000000000000000000000000000011111111111                        
 -80                             000000000000                0000011111111111100                  000
 -79                            0000000000000                000001111111111110000000      0000000000
 -78                            0000000000000                0000000001111111100000000000000000000000
 -77                            0000000000000                0000000000000000000000000000000000000000
 -76                           00000000000000                0000000000000000000000000000000000000000
 -75                           00000000000000                0000000000000000000000000000000000000000
 -74                          100000000000000                0000000000000000000000000000000000000000
 -73                         1100000000000000                0000000000000000000000000000000000000000
 -72 000                  0001100000000000000                0000000000000000000000000000000000000000
 -71 0000000000      000000001100000000000000                0000000000000000000000000000000000000000
 -70 0000000000000000000000000000000000000000                0000000000000000000000000000000000000000
 -69 0000000000000000000000000000000000000000                0000000000000000000000000000000000000000
 -68 0000000000000000000000000000000000000000                0000000000000000   000001111110000000   
 -67 0000000000000000000000000000000000000000                000000000000000         111111          
 -66 0000000000000000000000000000000000000000                000000000000000                         
 -65 0000000000000000000000000000000000000000                00000000000000                          
 -64 000000000000000000000000000000000000000000000000011100000000000000000                           
 -63 000000000000000000000000000000000000000000000000011100000000000000000                           
 -62 0000000000      00000000000000000000000000000000001110000000000000000                           
 -61 000                  00000000000000000000000000001100000000000000000                            
 -60                         10000000000000000000000000000000000000000000                            
 -59                         10000000000000000000000000000000000000000000                            
 -58                          0000000000000000000000000000000000000000000                            
 -57                          100000000000000000000000000000000000000000                             
 -56                           10000000000000000000000000000000000000000                             
 -55                           10000000000000000000000000000000000000000                             
 -54                            10000000000000000000000000000000000000000                            
 -53                            11000000000000000000000000000000000000000                            
 -52                             11000000000000000000000001100000000000000                           
 -51                             11111111000000000000000000000000000000000                           
 -50                            111111111100000000000000000000000000000000                           
 -49                            1111111111000000000000000000000000000000000                          
 -48                            1111111111000000000000000000000000000000000                          
 -47                           11111111111100000000000000000000000000000000                          
 -46                           1111111111110000000000000000000000000000000                           
 -45                            111111111110000000000000000000000000000000                           
 -44                            111111111110000000000000000000000000000000                           
 -43                             1111111000000000000000000000000000000000                            
 -42                             1111110000000000000000000000000000000000                            
 -41                              111110000000000000000000000000000000000                            
 -40                             11111100000000000000000000000000000000000                           
 -39                             11111100000000000000000000000000000000000                           
 -38                            1111111000000000000000000000000000000000000                          
 -37                            1110001000000000000000000000000000000000000                          
 -36                           111100011000000000000000000000000000000000011                         
 -35                          1111111111110000000000000000000000000110111111                         
 -34                          11111111111111100000000000000000000011111111111                        
 -33                         111111111111111111111110000000001111111111111111                        
 -32                             111111111111            1111111111111111                            
 -31                             111111111111            1111111111111111                            
 -30                             111111111111            1111111111111111                            
 -29                             111111100011            1111111100001111                            
 -28                             111111100011            1111111100001111                            
 -27                             111111111111            1111111111111111                            
 -26                             111111111111            1111111111111111                            
 -25                             111111111111            1111111111111111                            
 -24                                                                                                 
 -23                                                                                                 
 -22                                                                                                 
 -21                                                                                                 
 -20                                                                                                 
 -19                                                                                                 
 -18                                                                                                 
 -17                                                                                                 
 -16                                                                                                 
 -15                                                                                                 
 -14                                                                                                 
 -13                                                                                                 
 -12                                 11111111111111111111111111111111                                
 -11                                 11111111111111111111111111111111                                
 -10                                 11111111111111111111111111111111                                
  -9                                 11111111111111111111111111111111                                
  -8                                 11111111111111111111111111111111                                
  -7                                 11111111111111111111111111111111                                
  -6                                 11111111100000000000011111111111                                
  -5                                 11111111100000000000011111111111                                
  -4                                 11111111100000000000011111111111                                
  -3                                 11111111100000000000011111111111                                
  -2                                 11111111100000000000011111111111                                
  -1                                 11111111100000000000000011111111                                
   0                                 11111111100000000000000011111111                                
   1                                 11111111100000000000011111111111                                
   2                                 11111111100000000000011111111111                                
   3                                 11111111100000000000011111111111                                
   4                                 11111111100000000000011111111111                                
   5                                 11111111100000000000011111111111                                
   6                                 11111111111111111111111111111111                                
   7                                 11111111111111111111111111111111                                
   8                                 11111111111111111111111111111111                                
   9                                 11111111111111111111111111111111                                
  10                                 11111111111111111111111111111111                                
  11                                 11111111111111111111111111111111                                
  12                                                                                                 
  13                                                                                                 
  14                                                                                                 
  15                                                                                                 
  16                                                                                                 
  17                                                                                                 
  18                                                                                                 
  19                                                                                                 
  20                                                                                                 
  21                                                                                                 
  22                                                                                                 
  23                                                                                                 
  24                             1111111111111111            111111111111                            
  25                             1111111111111111            111111111111                            
  26                             1111111111111111            111111111111                            
  27                             1111000011111111            110001111111                            
  28                             1111000011111111            110001111111                            
  29                             1111111111111111            111111111111                            
  30                             1111111111111111            111111111111                            
  31                             1111111111111111            111111111111                            
  32                         111111111111111100000000011111111111111111111111                        
  33                         11111111111000000000000000000000111111111111111                         
  34                          1111110110000000000000000000000000111111111111                         
  35                          110000000000000000000000000000000000110001111                          
  36                          00000000000000000000000000000000000001000111                           
  37                           0000000000000000000000000000000000001111111                           
  38                            00000000000000000000000000000000000111111                            
  39                            00000000000000000000000000000000000111111                            
  40                             000000000000000000000000000000000011111                             
  41                             0000000000000000000000000000000000111111                            
  42                             0000000000000000000000000000000001111111                            
  43                            000000000000000000000000000000011111111111                           
  44                            000000000000000000000000000000011111111111                           
  45                            0000000000000000000000000000000111111111111                          
  46                           00000000000000000000000000000000111111111111                          
  47                           0000000000000000000000000000000001111111111                           
  48                           0000000000000000000000000000000001111111111                           
  49                            000000000000000000000000000000001111111111                           
  50                            00000000000000000000000000000000011111111                            
  51                            00000000000000110000000000000000000000011                            
  52                             00000000000000000000000000000000000000011                           
  53                             00000000000000000000000000000000000000001                           
  54                              00000000000000000000000000000000000000001                          
  55                              00000000000000000000000000000000000000001                          
  56                              000000000000000000000000000000000000000001                         
  57                             0000000000000000000000000000000000000000000                         
  58                             00000000000000000000000000000000000000000001                        
  59                             00000000000000000000000000000000000000000001                        
  60                             00000000000000000110000000000000000000000000100                  000
  61                            00000000000000001110000000000000000000000000010000000      0000000000
  62                            000000000000000001110000000000000000000000000000000000000000000000000
  63                           0000000000000000001110000000000000000000000000000000000000000000000000
  64                           00000000000000                0000000000000000000000000000000000000000
  65                          000000000000000                0000000000000000000000000000000000000000
  66           011111         000000000000000                0000000000000000000000000000000000000000
  67    000000001111110000   0000000000000000                0000000000000000000000000000000000000000
  68 0000000000011111100000000000000000000000                0000000000000000000000000000000000000000
  69 0000000000000000000000000000000000000000                0000000000000000000000000000000000000000
  70 0000000000000000000000000000000000000000                000000000000001110000000      0000000000
  71 0000000000000000000000000000000000000000                0000000000000011100                  000
  72 0000000000000000000000000000000000000000                0000000000000011                        
  73 0000000000000000000000000000000000000000                000000000000001                         
  74 0000000000000000000000000000000000000000                00000000000000                          
  75 0000000000000000000000000000000000000000                00000000000000                          
  76 0000000000000000000000000000000000000000                0000000000000                           
  77 0000000000000000000000001111111000000000                0000000000000                           
  78 0000000000      000000001111111111100000                0000000000000                           
  79 000                  0001111111111100000                000000000000                            
  80                         11111111111000000000000000000000000000000000                            
  81                         11111111110000000000000000000000000000000000                            
  82                          111111111100000000000000000000000000000000                             
  83                          111111100000000000000000000000000000000000                             
  84                          111110000000000000000000000000000000000000                             
  85                           111000000000000000000000000000000000000000                            
  86                           111000000000000000000000000000000000000000                            
  87                           1110000000000000000000000000000000000000000                           
  88                            110000000000000000000000000000000000000000                           
  89                            110000000000000001000000000000000000000000                           
  90                            1110000000000000110000000000000000000000000                          
  91                             110000000011111110000000000000000000000000                          
  92                            11111111111111111100000000000000000000000000                         
  93                           11111111     11111100000000000000000000000000                         
  94                          111             11110000000000000000000   0000                         
  95                         1                  110000000000000000         00                        
  96                                             1000000000000000                                    
  97                                             1000000000000000                                    
  98                                             0000000000000000                                    
  99                                             0000000000000000                                    
 100                                             0000000000000000                                    
 101                                             0000000000000000                                    
 102                                             0000000000000000                                    
 103                                             0000000000000000                                    
 104                                             0000000000000000                                    
 105                                             0000000000000000                                    
 106                                             0000000000000000                                    
 107                                             0000000000000000                                    
seats 1847; refused 3485 DR-CLAIM, 1962 DR-KEEP, 372 DR-ROAD

## boulder
SEATS  boulder, footprint 1x1, 2 blocks off a route  1 char = 1 block  x -48..47 across, z -108..107 down
KEY  1 the footprint seats with its minimum corner here  0 refused  space void
            -4        -3        -2        -1         0         1         2         3         4       
     876543210987654321098765432109876543210987654321012345678901234567890123456789012345678901234567
-108                                     0000000000000000                                            
-107                                     0000000000000000                                            
-106                                     0000000000000000                                            
-105                                     0000000000000000                                            
-104                                     0000000000000000                                            
-103                                     0000000000000000                                            
-102                                     0000000000000000                                            
-101                                     0000000000000000                                            
-100                                     0000000000000000                                            
 -99                                     0000000000000000                                            
 -98                                     0000000000000000                                            
 -97                                     1000000000000000                                            
 -96                         1         1110000000000000001                 1                         
 -95                          111   111111000000000000000111            111                          
 -94                          11111111111000000000000000011111     1111111                           
 -93                          1111111110000000000000000001111111111111111                            
 -92                           111111000000000000000000001111110000000011                            
 -91                           1111100000000000000000000010000000000000111                           
 -90                            111000000000000000000000000000000000000011                           
 -89                            110000000000000000000001100000000000000011                           
 -88                            1100000000000000000001111000000000000000111                          
 -87                             100000011100000000011111100000000000000111                          
 -86                             000000111111110000011111111000000000000111                          
 -85                              000001111111111001111111111100000000011111                         
 -84                              000011111111111101111111111111100001111111                         
 -83                              000011111111111111111111111111111111111111                         
 -82                             00000111111111111111111111111111111111111111                        
 -81                             00000111111111111111111111111111111111111111                        
 -80                             000000111111                1111111111111111100                  000
 -79                            1000000111111                111111111111111110000000      0000000000
 -78                            1100000111111                1111111111111111100000000000000000000000
 -77                            1100000011111                1111111111111111100000000000000000000000
 -76                           11100000011111                1111111111110000000000000000000000000000
 -75                           11110000011111                1111111111100000000000000000000000000000
 -74                          111110000011111                1111111111100000000000000000000000000000
 -73                         1111110000011111                1111111111100000000000000000000000000000
 -72 000                  0001111110000011111                1111111111100000000000000000000000000000
 -71 0000000000      000000001111110000011111                1111111111100000100000000000000000000000
 -70 0000000000000000000000001111110000011111                1111111111100000100000000000000000000000
 -69 0000000000000000000000000001110000011111                1111111111100000100000000000000000000000
 -68 0000000000000000000000000000000000011111                1111111111000000   000001111110000000   
 -67 0000000000000000000000000000000000011111                111111111100000         111111          
 -66 0000000000000000000000000000000000111111                111111111000000                         
 -65 0000000000000000000000000000000000111111                11111111100000                          
 -64 000000000000000000000000000000000011111111111111111111111111111110000                           
 -63 000000000000000000000000100000000001111111111111111111111111111100000                           
 -62 0000000000      00000000100000000001111111111111111111111111111100000                           
 -61 000                  00011000000000011111111111111100000111111110000                            
 -60                         11000000000001111111111100000000001111100000                            
 -59                         11000000000000111111100000000000000011100000                            
 -58                          1100000000000001111000000000000000001000000                            
 -57                          111000000000000111000000000000000000100000                             
 -56                           11000000000000011100000000000000000000000                             
 -55                           11100000000000001100000000000000000000000                             
 -54                            11100000000000001111000000000000100000001                            
 -53                            11110000000000000000111000000001100000011                            
 -52                             11111111100000000000001111111100000000111                           
 -51                             11111111110000000000000011110000000001111                           
 -50                            111111111110000000000000000000000000001111                           
 -49                            1111111111100000000000000000000000000111111                          
 -48                            1111111111110000000000000000000000001111111                          
 -47                           11111111111110000011100000000000000111111111                          
 -46                           1111111111111000001000000000000001111111111                           
 -45                            111111111111100000000000000000111111111111                           
 -44                            111111111110000000000000000000001111111111                           
 -43                             1111111000000000000000000000000011111111                            
 -42                             1111110000000000000000000000000001111111                            
 -41                              111110000000000000000000000000001111111                            
 -40                             11111100000000000000000000000000011111111                           
 -39                             11111100000000000000000000000000011111111                           
 -38                            1111111000000000000000000000000000111111111                          
 -37                            1110001000000000000000000000000000111111111                          
 -36                           111100011000000000000000000000000001111111111                         
 -35                          1111111111110000000000000000000000000111111111                         
 -34                          11111111111111100000000000000000000011111111111                        
 -33                         111111111111111111111110000000001111111111111111                        
 -32                             111111111111            1111111111111111                            
 -31                             111111111111            1111111111111111                            
 -30                             111111111111            1111111111111111                            
 -29                             111111100011            1111111100001111                            
 -28                             111111100011            1111111100001111                            
 -27                             111111111111            1111111111111111                            
 -26                             111111111111            1111111111111111                            
 -25                             111111111111            1111111111111111                            
 -24                                                                                                 
 -23                                                                                                 
 -22                                                                                                 
 -21                                                                                                 
 -20                                                                                                 
 -19                                                                                                 
 -18                                                                                                 
 -17                                                                                                 
 -16                                                                                                 
 -15                                                                                                 
 -14                                                                                                 
 -13                                                                                                 
 -12                                 11111111111111111111111111111111                                
 -11                                 11111111111111111111111111111111                                
 -10                                 11111111111111111111111111111111                                
  -9                                 11111111111111111111111111111111                                
  -8                                 11111111111111111111111111111111                                
  -7                                 11111111111111111111111111111111                                
  -6                                 11111111100000000000011111111111                                
  -5                                 11111111100000000000011111111111                                
  -4                                 11111111100000000000011111111111                                
  -3                                 11111111100000000000011111111111                                
  -2                                 11111111100000000000011111111111                                
  -1                                 11111111100000000000000011111111                                
   0                                 11111111100000000000000011111111                                
   1                                 11111111100000000000011111111111                                
   2                                 11111111100000000000011111111111                                
   3                                 11111111100000000000011111111111                                
   4                                 11111111100000000000011111111111                                
   5                                 11111111100000000000011111111111                                
   6                                 11111111111111111111111111111111                                
   7                                 11111111111111111111111111111111                                
   8                                 11111111111111111111111111111111                                
   9                                 11111111111111111111111111111111                                
  10                                 11111111111111111111111111111111                                
  11                                 11111111111111111111111111111111                                
  12                                                                                                 
  13                                                                                                 
  14                                                                                                 
  15                                                                                                 
  16                                                                                                 
  17                                                                                                 
  18                                                                                                 
  19                                                                                                 
  20                                                                                                 
  21                                                                                                 
  22                                                                                                 
  23                                                                                                 
  24                             1111111111111111            111111111111                            
  25                             1111111111111111            111111111111                            
  26                             1111111111111111            111111111111                            
  27                             1111000011111111            110001111111                            
  28                             1111000011111111            110001111111                            
  29                             1111111111111111            111111111111                            
  30                             1111111111111111            111111111111                            
  31                             1111111111111111            111111111111                            
  32                         111111111111111100000000011111111111111111111111                        
  33                         11111111111000000000000000000000111111111111111                         
  34                          1111111110000000000000000000000000111111111111                         
  35                          111111111100000000000000000000000000110001111                          
  36                          11111111110000000000000000000000000001000111                           
  37                           1111111110000000000000000000000000001111111                           
  38                            11111111000000000000000000000000000111111                            
  39                            11111111000000000000000000000000000111111                            
  40                             111111100000000000000000000000000011111                             
  41                             1111111000000000000000000000000000111111                            
  42                             1111111100000000000000000000000001111111                            
  43                            111111111100000000000000000000011111111111                           
  44                            111111111111000000000000000001111111111111                           
  45                            1111111111000000000000001000001111111111111                          
  46                           11111111100000000000000111000001111111111111                          
  47                           1111111000000000000000000000000111111111111                           
  48                           1111110000000000000000000000000011111111111                           
  49                            111100000000000000000000000000011111111111                           
  50                            11110000000001111000000000000001111111111                            
  51                            11100000000111111110000000000000111111111                            
  52                             11000000110000000011100000000000000001111                           
  53                             10000000100000000000011110000000000000111                           
  54                              00000000000000000000000110000000000000111                          
  55                              00000000000000000000000111000000000000011                          
  56                              000001000000000000000000111000000000000111                         
  57                             0000001000000000000000001111000000000000011                         
  58                             00000111000000000000000111111100000000000011                        
  59                             00000111110000000000111111111110000000000011                        
  60                             00001111111100000111111111111111000000000011100                  000
  61                            00000111111111111111111111111111110000000000110000000      0000000000
  62                            000001111111111111111111111111111100000000001100000000000000000000000
  63                           0000011111111111111111111111111111110000000000100000000000000000000000
  64                           00000111111111                1111110000000000000000000000000000000000
  65                          000000111111111                1111110000000000000000000000000000000000
  66           011111         000001111111111                1111100000000000000000000000000000000000
  67    000000001111110000   0000001111111111                1111100000000000000000000000000000000000
  68 0000000000011111100000000000011111111111                1111100000111000000000000000000000000000
  69 0000000000000000000000000000011111111111                1111100000111111100000000000000000000000
  70 0000000000000000000000000000011111111111                111110000011111110000000      0000000000
  71 0000000000000000000000000000011111111111                1111100000111111100                  000
  72 0000000000000000000000000000011111111111                1111100000111111                        
  73 0000000000000000000000000000011111111111                111110000011111                         
  74 0000000000000000000000000000011111111111                11111000001111                          
  75 0000000000000000000000000000111111111111                11111000000111                          
  76 0000000000000000000000001111111111111111                1111100000011                           
  77 0000000000000000000000001111111111111111                1111110000011                           
  78 0000000000      000000001111111111111111                1111110000001                           
  79 000                  0001111111111111111                111111000000                            
  80                         11111111111111111111111111111111111111100000                            
  81                         11111111111111111111111111111111111111100000                            
  82                          111111111111111111111111111111111111110000                             
  83                          111111100001111111111111101111111111110000                             
  84                          111110000000001111111111100111111111100000                             
  85                           111000000000000111111110000011111111000000                            
  86                           111000000000000001111110000000001010000001                            
  87                           1110000000000000001111000000000000000000011                           
  88                            110000000000000001100000000000000000000011                           
  89                            110000000000000001000000000000000000000111                           
  90                            1110000000000000110000000000000000000011111                          
  91                             110000000011111110000000000000000000111111                          
  92                            11111111111111111100000000000000000111111111                         
  93                           11111111     11111100000000000000011111111111                         
  94                          111             11110000000000000011111   1111                         
  95                         1                  110000000000000011         11                        
  96                                             1000000000000001                                    
  97                                             1000000000000000                                    
  98                                             0000000000000000                                    
  99                                             0000000000000000                                    
 100                                             0000000000000000                                    
 101                                             0000000000000000                                    
 102                                             0000000000000000                                    
 103                                             0000000000000000                                    
 104                                             0000000000000000                                    
 105                                             0000000000000000                                    
 106                                             0000000000000000                                    
 107                                             0000000000000000                                    
seats 3518; refused 1962 DR-KEEP, 1684 DR-CLAIM, 502 DR-ROAD

## house
SEATS  house, footprint 9x7, no route standoff  1 char = 1 block  x -48..47 across, z -108..107 down
KEY  1 the footprint seats with its minimum corner here  0 refused  space void
            -4        -3        -2        -1         0         1         2         3         4       
     876543210987654321098765432109876543210987654321012345678901234567890123456789012345678901234567
-108                                     0000000000000000                                            
-107                                     0000000000000000                                            
-106                                     0000000000000000                                            
-105                                     0000000000000000                                            
-104                                     0000000000000000                                            
-103                                     0000000000000000                                            
-102                                     0000000000000000                                            
-101                                     0000000000000000                                            
-100                                     0000000000000000                                            
 -99                                     0000000000000000                                            
 -98                                     0000000000000000                                            
 -97                                     0000000000000000                                            
 -96                         0         0000000000000000000                 0                         
 -95                          000   000000000000000000000000            000                          
 -94                          00000000000000000000000000000000     0000000                           
 -93                          0000000000000000000000000000000000000000000                            
 -92                           000000000000000000000000000000000000000000                            
 -91                           0000000000000000000000000000000000000000000                           
 -90                            000000000000000000000000000000000000000000                           
 -89                            000000000000000000000000000000000000000000                           
 -88                            0000000000000000000000000000000000000000000                          
 -87                             000000000000000000000000000000000000000000                          
 -86                             000000000000000000000000000000000000000000                          
 -85                              000000000000000000000000000000000000000000                         
 -84                              000000000000000000000000000000000000000000                         
 -83                              000000000000000000000000000000000000000000                         
 -82                             00000000000000000000000000000000000000000000                        
 -81                             00000000000000000000000000000000000000000000                        
 -80                             000000000000                1100000000000000000                  000
 -79                            0000000000000                110000000000000000000000      0000000000
 -78                            0000000000000                1100000000000000000000000000000000000000
 -77                            0000000000000                1100000000000000000000000000000000000000
 -76                           00000000000000                1100000000000000000000000000000000000000
 -75                           00000000000000                1100000000000000000000000000000000000000
 -74                          000000000000000                0000000000000000000000000000000000000000
 -73                         0000000000000000                0000000000000000000000000000000000000000
 -72 000                  0000000000000000000                0000000000000000000000000000000000000000
 -71 0000000000      000000000000000000000000                0000000000000000000000000000000000000000
 -70 0000000000000000000000000000000000000000                0000000000000000000000000000000000000000
 -69 0000000000000000000000000000000000000000                0000000000000000000000000000000000000000
 -68 0000000000000000000000000000000000000000                0000000000000000   000000000000000000   
 -67 0000000000000000000000000000000000000000                000000000000000         000000          
 -66 0000000000000000000000000000000000000000                000000000000000                         
 -65 0000000000000000000000000000000000000000                00000000000000                          
 -64 000000000000000000000000000000000000000000000000000000000000000000000                           
 -63 000000000000000000000000000000000000000000000000000000000000000000000                           
 -62 0000000000      00000000000000000000000000000000000000000000000000000                           
 -61 000                  00000000000000000000000000000000000000000000000                            
 -60                         00000000000000000000000000000000000000000000                            
 -59                         00000000000000000000000000000000000000000000                            
 -58                          0000000000000000000000000000000000000000000                            
 -57                          000000000000000000000000000000000000000000                             
 -56                           00000000000000000000000000000000000000000                             
 -55                           00000000000000000000000000000000000000000                             
 -54                            00000000000000000000000000000000000000000                            
 -53                            00000000000000000000000000000000000000000                            
 -52                             00000000000000000000000000000000000000000                           
 -51                             00000000000000000000000000000000000000000                           
 -50                            000000000000000000000000000000000000000000                           
 -49                            0000000000000000000000000000000000000000000                          
 -48                            0000000000000000000000000000000000000000000                          
 -47                           00000000000000000000000000000000000000000000                          
 -46                           0000000000000000000000000000000000000000000                           
 -45                            000000000000000000000000000000000000000000                           
 -44                            000000000000000000000000000000000000000000                           
 -43                             0000000000000000000000000000000000000000                            
 -42                             0000000000000000000000000000000000000000                            
 -41                              000000000000000000000000000000000000000                            
 -40                             00000000000000000000000000000000000000000                           
 -39                             00000000000000000000000000000000000000000                           
 -38                            0000000000000000000000000000000000000000000                          
 -37                            0000000000000000000000000000000000000000000                          
 -36                           000000000000000000000000000000000000000000000                         
 -35                          0000000000000000000000000000000000000000000000                         
 -34                          00000000000000000000000000000000000000000000000                        
 -33                         000000000000000000000000000000000000000000000000                        
 -32                             000000000000            0000000000000000                            
 -31                             000000000000            0000000000000000                            
 -30                             000000000000            0000000000000000                            
 -29                             000000000000            0000000000000000                            
 -28                             000000000000            0000000000000000                            
 -27                             000000000000            0000000000000000                            
 -26                             000000000000            0000000000000000                            
 -25                             000000000000            0000000000000000                            
 -24                                                                                                 
 -23                                                                                                 
 -22                                                                                                 
 -21                                                                                                 
 -20                                                                                                 
 -19                                                                                                 
 -18                                                                                                 
 -17                                                                                                 
 -16                                                                                                 
 -15                                                                                                 
 -14                                                                                                 
 -13                                                                                                 
 -12                                 10000000000000000000001100000000                                
 -11                                 10000000000000000000001100000000                                
 -10                                 00000000000000000000000000000000                                
  -9                                 00000000000000000000000000000000                                
  -8                                 00000000000000000000000000000000                                
  -7                                 00000000000000000000000000000000                                
  -6                                 00000000000000000000000000000000                                
  -5                                 00000000000000000000000000000000                                
  -4                                 00000000000000000000000000000000                                
  -3                                 00000000000000000000000000000000                                
  -2                                 00000000000000000000000000000000                                
  -1                                 00000000000000000000000000000000                                
   0                                 00000000000000000000000000000000                                
   1                                 00000000000000000000000000000000                                
   2                                 00000000000000000000000000000000                                
   3                                 00000000000000000000000000000000                                
   4                                 10000000000000000000001100000000                                
   5                                 10000000000000000000001100000000                                
   6                                 00000000000000000000000000000000                                
   7                                 00000000000000000000000000000000                                
   8                                 00000000000000000000000000000000                                
   9                                 00000000000000000000000000000000                                
  10                                 00000000000000000000000000000000                                
  11                                 00000000000000000000000000000000                                
  12                                                                                                 
  13                                                                                                 
  14                                                                                                 
  15                                                                                                 
  16                                                                                                 
  17                                                                                                 
  18                                                                                                 
  19                                                                                                 
  20                                                                                                 
  21                                                                                                 
  22                                                                                                 
  23                                                                                                 
  24                             0000000000000000            000000000000                            
  25                             0000000000000000            000000000000                            
  26                             0000000000000000            000000000000                            
  27                             0000000000000000            000000000000                            
  28                             0000000000000000            000000000000                            
  29                             0000000000000000            000000000000                            
  30                             0000000000000000            000000000000                            
  31                             0000000000000000            000000000000                            
  32                         000000000000000000000000000000000000000000000000                        
  33                         00000000000000000000000000000000000000000000000                         
  34                          0000000000000000000000000000000000000000000000                         
  35                          000000000000000000000000000000000000000000000                          
  36                          00000000000000000000000000000000000000000000                           
  37                           0000000000000000000000000000000000000000000                           
  38                            00000000000000000000000000000000000000000                            
  39                            00000000000000000000000000000000000000000                            
  40                             000000000000000000000000000000000000000                             
  41                             0000000000000000000000000000000000000000                            
  42                             0000000000000000000000000000000000000000                            
  43                            000000000000000000000000000000000000000000                           
  44                            000000000000000000000000000000000000000000                           
  45                            0000000000000000000000000000000000000000000                          
  46                           00000000000000000000000000000000000000000000                          
  47                           0000000000000000000000000000000000000000000                           
  48                           0000000000000000000000000000000000000000000                           
  49                            000000000000000000000000000000000000000000                           
  50                            00000000000000000000000000000000000000000                            
  51                            00000000000000000000000000000000000000000                            
  52                             00000000000000000000000000000000000000000                           
  53                             00000000000000000000000000000000000000000                           
  54                              00000000000000000000000000000000000000000                          
  55                              00000000000000000000000000000000000000000                          
  56                              000000000000000000000000000000000000000000                         
  57                             0000000000000000000000000000000000000000000                         
  58                             00000000000000000000000000000000000000000000                        
  59                             00000000000000000000000000000000000000000000                        
  60                             00000000000000000000000000000000000000000000000                  000
  61                            00000000000000000000000000000000000000000000000000000      0000000000
  62                            000000000000000000000000000000000000000000000000000000000000000000000
  63                           0000000000000000000000000000000000000000000000000000000000000000000000
  64                           00000000000000                0000000000000000000000000000000000000000
  65                          000000000000000                0000000000000000000000000000000000000000
  66           000000         000000000000000                0000000000000000000000000000000000000000
  67    000000000000000000   0000000000000000                0000000000000000000000000000000000000000
  68 0000000000000000000000000000001100000000                0000000000000000000000000000000000000000
  69 0000000000000000000000000000001100000000                0000000000000000000000000000000000000000
  70 0000000000000000000000000000001100000000                000000000000000000000000      0000000000
  71 0000000000000000000000000000001100000000                0000000000000000000                  000
  72 0000000000000000000000000000001100000000                0000000000000000                        
  73 0000000000000000000000000000001100000000                000000000000000                         
  74 0000000000000000000000000000000000000000                00000000000000                          
  75 0000000000000000000000000000000000000000                00000000000000                          
  76 0000000000000000000000000000000000000000                0000000000000                           
  77 0000000000000000000000000000000000000000                0000000000000                           
  78 0000000000      000000000000000000000000                0000000000000                           
  79 000                  0000000000000000000                000000000000                            
  80                         00000000000000000000000000000000000000000000                            
  81                         00000000000000000000000000000000000000000000                            
  82                          000000000000000000000000000000000000000000                             
  83                          000000000000000000000000000000000000000000                             
  84                          000000000000000000000000000000000000000000                             
  85                           000000000000000000000000000000000000000000                            
  86                           000000000000000000000000000000000000000000                            
  87                           0000000000000000000000000000000000000000000                           
  88                            000000000000000000000000000000000000000000                           
  89                            000000000000000000000000000000000000000000                           
  90                            0000000000000000000000000000000000000000000                          
  91                             000000000000000000000000000000000000000000                          
  92                            00000000000000000000000000000000000000000000                         
  93                           00000000     00000000000000000000000000000000                         
  94                          000             00000000000000000000000   0000                         
  95                         0                  000000000000000000         00                        
  96                                             0000000000000000                                    
  97                                             0000000000000000                                    
  98                                             0000000000000000                                    
  99                                             0000000000000000                                    
 100                                             0000000000000000                                    
 101                                             0000000000000000                                    
 102                                             0000000000000000                                    
 103                                             0000000000000000                                    
 104                                             0000000000000000                                    
 105                                             0000000000000000                                    
 106                                             0000000000000000                                    
 107                                             0000000000000000                                    
seats 36; refused 2978 DR-CLAIM, 2850 DR-KEEP, 1644 DR-SITE, 158 DR-PASS
DR-SLOPE asked: a site rising 7 or more is refused
NOT ASKED  DR-CROSS, DR-WAY — the pass may still decline a seat marked 1 under these
