HEIGHTMAP  1 char = 2x2 blocks (the top-left block of each)  x -80..78 across, z -130..128 down
KEY  char = ground height above y11 in bands of 1 block(s): 0 = y11..11, 1 = …; H house or hall  ~ water  @ spawn point  ! goal  space = void
     8   -7   -6   -5   -4   -3   -2   -1    0    1    2    3    4    5    6    7    
     08642086420864208642086420864208642086420246802468024680246802468024680246802468
-130                                    444444444555566666                           
-128                                    4HHHH4445555666666                           
-126                                    4HHHH4455555666667                           
-124                                    4HHHH4555556667777                           
-122                                    4HHHH4555566777777                           
-120                                    44444        77777                           
-118                                    44444        77777                           
-116                                    44444        77777                           
-114                                    44444        77777                           
-112                                    44444        77777                           
-110                                    33433        77777                           
-108                                    33333        77777                           
-106                                    33333        77777                           
-104                                    333333444567777777                           
-102                                    333334444556677777                           
-100                                    333444444556666666                           
 -98                                    333444445555566666                           
 -96                                    334444445555555556                           
 -94                                         4445555555555                           
 -92                                         4445555555555                           
 -90                                         4444555555554                           
 -88                                         4444444444444                           
 -86                                         4444444444444                           
 -84                                    33443344344444443333                         
 -82                                    34433433344343333333                         
 -80                                    33333433443333333333                         
 -78                                    33333444333333333333                         
 -76                                    44433344333333333333                         
 -74                                    44443344333333333333                         
 -72                                    44344343333333333344                         
 -70                                    44444444     3333344                         
 -68                                    44444444     3333344                         
 -66                                    44444444     4444444                         
 -64                                    44444444     4444444                         
 -62                                    44444444     4444444                         
 -60                             333333444444444     4444444     111111111211111H1111
 -58                             HHHH33444444444     4444444     111111111111111HHHHH
 -56                             HHHH33444444444     4444444     111111111111111HHHHH
 -54                             HHHH33444444444444444444444     111111111111111HHHHH
 -52                             HHHH33444444444444444444444     111111111111111HHHHH
 -50                             HHHH334444444444444444444444433221112     11111     
 -48                             HHHH334444444444444444444444443322121     11110     
 -46                             3333334444444444444444444444433322211     11110     
 -44                                    4444444444444444444444332222111111111111     
 -42                                    4444444444444444444444332221111111111111     
 -40                                    4444444444444444444443332221111111111111     
 -38                                    4444444444444444444443332221111111111111     
 -36                                    4444444444444444444443332221111111111111     
 -34                                    4444444444                                   
 -32                                    4444444444                                   
 -30                                    4444444444                                   
 -28                                    4444444444                                   
 -26                                    4444444444                                   
 -24                                    4444444444                                   
 -22                                    4334444444                                   
 -20                                    4333444343                                   
 -18                                    4433343344                                   
 -16                                    4433333344                                   
 -14                                    4433333334                                   
 -12                                    4443333334                                   
 -10                                                                                 
  -8                                                                                 
  -6                                                                                 
  -4                                                                                 
  -2                                                                                 
   0                                                                                 
   2                                                                                 
   4                                                                                 
   6                                                                                 
   8                                                                                 
  10                                    3333333344                                   
  12                                    4433333344                                   
  14                                    4433333344                                   
  16                                    4433333344                                   
  18                                    4433443334                                   
  20                                    4444444333                                   
  22                                    4444444444                                   
  24                                    4444444444                                   
  26                                    4444444444                                   
  28                                    4444444444                                   
  30                                    4444444444                                   
  32                                    4444444444                                   
  34                                    4444444444                                   
  36      1111111111111222333444444444444444444444                                   
  38      1111111111111222333444444444444444444444                                   
  40      1111111111111222233444444444444444444444                                   
  42      1111111111111222333444444444444444444444                                   
  44      1111111111111222333444444444444444444444                                   
  46      00111     1112223344444444444444444444444333HHH3                           
  48      01111     1211223344444444444444444444444333HHH3                           
  50 11111111111111111112     444444444444444444444333HHH3                           
  52 1HHHH111111111111111     444444444444444444444333HHH3                           
  54 1HHHH111111111111111     444444444444444444444333HHH3                           
  56 1HHHH111111111111111     44444444     44444444333HHH3                           
  58 1HHHH111111111111111     44444444     44444444333HHH3                           
  60                          44444444     4444444                                   
  62                          44444444     4444444                                   
  64                          44444444     4444444                                   
  66                          44443333     4444444                                   
  68                          44433333     4444444                                   
  70                          44333333333334444444                                   
  72                          34333333333334334434                                   
  74                          33333333333334333444                                   
  76                          33333333333334433333                                   
  78                          33333333333333443333                                   
  80                          33333333334433443343                                   
  82                          33333444444334433443                                   
  84                          33344444444444444443                                   
  86                             444444444444                                        
  88                             455555454444                                        
  90                             555555555444                                        
  92                             555555555544                                        
  94                             555555555544                                        
  96                             66665555554444433                                   
  98                             66666655544444433                                   
 100                             77766665544443333                                   
 102                             77777765444433333                                   
 104                             77777765444433333                                   
 106                             77777       33333                                   
 108                             77777       34443                                   
 110                             77777       43443                                   
 112                             77777       44444                                   
 114                             77777       44444                                   
 116                             77777       44444                                   
 118                             77777       44444                                   
 120                             777777655555HHHHH                                   
 122                             777766655555HHHHH                                   
 124                             766666555554HHHHH                                   
 126                             666666555544HHHHH                                   
 128                             666665555444HHHHH                                   
low y11, high y18, range 7
