CLAIMS  1 char = 1 block  x -80..79 across, z -130..129 down
KEY  0 free  1 water  2 paving  3 structure  4 tree  5 boulder  6 flora  7 spawn keep-out  8 door approach  9 goal clearance  a wool-room keep-out  b structure keep-out  space void
     8        -7        -6        -5        -4        -3        -2        -1         0         1         2         3         4         5         6         7         
     0987654321098765432109876543210987654321098765432109876543210987654321098765432101234567890123456789012345678901234567890123456789012345678901234567890123456789
-130                                                                       aaaaaaabbbbba0000000000000000000000                                                       
-129                                                                       aaaaaaabbbbba8888888000000000000000                                                       
-128                                                                       aabbbbbbbbbba8888888000000000000000                                                       
-127                                                                       aabbbbbbbbbba8888888000000000000000                                                       
-126                                                                       aabbbbbbbbbba8888888000000000000000                                                       
-125                                                                       aabbbbbbbbbba8888888000000000000000                                                       
-124                                                                       aabbbbbbbbbba8888888000000000000000                                                       
-123                                                                       bbbbbbbbbbbba8888888000000000000000                                                       
-122                                                                       bbbbbbbbbbbba8888888000000000000000                                                       
-121                                                                       bbbbbbbbbbbba8888888000000000000000                                                       
-120                                                                       bbbbbbbbbb               0000000060                                                       
-119                                                                       bbbbbbbbbb               0000000660                                                       
-118                                                                       aaaaaaaaaa               0000000660                                                       
-117                                                                       0888888888               0000000060                                                       
-116                                                                       0888888888               0000000000                                                       
-115                                                                       0888888888               0000000000                                                       
-114                                                                       0888888888               0000000000                                                       
-113                                                                       0888888888               0000000000                                                       
-112                                                                       0888888888               0000000000                                                       
-111                                                                       0888888888               0000000000                                                       
-110                                                                       0000000000               0600000000                                                       
-109                                                                       0000000000               0600000000                                                       
-108                                                                       0000000000               0660000000                                                       
-107                                                                       0000000000               0600000000                                                       
-106                                                                       0000000000               0000000000                                                       
-105                                                                       00000000000000000000000000000000660                                                       
-104                                                                       00000000000000000000000000000666660                                                       
-103                                                                       00000000000000000000000006666666660                                                       
-102                                                                       00000000000000000000000006666666660                                                       
-101                                                                       00000000000000000000000006666666660                                                       
-100                                                                       00000000000000000000000000666666660                                                       
 -99                                                                       00000000000000000000000006666666660                                                       
 -98                                                                       00000000000000000000000006666666660                                                       
 -97                                                                       00000000000000000000000006666666660                                                       
 -96                                                                       00000000000000000000000006666666660                                                       
 -95                                                                                 0000000000000000000000000                                                       
 -94                                                                                 0000000000000000000000000                                                       
 -93                                                                                 0000000000000000000000000                                                       
 -92                                                                                 0000000000000000000000000                                                       
 -91                                                                                 0000000000000000000000000                                                       
 -90                                                                                 0000000000000000000000000                                                       
 -89                                                                                 0000000000000000000000000                                                       
 -88                                                                                 0000000000000000000000000                                                       
 -87                                                                                 0000000000000000000000000                                                       
 -86                                                                                 0000000000000000000000000                                                       
 -85                                                                       0000000000000666666660000000000000000000                                                  
 -84                                                                       0666000000000666666666600660000000000000                                                  
 -83                                                                       0066000000000666666666666666660000000000                                                  
 -82                                                                       0060000000006666666666666666660000000000                                                  
 -81                                                                       0000000000000666666666666666600000000000                                                  
 -80                                                                       0000000000000666666666666666000000000000                                                  
 -79                                                                       0000000000000066666666066666660000000000                                                  
 -78                                                                       0000000000000006666666666666666000000000                                                  
 -77                                                                       0000000000000006666666666666666660000000                                                  
 -76                                                                       0000000000000066666666666666666666066660                                                  
 -75                                                                       0000000000000066666666666666666666666660                                                  
 -74                                                                       0000000000000666666666666666600666666660                                                  
 -73                                                                       0000000000006666660666606666600666666660                                                  
 -72                                                                       0000006006666666660000000666600666666660                                                  
 -71                                                                       0000000000606600000000000066666666666660                                                  
 -70                                                                       000000000000000          000000000000000                                                  
 -69                                                                       000000000000000          000000000000000                                                  
 -68                                                                       000000000000000          000000000000000                                                  
 -67                                                                       000000000000000          000000000000000                                                  
 -66                                                                       000000000000000          000000000000000                                                  
 -65                                                                       000000000000000          000000000000000                                                  
 -64                                                                       000000000000000          000000000000000                                                  
 -63                                                                       000000000000000          000000000000000                                                  
 -62                                                                       000000000000000          000000000000000                                                  
 -61                                                                       000000000000000          000000000000000                                                  
 -60                                                        7777aaaaa777700000000000000000          000000000000000          0000000000000000000000000000bbbbbaaaaaaa
 -59                                                        7777aaaaa777788888888888888880          000000000000000          0666666660000000000008888888bbbbbaaaaaaa
 -58                                                        7777aaaaa777788888888888888880          000000000000000          0666666600000000000008888888bbbbbbbbbbaa
 -57                                                        7777aaaaa777788888888888888880          000000000000000          0666666600666000000008888888bbbbbbbbbbaa
 -56                                                        7777aaaaa777788888888888888880          000000000000000          0666666666666000000008888888bbbbbbbbbbaa
 -55                                                        77bbbbbb77777888888888888888800000000000066666666666660          0666666666666000000008888888bbbbbbbbbbaa
 -54                                                        77bbbbbb77777888888888888888800000000006666666666666660          0666666666066000000008888888bbbbbbbbbbaa
 -53                                                        77bbbbbb77777888888888888888800000000006666666666666660          0666666660066000000008888888bbbbbbbbbbaa
 -52                                                        77bbbbbb77777888888888888888800000000006666666666666660          0666666660066000000068888888bbbbbaaaaaaa
 -51                                                        77bbbbbb77777888888888888888800000000006666666666666660          0666666660000000000008888888bbbbbaaaaaaa
 -50                                                        77bbbbbba777788888888888888880000000000666666666666000000000000000000000000          00000000bb          
 -49                                                        7777aaaaa777788888888888888880066666000600660006000000000000000000000000000          00000000bb          
 -48                                                        7777aaaaa777788888888888888880666666660000000000000000000000000000000000000          00000000aa          
 -47                                                        7777aaaaa777788888888888888886666666660000000000000000000000000000000000000          0000000000          
 -46                                                        7777aaaaa777788888888888888886666666660000000000000000000000000000000000000          0000000000          
 -45                                                                       06666666666666666666666600000000000000000000000000000066666000000000000000000660          
 -44                                                                       06666666666666666666666600000000000660060000000000000006666666666666660000000660          
 -43                                                                       06666666666666666666666600000000000660000000000000000006666666666666660000000660          
 -42                                                                       06666666666666666666666600000000006660000000000000666666666666666666666000000660          
 -41                                                                       00006666666666666666666600000066666666060000000000666666666666666666666600006660          
 -40                                                                       00006666666666666666666660000666666666660000000000666666666666666666666660006660          
 -39                                                                       00006666666666666666666600000666666666660000000000666666666666666666666600000660          
 -38                                                                       00666666666666666666600066660006666666660000000000666600666666666666666000000060          
 -37                                                                       06666666666666666666600066666666666666660000000000666600066666666666666000000060          
 -36                                                                       06666666666666666660000000000000000000000000000000000000000000000000000000000000          
 -35                                                                       06666660000006666660                                                                      
 -34                                                                       06000660000006666660                                                                      
 -33                                                                       00000000000000066660                                                                      
 -32                                                                       00000000000000006660                                                                      
 -31                                                                       00000000000000000660                                                                      
 -30                                                                       00000000000000000000                                                                      
 -29                                                                       00000000000000000000                                                                      
 -28                                                                       00000000000000000000                                                                      
 -27                                                                       00000000000000000000                                                                      
 -26                                                                       00000000000000000000                                                                      
 -25                                                                       00000000000000000000                                                                      
 -24                                                                       00000000000000000000                                                                      
 -23                                                                       00000000000000000000                                                                      
 -22                                                                       00000000000000666000                                                                      
 -21                                                                       00000000000006666000                                                                      
 -20                                                                       00000000000006666600                                                                      
 -19                                                                       00000000000066666600                                                                      
 -18                                                                       06666000000066666000                                                                      
 -17                                                                       06666000000066666000                                                                      
 -16                                                                       06666060000006666660                                                                      
 -15                                                                       06666660000006660660                                                                      
 -14                                                                       06666666000000000660                                                                      
 -13                                                                       06666660000000000660                                                                      
 -12                                                                       06666660000000066660                                                                      
 -11                                                                       00000000000000000000                                                                      
 -10                                                                                                                                                                 
  -9                                                                                                                                                                 
  -8                                                                                                                                                                 
  -7                                                                                                                                                                 
  -6                                                                                                                                                                 
  -5                                                                                                                                                                 
  -4                                                                                                                                                                 
  -3                                                                                                                                                                 
  -2                                                                                                                                                                 
  -1                                                                                                                                                                 
   0                                                                                                                                                                 
   1                                                                                                                                                                 
   2                                                                                                                                                                 
   3                                                                                                                                                                 
   4                                                                                                                                                                 
   5                                                                                                                                                                 
   6                                                                                                                                                                 
   7                                                                                                                                                                 
   8                                                                                                                                                                 
   9                                                                                                                                                                 
  10                                                                       00000000000000000000                                                                      
  11                                                                       06666000000006666660                                                                      
  12                                                                       06600000000006666660                                                                      
  13                                                                       06600000000066666660                                                                      
  14                                                                       06606660000006666660                                                                      
  15                                                                       06666660000006066660                                                                      
  16                                                                       00066666000000066660                                                                      
  17                                                                       00066666000000066660                                                                      
  18                                                                       00666666000000000000                                                                      
  19                                                                       00666660000000000000                                                                      
  20                                                                       00066660000000000000                                                                      
  21                                                                       00066600000000000000                                                                      
  22                                                                       00000000000000000000                                                                      
  23                                                                       00000000000000000000                                                                      
  24                                                                       00000000000000000000                                                                      
  25                                                                       00000000000000000000                                                                      
  26                                                                       00000000000000000000                                                                      
  27                                                                       00000000000000000000                                                                      
  28                                                                       00000000000000000000                                                                      
  29                                                                       00000000000000000000                                                                      
  30                                                                       06600000000000000000                                                                      
  31                                                                       06660000000000000000                                                                      
  32                                                                       06666000000000000000                                                                      
  33                                                                       06666660000006600060                                                                      
  34                                                                       06666660000006666660                                                                      
  35           00000000000000000000000000000000000000000000000000000000000006666666666666666660                                                                      
  36           06000000066666666666666000666600000000006666666666666666000666666666666666666660                                                                      
  37           06000000066666666666666600666600000000006666666660006666000666666666666666666600                                                                      
  38           06600000666666666666666666666600000000006666666666600000666666666666666666660000                                                                      
  39           06660006666666666666666666666600000000006666666666600006666666666666666666660000                                                                      
  40           06660000666666666666666666666600000000006066666666000000666666666666666666660000                                                                      
  41           06600000066666666666666666666600000000000006660000000000666666666666666666666660                                                                      
  42           06600000006666666666666660000000000000000006600000000000666666666666666666666660                                                                      
  43           06600000006666666666666660000000000000006006600000000000666666666666666666666660                                                                      
  44           06600000000000000000066666000000000000000000000000000000666666666666666666666660                                                                      
  45           0000000000          000000000000000000000000000000000000066666666666666666666660000777aaaaa7777                                                       
  46           0000000000          000000000000000000000000000000000000066666666668888888888888888777aaaaa7777                                                       
  47           0000000000          000000000000000000000000000000000000066666666068888888888888888777aaaaa7777                                                       
  48           bba0000000          000000000000000000000000000600066006000666660008888888888888888777aaaaa7777                                                       
  49           bba0000000          000000000000000000000000666666666666000000000008888888888888888777abbbbbb77                                                       
  50 aaaaaaabbbbba000000000000000000666666660          06666666666666660000000000088888888888888887777bbbbbb77                                                       
  51 aaaaaaabbbbba888888800000006600666666660          06666666666666660000000000088888888888888887777bbbbbb77                                                       
  52 aabbbbbbbbbba888888800000006600666666660          06666666666666660000000000088888888888888887777bbbbbb77                                                       
  53 aabbbbbbbbbba888888800000006606666666660          06666666666666660000000000088888888888888887777bbbbbb77                                                       
  54 aabbbbbbbbbba888888800000006666666666660          06666666666666000000000000088888888888888887777bbbbbb77                                                       
  55 aabbbbbbbbbba888888800000006666666666660          000000000000000          008888888888888888777aaaaa7777                                                       
  56 aabbbbbbbbbba888888800000006660066666660          000000000000000          008888888888888888777aaaaa7777                                                       
  57 aabbbbbbbbbba888888800000000000066666660          000000000000000          008888888888888888777aaaaa7777                                                       
  58 aaaaaaabbbbba888888800000000000666666660          000000000000000          008888888888888888777aaaaa7777                                                       
  59 aaaaaaabbbbba888888800000000000000000000          000000000000000          008888888888888888777aaaaa7777                                                       
  60                                                   000000000000000          000000000000000                                                                      
  61                                                   000000000000000          000000000000000                                                                      
  62                                                   000000000000000          000000000000000                                                                      
  63                                                   000000000000000          000000000000000                                                                      
  64                                                   000000000000000          000000000000000                                                                      
  65                                                   000000000000000          000000000000000                                                                      
  66                                                   000000000000000          000000000000000                                                                      
  67                                                   000000000000000          000000000000000                                                                      
  68                                                   000000000000000          000000000000000                                                                      
  69                                                   000000000000000          000000000000000                                                                      
  70                                                   0666666666666600000000000066060000000000                                                                      
  71                                                   0666666660066660000000666666666006000000                                                                      
  72                                                   0666666660066666066660666666000000000000                                                                      
  73                                                   0666666660066666666666666660000000000000                                                                      
  74                                                   0666666666666666666666666600000000000000                                                                      
  75                                                   0666606666666666666666666600000000000000                                                                      
  76                                                   0000000666666666666666666000000000000000                                                                      
  77                                                   0000000006666666666666666000000000000000                                                                      
  78                                                   0000000000666666606666666600000000000000                                                                      
  79                                                   0000000000006666666666666660000000000000                                                                      
  80                                                   0000000000066666666666666660000000000000                                                                      
  81                                                   0000000000666666666666666666000000000600                                                                      
  82                                                   0000000000666666666666666660000000006600                                                                      
  83                                                   0000000000000660066666666660000000006660                                                                      
  84                                                   0000000000000000000666666660000000000000                                                                      
  85                                                        0000000000000000000000000                                                                                
  86                                                        0000000000000000000000000                                                                                
  87                                                        0000000000000000000000000                                                                                
  88                                                        0000000000000000000000000                                                                                
  89                                                        0000000000000000000000000                                                                                
  90                                                        0000000000000000000000000                                                                                
  91                                                        0000000000000000000000000                                                                                
  92                                                        0000000000000000000000000                                                                                
  93                                                        0000000000000000000000000                                                                                
  94                                                        0000000000000000000000000                                                                                
  95                                                        06666666660000000000000000000000000                                                                      
  96                                                        06666666660000000000000000000000000                                                                      
  97                                                        06666666660000000000000000000000000                                                                      
  98                                                        06666666660000000000000000000000000                                                                      
  99                                                        06666666600000000000000000000000000                                                                      
 100                                                        06666666660000000000000000000000000                                                                      
 101                                                        06666666660000000000000000000000000                                                                      
 102                                                        06666666660000000000000000000000000                                                                      
 103                                                        06666600000000000000000000000000000                                                                      
 104                                                        06600000000000000000000000000000000                                                                      
 105                                                        0000000000               0000000000                                                                      
 106                                                        0000000060               0000000000                                                                      
 107                                                        0000000660               0000000000                                                                      
 108                                                        0000000060               0000000000                                                                      
 109                                                        0000000060               0000000000                                                                      
 110                                                        0000000000               0000000000                                                                      
 111                                                        0000000000               0888888888                                                                      
 112                                                        0000000000               0888888888                                                                      
 113                                                        0000000000               0888888888                                                                      
 114                                                        0000000000               0888888888                                                                      
 115                                                        0000000000               0888888888                                                                      
 116                                                        0600000000               0888888888                                                                      
 117                                                        0660000000               0888888888                                                                      
 118                                                        0660000000               bbbbbbbbbb                                                                      
 119                                                        0600000000               bbbbbbbbbb                                                                      
 120                                                        00000000000000000000000bbbbbbbbbbbb                                                                      
 121                                                        00000000000000008888888bbbbbbbbbbbb                                                                      
 122                                                        00000000000000008888888bbbbbbbbbbbb                                                                      
 123                                                        00000000000000008888888bbbbbbbbbbaa                                                                      
 124                                                        00000000000000008888888bbbbbbbbbbaa                                                                      
 125                                                        00000000000000008888888bbbbbbbbbbaa                                                                      
 126                                                        00000000000000008888888bbbbbbbbbbaa                                                                      
 127                                                        00000000000000008888888bbbbbbbbbbaa                                                                      
 128                                                        00000000000000008888888bbbbbaaaaaaa                                                                      
 129                                                        00000000000000008888888bbbbbaaaaaaa                                                                      
placed 12, declined 0
