CLAIMS  1 char = 1 block  x -58..57 across, z -103..102 down
KEY  0 free  1 water  2 route  3 structure  4 tree  5 boulder  6 flora  7 spawn keep-out  8 door approach  9 goal clearance  a wool-room keep-out  b structure keep-out  space void
            -5        -4        -3        -2        -1         0         1         2         3         4         5       
     87654321098765432109876543210987654321098765432109876543210123456789012345678901234567890123456789012345678901234567
-103                           000000000000000000000000                                                                  
-102               000000000000000000000000000000007777777777777777777777777                   0000000000                
-101        000000000000000000000000000000000000000777777777777777777777777700000000000000000000000000000000000000       
-100    00000000000000000000000000000000000000000007777777777777777777777777000000000000000000000000000000000000000000   
 -99    00000000000000000000000000000000000000000007777777777777777777777777000000000000000000000000000000000000000000   
 -98    000000000000000000000000000033333333333000077777777777777777777777770000333333333330000000000000000000000000000  
 -97    000000000000000000000000000033333333333000077777777777777777777777770000333333333330000000000000000000000000000  
 -96    000000000000000000000000000033333333333000077777777777777777777777770000333333333330000000000000000000000000000  
 -95    000000000000000000000000000033333333333000077777777777777777777777770000333333333330000000000000000000000000000  
 -94    000000000000000000000000000033333333333000077777777777777777777777770000333333333330000000000000000000000000000  
 -93    0000000000000000000000000000333333333330000777777777bbbbbb777777777700003333333333300000000000000000000000000000 
 -92    0000000000000000000000000000333333333330000777777777bbbbbb777777777700003333333333300000000000000000000000000000 
 -91    0000000000000000000000000000333333333330000777777777bbbbbb777777777700003333333333300000000000000000000000000000 
 -90    0000000000000000000000000660333333333330000777777777bbbbbb777777777766603333333333300000000000000000000000000000 
 -89    0000000000000000000000000060333333333330600777777777bbbbbb7777777777666033333333333000000000000000000000000000000
 -88    0000000000000000000000000000000000000000660777777777bbbbbb7777777777066000000000000000000000000000000000000000000
 -87    00000000000000000000000000006033333333306007777777777777777777777777066033333333300000000000000000000000000000000
 -86    00000000000000000000000000000033333333306007777777777777777777777777666033333333300000000000000000000000000000000
 -85   000000000000000000000000000000033333333300007777777777777777777777777006033333333300000000000000000000000000000000
 -84   000000000000000000000000000000033333333306007777777777777777777777777000033333333304440000000000000000000000000000
 -83    00000000000000000000000000444033333333306667777777777777777777777777000033333333344444000000000000000000000000000
 -82    00000000000000000000000004444433333333306667777777777777777777777777000033333333344444400000000000000000000000000
 -81    00000000000000000000000044444433333333306667772222277777777222227777000033333333344444440000000000000000000000000
 -80    00000000000000000000000044444433333333306667222222277777777222222277000033333333344444440000000000000000000000000
 -79    00000000000000000000000044444440000000000022222222277777777222222222000000000004444444440000000000000000000000000
 -78    00000000000000000000000004444400000000000222222222277777777222222222200000000000444444400000000000000000000000000
 -77    00000000000000000000000000444000000000022222222222888888888822222222222000000000044444000000000000000000000000000
 -76    00000000000000000000000000000000000002222222222200888888888880222222222220000000004440000000000000000000000000000
 -75    00000000000000000000000000000000000022222222220000888888888880002222222222000000000000000000000000000000000000000
 -74    00000000000000000000000000000000000222222222000000888888888880000022222222200000000000000000000000000000000000000
 -73    00000000000000000000000000000000002222222200000000888888888880000000222222220000000000000000000000000000000000000
 -72    00000000000000000000004000000000022222220000000000888888888880000000002222222000000000000000040000000000000000000
 -71    00000000000000000000400000000000222222200000000000888888888880000000000222222200000000000000000000000000000000000
 -70    00000000000000000000000000000002222222000000000000888888888880000000000022222220000000000000000000000000000000000
 -69    00000000000000000000000000000002222220000000000000888888888886600000000002222220000000000000000000000000000000000
 -68    00000000000000000000000000000002222266000044400000888888888886666644466000222220000000000000000000000000000000000
 -67   000000000000000000000000000000002222260000444440000888888888886666444440000222220000000000000000000000000000000000
 -66   000000000000000099999999999996692222200004444444000888888888880664444444000222229999999999999999900000000000000000
 -65   000000000000000099999999999966622222900044444444400888888888886644444444400022222999999999999999900000000000000000
 -64   000000000000000099999999999966622222900044444444400666666660006644444444400022222999999999999999900000000000000000
 -63   000000000000000099999999999666622222900044444444400066666666666644444444400022222999999999999999900000000000000000
 -62   000000000000000099999999996666622222900004444444000066666666666664444444000022222999999999999999900000000000000000
 -61   000000000000000099999999996666662222200000444440000066666666666666444440000222229999999999999999900000000000000000
 -60   000000000000000099999999966666662222200000044400000066666666600666644400000222229999999999999999900000000000000000
 -59   000000000000000099999999966666662222200000000000006666666666666666666600000222229999999999999999900000000000000000
 -58   000000000000000099999999966666962222200000000000066666666666666666666660000222229999999999999999900000000000000000
 -57   000000000000000099999999966666662222200000000000666666666666006666666660000222229999999999999999900000000000000000
 -56   000000000000000099999999969666662222200000000666666666666600000666666660000222229999999999999999900000000000000000
 -55   000000000000000099999999966666662222200000006666666666666600000666666600000222229999999999999999900000000000000000
 -54   000000000000000099999999966666992222200000006666666666666600006666666600000222229669999999999999900000000000000000
 -53   00000000000000009999999999666669222220000006666666666666666666666666600000022222999999999999999990000000000000000 
 -52   00000000000000009999999999966666222220000666666666666666666666066660000000022222999999669999999990000000000000000 
 -51   00000000000000009999999999996666222220006666666666666666666666660000000000022222999996699999999990000000000000000 
 -50   00000000000000009999999999999962222290000666666666666666666666660000000000002222299969999999999990000000000000000 
 -49   00000000000000009999999999999992222290006666666666666666666666660000000000002222299999999999999990000000000000000 
 -48   0000000000000000999999999999999222229000000000000000000000000000000000000000222229999999999999999000000000000000  
 -47    000000000000000999999999999999222229000000000000000000000000000000000000000222229999999999999999000000000000000  
 -46    000000000000000999999999999999222299000000000000000000000000000000004440000922229999999999999999000000000000000  
 -45    000000000000000000000000000000222200000044400000000000000000000000044444000022220000000000000000000000000000000  
 -44    000000000000000000000000000000000000000444440000000000000000000000444444400000000000000000000000000000000000000  
 -43    00000000000000000000000000000000000000444444400000000000000000000444444444000000000000000000000000000000000000   
 -42    00000000000000000000000000000000000000444444400000000000000000000444444444000000000000000000000000000000000000   
 -41    00000000000000000000000000000000000000444444400000000000000000000444444444000000000000000000000000000000000000   
 -40        000000000000000000000000000000000004444400000000000000000000004444444000000000000000000000000000000000       
 -39               0000000000000000000000000000044400000000000000000000000044444000000000000000000000000000              
 -38                                                                                                                     
 -37                                                                                                                     
 -36                                                                                                                     
 -35                                                                                                                     
 -34                                                                                                                     
 -33                                                                                                                     
 -32                                                                                                                     
 -31                                                                                                                     
 -30                                                                                                                     
 -29                                                                                                                     
 -28                                                                                                                     
 -27                                                                                                                     
 -26                                                                                                                     
 -25                                                                                                                     
 -24                                                                                                                     
 -23                                                                                                                     
 -22                               000                                          000000000000000                          
 -21                       000000000000000000000                     0000000000000000000000000000000                     
 -20                   00000000000000000000000000000000000000000000000000000000000000000000000000000000                  
 -19                   00000000000000000000000000000000000000000000000000000000000000000000000000000000                  
 -18                  0000000000000000000000000000000000000000000000000000000000000000000000000000000000                 
 -17                  0000000000000000000000000000000000000000000444000000000000000000000000000000000000                 
 -16                  0000000000000000000000000000000000000000004444400000000000000000000000000000000000                 
 -15                  0000000000000000003333333330000000000000044444440000000000000000000000000000000000                 
 -14                  0000000000000000003333333330000000000000444444444000000000000000040000000000000000                 
 -13                 000000000000000000033333333300000000000004444444440000000000000040000000000000000000                
 -12                 000000000000000000033333333300000000000004444444440000000000000004000000000000000000                
 -11                 000000000000000000033333333300000000000000444444400000000000000000040000000000000000                
 -10                 000000000000000000033333333300000000000000044444000000000000000000000000000000000000                
  -9                 0000000000000000000333333333000000000066666644466666666660000000000000000000000000000               
  -8                00000000000000000000333333333000000000066666666666666666600600000000000000000000000000               
  -7                00000000000000000000000000000000000444666666666666666666600600000000000000000000000000               
  -6                00000000000000000000666666660006664444466666666666666666600600000000000000000000000000               
  -5                00000000000000000000666666600066644444446666666666666666600006000000000000000000000000               
  -4                00000000000000000000066660000666444444444666666066666666600066606660000000000000000000               
  -3                00000000000000000000000000000666444444444666666666666666600000000660000000000000000000               
  -2                00000000000000000000000000000666444444444666666644466666600000000660000000000000000000               
  -1                00000000000000000000000000000666644444446666666444446666600000000660000000000000000000               
   0                00000000000000000000000000000666664444466666604444444666600000000060000000000000000000               
   1                00000000000000000000000000000666666444666666644444444466600000000060000000000000000000               
   2                00000000000000000000000000000066666666666666644444444466600000000660000000000000000000               
   3                 0000000000000000000000000000066666666666666644444444466000000000000000000000000000000               
   4                 0000000000000000000000000000066666666666666664444444666000000000000000000000000000000               
   5                 000000000000000000000000000006660666666666666644444660000000000000000000000000000000                
   6                 000000000000000000000000000066600666666666666664440000000000000000000000000000000000                
   7                 000000000000000000000000000000000666666666666666000000003333333330000000000000000000                
   8                 000000000000000000000000000000066666644466666666000000003333333330000000000000000000                
   9                 000000000000000000000000000000000000444440000000000000003333333330000000000000000000                
  10                 000000000000000040000000000000000004444444000000000000003333333330000000000000000000                
  11                 000000000000000000400000000000000044444444400000000000003333333330000000000000000000                
  12                  0000000000000000004000000000000004444444440000000000000333333333000000000000000000                 
  13                  0000000000000000400000000000000004444444440000000000000333333333000000000000000000                 
  14                  0000000000000000000000000000000000444444400000000000000333333333000000000000000000                 
  15                  0000000000000000000000000000000000044444000000000000000000000000000000000000000000                 
  16                  0000000000000000000000000000000000004440000000000000000000000000000000000000000000                 
  17                   00000000000000000000000000000000000000000000000000000000000000000000000000000000                  
  18                   00000000000000000000000000000000000000000000000000000000000000000000000000000000                  
  19                   00000000000000000000000000000000000000000000000000000000000000000000000000000000                  
  20                       000000000000000000000000000000000000000000000000000000000000000000000000                      
  21                                00000000000000                          00000000000000                               
  22                                                                                                                     
  23                                                                                                                     
  24                                                                                                                     
  25                                                                                                                     
  26                                                                                                                     
  27                                                                                                                     
  28                                                                                                                     
  29                                                                                                                     
  30                                                                                                                     
  31                                                                                                                     
  32                                                                                                                     
  33                                                                                                                     
  34                                                                                                                     
  35                                                                                                                     
  36                                                                                                                     
  37                                                                                                                     
  38               0000000000000000000000000004444400000000000000000000000044400000000000000000000000000000              
  39        000000000000000000000000000000000444444400000000000000000000004444400000000000000000000000000000000000       
  40    00000000000000000000000000000000000044444444400000000000000000000444444400000000000000000000000000000000000000   
  41    00000000000000000000000000000000000044444444400000000000000000000444444400000000000000000000000000000000000000   
  42    00000000000000000000000000000000000044444444400000000000000000000444444400000000000000000000000000000000000000   
  43   000000000000000000000000000000000000004444444000000000000000000000044444000000000000000000000000000000000000000   
  44   000000000000000000000000000000022220000444440000000000000000000000004440000002222000000000000000000000000000000   
  45   000000000000000999999999999999922229000044400000000000000000000000000000000992222999999999999999000000000000000   
  46   000000000000000999999999999999922222000000000000000000000000000000000000000922222999999999999999000000000000000   
  47   0000000000000009999999999999999222220000000000000000000000000000000000000009222229999999999999990000000000000000  
  48  00000000000000009999999999999999222226666666666666666666666666666666666066609222229999999999999990000000000000000  
  49  00000000000000009999999999999996222226666666666666666666666666666666666066669222229999999999999990000000000000000  
  50  00000000000000009999999999999996622222666666666666666666666666666666666000062222299999999999999990000000000000000  
  51  00000000000000009999999999999996922222666666666666666666666666666666666066602222299999999999999990000000000000000  
  52  00000000000000009999999999999996622222666666666666666666666666666666666666602222299999999999999990000000000000000  
  53 000000000000000009999999699999966922222666666666666666666666666666666666666602222299999999999999990000000000000000  
  54 000000000000000009999999699999966622222666666666666666666666666666666666666662222299999999999999990000000000000000  
  55 000000000000000009999999999999966622222666666666006666666666666666006666666662222299999999999999990000000000000000  
  56 000000000000000009999966999999666622222666666660000666666006666666006666666662222299999999999999990000000000000000  
  57 000000000000000009999999999999966622222666666600000666666000666666666666666662222299999999999999990000000000000000  
  58 000000000000000009999999999999966622222666666600000666660000666666666666666662222299999999999999990000000000000000  
  59 000000000000000009999999999999966622222666664440000000000000066606664446666662222299999999999999990000000000000000  
  60 000000000000000009999999999999666622222666644444000000000000000000644444066662222299999999999999990000000000000000  
  61 000000000000000009999999999999666222226666444444400000000000006006444444466669222229999999999999990000000000000000  
  62 000000000000000009999999999996666222226664444444446660000000066664444444446609222229999999999999990000000000000000  
  63 000000000000000009999999999999966222226664444444446666000000066664444444440009222229999999999999990000000000000000  
  64 000000000000000009999999999999999222226004444444446666600000006664444444440009222229999999999999990000000000000000  
  65 000000000000000009999999999999999922222000444444466668888888888866444444460002222299999999999999990000000000000000  
  66 000000000000000000000000000000000022222000044444666668888888888866644444666002222200000000000000000000000000000000  
  67 00000000000000000000000000000000002222200000444666666888888888886666444666600222220000000000000000000000000000000   
  68 00000000000000000000000000000000002222220000000000660888888888886666666666002222220000000000000000000000000000000   
  69 00000000000000000000000000000000002222222000000000000888888888880000000000022222220000000000000000000000000000000   
  70 00000000000000000000000000000000000222222200000000000888888888880000000000222222200000000000400000000000000000000   
  71 00000000000000000004000000000000000022222220000000000888888888880000000002222222000000000040000000000000000000000   
  72 00000000000000000000000000000000000002222222200000000888888888880000000222222220000000000000000000000000000000000   
  73 00000000000000000000000000000000000000222222222000000888888888880000022222222200000000000000000000000000000000000   
  74 00000000000000000000000000000000000000022222222220000888888888880002222222222000000000000000000000000000000000000   
  75 00000000000000000000000000004440000000002222222222200888888888880222222222220000000000000000000000000000000000000   
  76 00000000000000000000000000044444000000000022222222222888888888822222222222000000000044400000000000000000000000000   
  77 00000000000000000000000000444444400000000000222222222288888888222222222200000000000444440000000000000000000000000   
  78 00000000000000000000000004444444440000000006622222222277777777222222222000000000004444444000000000000000000000000   
  79 00000000000000000000000004444444333333333066667222222277777777222222277000333333333444444000000000000000000000000   
  80 00000000000000000000000004444444333333333066667772222277777777222227777000333333333444444000000000000000000000000   
  81 00000000000000000000000000444444333333333066667777777777777777777777777000333333333444440000000000000000000000000   
  82 00000000000000000000000000044444333333333066667777777777777777777777777000333333333044400000000000000000000000000   
  83 000000000000000000000000000044403333333330666677777777777777777777777770003333333330000000000000000000000000000000  
  84 000000000000000000000000000000003333333330666677777777777777777777777776003333333330000000000000000000000000000000  
  85 00000000000000000000000000000000333333333066667777777777777777777777777600333333333000000000000000000000000000000   
  86 00000000000000000000000000000000333333333066067777777777777777777777777660333333333060000000000000000000000000000   
  87 0000000000000000000000000000000000000000000000777777777bbbbbb7777777777660000000000000000000000000000000000000000   
  88 0000000000000000000000000000003333333333300000777777777bbbbbb7777777777660333333333330600000000000000000000000000   
  89  000000000000000000000000000003333333333300000777777777bbbbbb7777777777660333333333330660000000000000000000000000   
  90  000000000000000000000000000003333333333300000777777777bbbbbb7777777777000333333333330000000000000000000000000000   
  91  000000000000000000000000000003333333333300000777777777bbbbbb7777777777000333333333330000000000000000000000000000   
  92  000000000000000000000000000003333333333300000777777777bbbbbb7777777777000333333333330000000000000000000000000000   
  93   000000000000000000000000000033333333333000007777777777777777777777777000333333333330000000000000000000000000000   
  94   000000000000000000000000000033333333333000007777777777777777777777777000333333333330000000000000000000000000000   
  95   000000000000000000000000000033333333333000007777777777777777777777777000333333333330000000000000000000000000000   
  96   000000000000000000000000000033333333333000007777777777777777777777777000333333333330000000000000000000000000000   
  97   000000000000000000000000000033333333333000007777777777777777777777777000333333333330000000000000000000000000000   
  98    00000000000000000000000000000000000000000007777777777777777777777777000000000000000000000000000000000000000000   
  99    00000000000000000000000000000000000000000007777777777777777777777777000000000000000000000000000000000000000000   
 100        000000000000000000000000000000000000000777777777777777777777777700000000000000000000000000000000000000       
 101                 0000000000                   077777777777777777777777770000000000000000000000000000000              
 102                                                                   777770000000000000000000                          
placed 42, declined 0
