CLAIMS  1 char = 1 block  x -72..71 across, z -168..167 down
KEY  0 free  1 water  2 paving  3 structure  4 tree  5 boulder  6 flora  7 spawn keep-out  8 door approach  9 goal clearance  a wool-room keep-out  b structure keep-out  space void
      -7        -6        -5        -4        -3        -2        -1         0         1         2         3         4         5         6         7 
     210987654321098765432109876543210987654321098765432109876543210987654321012345678901234567890123456789012345678901234567890123456789012345678901
-168                                                             aaaaaaaaaaaaaaaa                                                                    
-167                                                             aaaaabbbbbbaaaaa                                                                    
-166                                                             aaaaabbbbbbaaaaa                                                                    
-165                                                             aaaaabbbbbbaaaaa                                                                    
-164                                                             aaaaabbbbbbaaaaa                                                                    
-163                                                             bbbbbbbbbbbbbbbb                                                                    
-162                                                             bbbbbbbbbbbbbbbb                                                                    
-161                                                             bbbbbbbbbbbbbbbb                                                                    
-160                                                             bbbbbbbbbbbbbbbb                                                                    
-159                                                             bbbbbbbbbbbbbbbb                                                                    
-158                                                             aaaaaaaaaaaaaaaa                                                                    
-157                                                             0888888888888888                                                                    
-156                                                             0888888888888888                                                                    
-155                                                             0888888888888888                                                                    
-154                                                             0888888888888888                                                                    
-153                                                             0888888888888888                                                                    
-152                                             000000000000000008888888888888880000000000000000                                                    
-151                                             000666666666666668888888888888880000000000000000                                                    
-150                                             000666666666666666666666660000000000000000000000                                                    
-149                                             066666666666666666666666660000066000000000000000                                                    
-148                                             066666666666666666666666660000666600666666600000                                                    
-147                                             066666666666666666666666666666666666666666000000                                                    
-146                                             066666666666666666666666666666666666666666000000                                                    
-145                                             066666666666666666666666666666666666666666000000                                                    
-144                                             066666666666666666666666666666666666666666000000                                                    
-143                                             066666666666666666666666666666666666666666000000                                                    
-142                                             066666666666666666666666666666666666666666000000                                                    
-141                                             066666666666666666666666666666666666666666000000                                                    
-140                                             066666660666666666666666666666666666666666600000                                                    
-139                                             066666666666666666666666666666666666666666600000                                                    
-138                                             066666666666666666666666666666666666666666600000                                                    
-137                                             060000666666666000000000000000000666666666666660                                                    
-136                                             0000000000000000                0000000000000000                                                    
-135                                             0000000000000000                0000000000000000                                                    
-134                                             0000000000000000                0000000000000000                                                    
-133                                             0000000000000000                0000000000000000                                                    
-132                                             0000000000000000                0000000000000000                                                    
-131                                             0000000000000000                0000000000000000                                                    
-130                                             0000000000000000                0000000000000000                                                    
-129                                             0000000000000000                0000000000000000                                                    
-128                                             0000000000000000                0000000000000000                                                    
-127                                             0000000000000000                0000000000000000                                                    
-126                                             0000000000000000                0000000000000000                                                    
-125                                             0000000000000000                0000000000000000                                                    
-124                                             0000000000000000                0000000000000000                                                    
-123                                             0000000000000000                0000000000000000                                                    
-122                                             0000000000000000                0000000000000000                                                    
-121                                             0000000000000000                0000000000000000                                                    
-120                                     0000000006000006666666600000000000000000000000000066660000000000                                            
-119                                     0000000666660006666666666666666666666666000000000006660000666660                                            
-118                                     0000006666666666666666666666666666666666600000000006666000666660                                            
-117                                     0000066666666666666006666666666666666666666000000000006000666660                                            
-116                                     0000666666666666000000660666666666666666666000000000000000066660                                            
-115                                     0000666666666666600000066666666666666666666000000000000000066660                                            
-114                                     0666666666666666600000066666666666666666666000000000000000006660                                            
-113                                     0666666666666666600000066666666666666666666000000000000000006600                                            
-112                                     0666666666666666600000006666666666666666666000000000000000006000                                            
-111                                     0666666666666660000000006666666666666666666000000000000000000000                                            
-110                                     0666666666666660000000666666666666666666666000000000000000000000                                            
-109                                     0666666666666660000006666666666666666666666000000000000000000000                                            
-108                                     0666666666666660000006666666666666666666666000000000000000000000                                            
-107                                     0666666666666600000006666666666666666666666000000000000000000000                                            
-106                                     0666666666666600000006666666666666666666660000000000000000000000                                            
-105                                     0660066666666000000000000000000000000000000000000000000000000000                                            
-104                                     0000000000000000                                0066666666666000                                            
-103                                     0000000000000000                                0066666666666000                                            
-102                                     0000000000000000                                0066666666666000                                            
-101                                     0000000000000000                                0066666666666600                                            
-100                                     0000000000000000                                0066666666666660                                            
 -99                                     0000000000000000                                0066666666666660                                            
 -98                                     0000000000000000                                0066666666666660                                            
 -97                                     0000000000000000                                0066666666666660                                            
 -96                                     0000000000000000                                0066666666666660                                            
 -95                                     0000000000000000                                0066666666666660                                            
 -94                                     0000000000000000                                0066666666666660                                            
 -93                                     0000000000000000                                0066666666660000                                            
 -92                                     0000000000000000                                0066666666600000                                            
 -91                                     0000000000000000                                0066666666600000                                            
 -90                                     0000000000000000                                0066666666600000                                            
 -89                                     0000000000000000                                0066666666600000                                            
 -88                                     0000000000000000                                0000066666600060                                            
 -87                                     0000000000000000                                0000066666600060                                            
 -86                                     0000000000000000                                0060066666666660                                            
 -85                                     0000000000000000                                0060000066666660                                            
 -84                                     0000000000000000                                0660000006666600                                            
 -83                                     0000000000000000                                0660000000666660                                            
 -82                                     0000000000000000                                0600000000666660                                            
 -81                                     0000000000000000                                0000000000066660                                            
 -80 aaaaabbbbba0000000000000000000000000066666666666666000000000000000000000000000000000066666666666600000000000000000000077aaaaa777                
 -79 aaaaabbbbba8888888000000000000666666666666666666666666666666666666000000000000066666666666666666000008888888888888888877aaaaa777                
 -78 aaaaabbbbba8888888006000000000666666666666666666666666666666666666000000000000006666666666666600000008888888888888888877aaaaa777                
 -77 aaaaabbbbba8888888006600000000066666666666666666666666666666666666600006666666600666066666660000000008888888888888888877aaaaa777                
 -76 aaaaabbbbba8888888006660000000066666666666000666666666666666666666660066666666660666666666600000000668888888888888888877aaaaa777                
 -75 abbbbbbbbba88888880066000000000066660000000000666666666666666666666600666666666606666666660000000006088888888888888888777bbbbbb7                
 -74 abbbbbbbbba88888880000000000000000000000000000000006666666666666666666666666666666666666000000000006088888888888888888777bbbbbb7                
 -73 abbbbbbbbba88888880000000060000000000000000000000066600666666666666666666666666666666660000000660666688888888888888888777bbbbbb7                
 -72 abbbbbbbbba88888880000000066000000000000000660000060000006666666666666666666666666666660000000600666688888888888888888777bbbbbb7                
 -71 abbbbbbbbba88888880000000060000000000000006666600666000066666666666666666666666666666660000000600666688888888888888888777bbbbbb7                
 -70 abbbbbbbbba88888880000600000000000000000066666666666666666666666666666666666666666666660000000000666688888888888888888777bbbbbb7                
 -69 aaaaabbbbba8888888006666000000066006666666666666666666666666666666666666666666666666666000000000006668888888888888888877aaaaa777                
 -68 aaaaabbbbba8888888006666666666666666666666666666666666666666666666666660006666666666660000000000006668888888888888888877aaaaa777                
 -67 aaaaabbbbba8888888006666666666666666666666666666666666666666666666666600000666600006660000000000066668888888888888888877aaaaa777                
 -66 aaaaabbbbba8888888006666666666666666666666666666666666666666666666600000000000000000000666600066666668888888888888888877aaaaa777                
 -65 aaaaabbbbba8888888000666666666666666666666666666666666666666666666600000000000000000006666660666666668888888888888888877aaaaa777                
 -64                     000066660000000666666000600000000006666000000000000000666666666666600000060666666660000000000000                            
 -63                     000066666600000666600000000000000006666000000000000660066666666666600000066666666666000000000000                            
 -62                     000666666600000066600000000000000000006000000000000660066666666666600000666666666666600000000000                            
 -61                     006666666600000666000000000060000000000000000000000000006666666666600000666666666666600000000000                            
 -60                     066666666600000666000000006666000666000000000000000000000666666666000006666666666666000000000000                            
 -59                     066666666600000666000000666666000000000000000000000000006666666666000000666666666666000000000000                            
 -58                     066000000000000666600006666660000000000000000000006000066666666666600000660666666660000000000000                            
 -57                     066000000000000666666666666666000000000000000000000000006666666660000000000000000000000000000000                            
 -56                     060000000000000666666666666666600000000000000000000000000066666600000000000000000000000000000000                            
 -55                     060000000000006666666666666666600000000000000000000666000666666000000000000000000000000000000000                            
 -54                     066000000000006666666666666666600000000000000000006666006666660000000000000000000000006660000000                            
 -53                     066000000000006666666666666666600000000000000000666666006666660000000000000000000000666000000000                            
 -52                     066600000000666666666666666666600000000000000006666666000066660000000000000000000006666000000000                            
 -51                     066660000000000666666666666666600000000000000066666666006666660000000000000000000006666666600000                            
 -50                     066666000000000000666666666666600000000000006666666666666666660000000000000000000066666666666000                            
 -49                     000000000000000000006666666666600000000006666666666666666666666000000000000000006666666666666660                            
 -48                             0666000000000000000000000666666666000006666666666000000000006666666666666666600006666600                            
 -47                             0666000000000000000000006666666660000000666666666000000000000000666666666666000006666660                            
 -46                             0666000000000000000000066666660000000000666666660660000000000000066666666666000060006660                            
 -45                             0666600660000000000000666666000000000000666666666660000000000000006666666666600000000000                            
 -44                             0666666666000000000000666660000000000000600666666660000000000000006666666666666000000000                            
 -43                             0666666666000000000000666660000000000000000666666660000000000000006666666666666660000000                            
 -42                             0666066666000000000000066666006666000066600666666666600660000000006666666666666666066660                            
 -41                             0000000000000000000000000000000000000000000000000000000000000000000000000000000000000000                            
 -40                                                                                                                                                 
 -39                                                                                                                                                 
 -38                                                                                                                                                 
 -37                                                                                                                                                 
 -36                                                                                                                                                 
 -35                                                                                                                                                 
 -34                                                                                                                                                 
 -33                                                                                                                                                 
 -32                                                                                                                                                 
 -31                                                                                                                                                 
 -30                                                                                                                                                 
 -29                                                                                                                                                 
 -28                                     0000000000000000            0000000000000000            0000000000000000                                    
 -27                                     0000000000000000            0000000000000000            0000000000000000                                    
 -26                                     0000000000000000            0000000000000000            0000000000000000                                    
 -25                                     0000000000000000            0000000000000000            0000000000000000                                    
 -24                                     0000000000000000            0000000000000000            0000000000000000                                    
 -23                                     0000000000000000            0000000000000000            0000000000000000                                    
 -22                                     0000000000000000            0000000000000000            0000000000000000                                    
 -21                                     0000000000000000            0000000000000000            0000000000000000                                    
 -20                                     0000000000000000            0000000000000000            0000000000000000                                    
 -19                                     0000000000000000            0000000000000000            0000000000000000                                    
 -18                                     0000000000000000            0000000000000000            0000000000000000                                    
 -17                                     0000000000000000            0000000000000000            0000000000000000                                    
 -16                                     0000000000000000            0000000000000000            0000000000000000                                    
 -15                                     0000000000000000            0000000000000000            0000000000000000                                    
 -14                                     0000000000000000            0000000000000000            0000000000000000                                    
 -13                                     0000000000000000            0000000000000000            0000000000000000                                    
 -12                                                                                                                                                 
 -11                                                                                                                                                 
 -10                                                                                                                                                 
  -9                                                                                                                                                 
  -8                                                                                                                                                 
  -7                                                                                                                                                 
  -6                                                                                                                                                 
  -5                                                                                                                                                 
  -4                                                                                                                                                 
  -3                                                                                                                                                 
  -2                                                                                                                                                 
  -1                                                                                                                                                 
   0                                                                                                                                                 
   1                                                                                                                                                 
   2                                                                                                                                                 
   3                                                                                                                                                 
   4                                                                                                                                                 
   5                                                                                                                                                 
   6                                                                                                                                                 
   7                                                                                                                                                 
   8                                                                                                                                                 
   9                                                                                                                                                 
  10                                                                                                                                                 
  11                                                                                                                                                 
  12                                     0000000000000000            0000000000000000            0000000000000000                                    
  13                                     0000000000000000            0000000000000000            0000000000000000                                    
  14                                     0000000000000000            0000000000000000            0000000000000000                                    
  15                                     0000000000000000            0000000000000000            0000000000000000                                    
  16                                     0000000000000000            0000000000000000            0000000000000000                                    
  17                                     0000000000000000            0000000000000000            0000000000000000                                    
  18                                     0000000000000000            0000000000000000            0000000000000000                                    
  19                                     0000000000000000            0000000000000000            0000000000000000                                    
  20                                     0000000000000000            0000000000000000            0000000000000000                                    
  21                                     0000000000000000            0000000000000000            0000000000000000                                    
  22                                     0000000000000000            0000000000000000            0000000000000000                                    
  23                                     0000000000000000            0000000000000000            0000000000000000                                    
  24                                     0000000000000000            0000000000000000            0000000000000000                                    
  25                                     0000000000000000            0000000000000000            0000000000000000                                    
  26                                     0000000000000000            0000000000000000            0000000000000000                                    
  27                                     0000000000000000            0000000000000000            0000000000000000                                    
  28                                                                                                                                                 
  29                                                                                                                                                 
  30                                                                                                                                                 
  31                                                                                                                                                 
  32                                                                                                                                                 
  33                                                                                                                                                 
  34                                                                                                                                                 
  35                                                                                                                                                 
  36                                                                                                                                                 
  37                                                                                                                                                 
  38                                                                                                                                                 
  39                                                                                                                                                 
  40                             0000000000000000000000000000000000000000000000000000000000000000000000000000000000000000                            
  41                             0666606666666666666666000000000660066666666660066600006666006666600000000000006666606660                            
  42                             0000000666666666666666000000000000000666666660000000000000000666660000000000006666666660                            
  43                             0000000006666666666666000000000000000666666660060000000000000666660000000000006666666660                            
  44                             0000000000066666666666000000000000000666666666660000000000006666660000000000000660066660                            
  45                             0666000600006666666666600000000000000660666666660000000000666666600000000000000000006660                            
  46                             0666666000006666666666660000000000000006666666660000000666666666000000000000000000006660                            
  47                             0066666000066666666666666666000000000006666666666000006666666660000000000000000000006660                            
  48                             066666666666666600000000000000000666666666666666666666600000000006666666666600000000000000000000                    
  49                             000666666666660000000000000000000066666666666666666600000000000006666666666666000000000000666660                    
  50                             000006666666600000000000000000000066666600666666660000000000000006666666666666666000000000066660                    
  51                             000000000666600000000000000000000066660000666666600000000000000006666666666666666666000000006660                    
  52                             000000000666000000000000000000000066666600666666000000000000000006666666666666666600000000000660                    
  53                             000000066600000000000000000000000066666600666600000000000000000006666666666666666600000000000660                    
  54                             000000000000000000000000000000000666666000666000000000000000000006666666666666666600000000000060                    
  55                             000000000000000000000000000000006666660000000000000000000000000006666666666666666000000000000060                    
  56                             000000000000000000000000000000066666666600000000000000000000000000666666666666666000000000000660                    
  57                             000000000000066666666066000006666666666660000600000000000000000000066666600006666000000000000660                    
  58                             000000000000666666666666000000666666666600000000000000000000000000666666000000666000006666666660                    
  59                             000000000000666666666666600000666666666000000000000000000000666000666600000000666000006666666660                    
  60                             000000000006666666666666000006666666666600000000000000000000000000060000000000666000006666666600                    
  61                             000000000006666666666666000006666666666660066000000000000600000000000000000006660000006666666000                    
  62                             000000000000666666666660000006666666666660066000000000000666600000000000000006666000006666660000                    
  63                             000000000000066666666060000006666666666666000000000000000666600000000006000666666000000066660000                    
  64                 777aaaaa77700066666666666666666666606666660000000000000000000666666666666666666666666666666666666666666666600000000000bbbbbaaaaa
  65                 777aaaaa77788888888888888888666666000666600000000000000000000666666666666666666666666666666666666666666666660008888888bbbbbaaaaa
  66                 777aaaaa77788888888888888888666000000000006660000666600000666666666666666666666666666666666666666666666666660008888888bbbbbaaaaa
  67                 777aaaaa77788888888888888888660000000000006666666666660006666666666666666666666666666666666666666666666666660008888888bbbbbaaaaa
  68                 777aaaaa77788888888888888888660000000000066666666666666666666666666666666666666666666666666660066000000066660008888888bbbbbaaaaa
  69                 7bbbbbb777788888888888888888666000000000066666666666666666666666666666666666666666666660000000000000000006000008888888bbbbbbbbba
  70                 7bbbbbb777788888888888888888666006000000066666666666666666666666666666660000666006666600000000000000060000000008888888bbbbbbbbba
  71                 7bbbbbb777788888888888888888666006000000066666666666666666666666666666600000060000066000000000000000660000000008888888bbbbbbbbba
  72                 7bbbbbb777788888888888888888666066000000066666666666666666666666666666666006660000000000000000000000060000000008888888bbbbbbbbba
  73                 7bbbbbb777788888888888888888600000000000666666666666666666666666666666666666600000000000000000000000000000000008888888bbbbbbbbba
  74                 7bbbbbb777788888888888888888600000000066666666606666666666006666666666666666666666000000000066660000000000660008888888bbbbbbbbba
  75                 777aaaaa77788888888888888888600000000666666666606666666666006666666666666666666666600066666666666000000006660008888888bbbbbaaaaa
  76                 777aaaaa77788888888888888888000000006666666066600666666660000666666666666666666666666666666666666000000000660008888888bbbbbaaaaa
  77                 777aaaaa77788888888888888888000000666666666666660000000000000066666666666666666666666666666666666600000000060008888888bbbbbaaaaa
  78                 777aaaaa77788888888888888888000066666666666666666000000000000066666666666666666666666666666666666600000000000008888888bbbbbaaaaa
  79                 777aaaaa77788888888888888888000666666666666000000000000000000000000000000000066666666666666000000000000000000008888888bbbbbaaaaa
  80                                             0666600000000000                                0000000000000000                                    
  81                                             0666660000000060                                0000000000000000                                    
  82                                             0666660000000660                                0000000000000000                                    
  83                                             0066666000000660                                0000000000000000                                    
  84                                             0666666600000600                                0000000000000000                                    
  85                                             0666666666600600                                0000000000000000                                    
  86                                             0600066666600000                                0000000000000000                                    
  87                                             0600066666600000                                0000000000000000                                    
  88                                             0000066666666600                                0000000000000000                                    
  89                                             0000066666666600                                0000000000000000                                    
  90                                             0000066666666600                                0000000000000000                                    
  91                                             0000066666666600                                0000000000000000                                    
  92                                             0000666666666600                                0000000000000000                                    
  93                                             0666666666666600                                0000000000000000                                    
  94                                             0666666666666600                                0000000000000000                                    
  95                                             0666666666666600                                0000000000000000                                    
  96                                             0666666666666600                                0000000000000000                                    
  97                                             0666666666666600                                0000000000000000                                    
  98                                             0666666666666600                                0000000000000000                                    
  99                                             0666666666666600                                0000000000000000                                    
 100                                             0066666666666600                                0000000000000000                                    
 101                                             0006666666666600                                0000000000000000                                    
 102                                             0006666666666600                                0000000000000000                                    
 103                                             0006666666666600                                0000000000000000                                    
 104                                             0000000000000000000000000000000000000000000000000006666666600660                                    
 105                                             0000000000000000000000666666666666666666666000000066666666666660                                    
 106                                             0000000000000000000006666666666666666666666000000066666666666660                                    
 107                                             0000000000000000000006666666666666666666666000000666666666666660                                    
 108                                             0000000000000000000006666666666666666666666000000666666666666660                                    
 109                                             0000000000000000000006666666666666666666660000000666666666666660                                    
 110                                             0000000000000000000006666666666666666666000000000666666666666660                                    
 111                                             0006000000000000000006666666666666666666000000066666666666666660                                    
 112                                             0066000000000000000006666666666666666666600000066666666666666660                                    
 113                                             0666000000000000000006666666666666666666600000066666666666666660                                    
 114                                             0666600000000000000006666666666666666666600000066666666666660000                                    
 115                                             0666600000000000000006666666666666666660660000006666666666660000                                    
 116                                             0666660006000000000006666666666666666666666006666666666666600000                                    
 117                                             0666660006666000000000066666666666666666666666666666666666000000                                    
 118                                             0666660000666000000000006666666666666666666666666000666660000000                                    
 119                                             0000000000666600000000000000000000000000066666666000006000000000                                    
 120                                                     0000000000000000                0000000000000000                                            
 121                                                     0000000000000000                0000000000000000                                            
 122                                                     0000000000000000                0000000000000000                                            
 123                                                     0000000000000000                0000000000000000                                            
 124                                                     0000000000000000                0000000000000000                                            
 125                                                     0000000000000000                0000000000000000                                            
 126                                                     0000000000000000                0000000000000000                                            
 127                                                     0000000000000000                0000000000000000                                            
 128                                                     0000000000000000                0000000000000000                                            
 129                                                     0000000000000000                0000000000000000                                            
 130                                                     0000000000000000                0000000000000000                                            
 131                                                     0000000000000000                0000000000000000                                            
 132                                                     0000000000000000                0000000000000000                                            
 133                                                     0000000000000000                0000000000000000                                            
 134                                                     0000000000000000                0000000000000000                                            
 135                                                     0000000000000000                0000000000000000                                            
 136                                                     066666666666666000000000000000000666666666000060                                            
 137                                                     000006666666666666666666666666666666666666666660                                            
 138                                                     000006666666666666666666666666666666666666666660                                            
 139                                                     000006666666666666666666666666666666666066666660                                            
 140                                                     000000666666666666666666666666666666666666666660                                            
 141                                                     000000666666666666666666666666666666666666666660                                            
 142                                                     000000666666666666666666666666666666666666666660                                            
 143                                                     000000666666666666666666666666666666666666666660                                            
 144                                                     000000666666666666666666666666666666666666666660                                            
 145                                                     000000666666666666666666666666666666666666666660                                            
 146                                                     000000666666666666666666666666666666666666666660                                            
 147                                                     000006666666006666000066666666666666666666666660                                            
 148                                                     000000000000000660000066666666666666666666666660                                            
 149                                                     000000000000000000000066666666666666666666666000                                            
 150                                                     000000000000000000000066666666666666666666666000                                            
 151                                                     000000000000000008888888888888880000000000000000                                            
 152                                                                     0888888888888888                                                            
 153                                                                     0888888888888888                                                            
 154                                                                     0888888888888888                                                            
 155                                                                     0888888888888888                                                            
 156                                                                     0888888888888888                                                            
 157                                                                     0888888888888888                                                            
 158                                                                     bbbbbbbbbbbbbbbb                                                            
 159                                                                     bbbbbbbbbbbbbbbb                                                            
 160                                                                     bbbbbbbbbbbbbbbb                                                            
 161                                                                     bbbbbbbbbbbbbbbb                                                            
 162                                                                     bbbbbbbbbbbbbbbb                                                            
 163                                                                     aaaaabbbbbbaaaaa                                                            
 164                                                                     aaaaabbbbbbaaaaa                                                            
 165                                                                     aaaaabbbbbbaaaaa                                                            
 166                                                                     aaaaabbbbbbaaaaa                                                            
 167                                                                     aaaaaaaaaaaaaaaa                                                            
placed 12, declined 0
