## spawn-red -> mon-0
ROUTE (-96, 38) -> (-70, -2) aim travel: 51 blocks, 0 placed, 0 drop(s), worst drop 0
  place            y   step
  (-96, 38)         21
  (-96, 37)         21
  (-96, 36)         21
  (-96, 35)         21
  (-96, 34)         21
  (-96, 33)         21
  (-96, 32)         21
  (-96, 31)         21
  (-96, 30)         21
  (-96, 29)         21
  (-96, 28)         21
  (-96, 27)         21
  (-96, 26)         21
  (-96, 25)         21
  (-96, 24)         21
  (-95, 23)         21
  (-94, 22)         20
  (-93, 21)         20
  (-92, 20)         20
  (-91, 19)         20
  (-90, 18)         20
  (-89, 17)         21
  (-88, 16)         20
  (-87, 15)         20
  (-86, 14)         20
  (-85, 13)         20
  (-84, 12)         20
  (-83, 11)         20
  (-82, 10)         20
  (-81, 9)          21
  (-80, 8)          21
  (-79, 7)          21
  (-78, 6)          21
  (-77, 5)          21
  (-76, 4)          22
  (-75, 3)          22
  (-74, 2)          22
  (-73, 1)          22
  (-72, 0)          22
  (-71, -1)         22
  (-70, -2)         23
rises 0, falls 0, worst step 0: walked end to end
beside: destroyable mon at (-72, 0) d0, spawn sp at (-96, 34) d0

## spawn-red -> mon-1
ROUTE (-96, 38) -> (69, 1) aim travel: 214 blocks, 42 placed, 1 drop(s), worst drop 16
  place            y   step
  (-96, 38)         21
  (-96, 37)         21
  (-96, 36)         21
  (-96, 35)         21
  (-95, 34)         21
  (-94, 33)         21
  (-93, 32)         21
  (-92, 31)         21
  (-91, 30)         21
  (-90, 29)         20
  (-89, 28)         20
  (-88, 27)         20
  (-87, 26)         20
  (-86, 25)         20
  (-85, 24)         20
  (-84, 23)         19
  (-83, 22)         19
  (-82, 21)         19
  (-81, 20)         19
  (-80, 19)         19
  (-79, 18)         19
  (-78, 17)         19
  (-77, 16)         19
  (-76, 15)         19
  (-75, 14)         19
  (-74, 13)         20
  (-73, 12)         20
  (-72, 11)         20
  (-71, 11)         20
  (-70, 11)         20
  (-69, 11)         20
  (-68, 11)         20
  (-67, 11)         20
  (-66, 11)         20
  (-65, 11)         19
  (-64, 11)         19
  (-63, 10)         19
  (-62, 9)          20
  (-61, 8)          20
  (-60, 7)          20
  (-59, 6)          20
  (-58, 5)          20
  (-57, 4)          20
  (-56, 3)          20
  (-55, 2)          20
  (-54, 1)          19
  (-53, 0)          20
  (-52, -1)         19
  (-51, -2)         19
  (-50, -2)         19
  (-49, -2)         19
  (-48, -2)         19
  (-47, -2)         19
  (-46, -2)         19
  (-45, -2)         19
  (-44, -2)         19
  (-43, -2)         19
  (-42, -2)         19
  (-41, -2)         19
  (-40, -2)         19
  (-39, -2)         19
  (-38, -2)         19
  (-37, -2)         19
  (-36, -2)         19
  (-35, -2)         19
  (-34, -3)         18
  (-33, -4)         17
  (-32, -5)         17
  (-31, -6)         17
  (-30, -7)         17
  (-29, -8)         17
  (-28, -9)         17
  (-27, -10)        17
  (-26, -11)        17
  (-25, -12)        17
  (-24, -13)        17
  (-23, -14)        17
  (-22, -15)        17
  (-21, -16)        17
  (-20, -17)        18
  (-20, -18)        18
  (-19, -19)        18
  (-18, -20)        18
  (-17, -20)        18
  (-16, -20)        18
  (-15, -19)        18
  (-14, -18)        18
  (-13, -17)        18
  (-12, -16)        18
  (-11, -15)        18
  (-10, -14)        18
  (-9, -13)         18
  (-8, -12)         18
  (-7, -11)         18
  (-6, -10)         18
  (-5, -9)          18
  (-4, -8)          18
  (-3, -7)          18
  (-2, -6)          18
  (-2, -5)          18
  (-2, -4)          18
  (-2, -3)          18
  (-2, -2)          18
  (-1, -1)          18
  (0, 0)            18
  (1, 1)            18
  (2, 2)            18
  (3, 3)            18
  (4, 4)            18
  (5, 5)            18
  (6, 6)            18
  (7, 7)            18
  (8, 8)            18
  (9, 9)            18
  (10, 10)          18
  (11, 11)          18
  (12, 12)           2   drop -16
  (13, 13)           2
  (14, 14)          18   barrier +16
  (15, 15)          18
  (16, 16)          18
  (17, 16)          18
  (18, 16)          18
  (19, 16)          18
  (20, 15)          17
  (21, 14)          17
  (22, 13)          17
  (23, 12)          17
  (24, 11)          17
  (25, 10)          17
  (26, 9)           17
  (27, 8)           17
  (28, 7)           17
  (29, 6)           17
  (30, 5)           17
  (31, 4)           17
  (32, 3)           17
  (33, 2)           18
  (34, 2)           19
  (35, 2)           19
  (36, 2)           19
  (37, 2)           19
  (38, 2)           19
  (39, 2)           19
  (40, 2)           19
  (41, 2)           19
  (42, 2)           19
  (43, 2)           19
  (44, 2)           19
  (45, 2)           19
  (46, 2)           19
  (47, 2)           19
  (48, 2)           19
  (49, 2)           19
  (50, 2)           19
  (51, 2)           19
  (52, 2)           19
  (53, 2)           19
  (54, 2)           18
  (55, 2)           19
  (56, 2)           20
  (57, 2)           21
  (58, 2)           21
  (59, 2)           21
  (60, 2)           22
  (61, 2)           22
  (62, 2)           22
  (63, 2)           22
  (64, 2)           22
  (65, 2)           22
  (66, 2)           22
  (67, 2)           22
  (68, 2)           22
  (69, 1)           23
rises 1, falls 1, worst step 16: drop -16 at (12, 12); barrier +16 at (14, 14)
beside: destroyable mon#1 at (67, 2) d0, spawn sp at (-96, 35) d0, tree t1 at (-87, 26) d0, boulder b-isle at (-3, -9) d1, boulder b4 at (-23, -16) d1, boulder b4#1 at (21, 16) d1, fluid wash-lava at (-51, 1) d2, fluid wash-lava#1 at (34, 4) d2, house house-c at (-73, 15) d2

## spawn-blue -> mon-0
ROUTE (96, -38) -> (-70, -2) aim travel: 214 blocks, 42 placed, 1 drop(s), worst drop 16
  place            y   step
  (96, -38)         21
  (96, -37)         21
  (95, -36)         21
  (94, -35)         21
  (93, -34)         21
  (92, -33)         21
  (91, -32)         21
  (90, -31)         21
  (89, -30)         20
  (88, -29)         20
  (87, -28)         20
  (86, -27)         20
  (85, -26)         20
  (84, -25)         20
  (83, -24)         19
  (82, -23)         19
  (81, -22)         19
  (80, -21)         19
  (79, -20)         19
  (78, -19)         19
  (77, -18)         19
  (76, -17)         19
  (75, -16)         19
  (74, -15)         19
  (73, -14)         20
  (72, -13)         20
  (71, -12)         20
  (70, -12)         20
  (69, -12)         20
  (68, -12)         20
  (67, -12)         20
  (66, -12)         20
  (65, -12)         20
  (64, -12)         19
  (63, -12)         19
  (62, -11)         19
  (61, -10)         20
  (60, -9)          20
  (59, -8)          20
  (58, -7)          20
  (57, -6)          20
  (56, -5)          20
  (55, -4)          20
  (54, -3)          20
  (53, -2)          19
  (52, -1)          20
  (51, 0)           19
  (50, 1)           19
  (49, 1)           19
  (48, 1)           19
  (47, 1)           19
  (46, 1)           19
  (45, 1)           19
  (44, 1)           19
  (43, 1)           19
  (42, 1)           19
  (41, 1)           19
  (40, 1)           19
  (39, 1)           19
  (38, 1)           19
  (37, 1)           19
  (36, 1)           19
  (35, 1)           19
  (34, 1)           19
  (33, 1)           18
  (32, 2)           18
  (31, 3)           17
  (30, 4)           17
  (29, 5)           17
  (28, 6)           17
  (27, 7)           17
  (26, 8)           17
  (25, 9)           17
  (24, 10)          17
  (23, 11)          17
  (22, 12)          17
  (21, 13)          17
  (20, 14)          17
  (19, 15)          18
  (18, 16)          18
  (17, 16)          18
  (16, 16)          18
  (15, 15)          18
  (14, 14)          18
  (13, 13)           2   drop -16
  (12, 12)           2
  (11, 11)          18   barrier +16
  (10, 10)          18
  (9, 9)            18
  (8, 8)            18
  (7, 7)            18
  (6, 6)            18
  (5, 5)            18
  (4, 4)            18
  (3, 3)            18
  (3, 2)            18
  (3, 1)            18
  (3, 0)            18
  (3, -1)           18
  (2, -2)           18
  (1, -3)           18
  (0, -4)           18
  (-1, -5)          18
  (-2, -6)          18
  (-3, -7)          18
  (-4, -8)          18
  (-5, -9)          18
  (-6, -10)         18
  (-7, -11)         18
  (-8, -12)         18
  (-9, -13)         18
  (-10, -14)        18
  (-11, -15)        18
  (-12, -16)        18
  (-13, -17)        18
  (-14, -18)        18
  (-15, -19)        18
  (-16, -20)        18
  (-17, -20)        18
  (-18, -20)        18
  (-18, -19)        18
  (-19, -18)        18
  (-20, -17)        18
  (-21, -16)        17
  (-22, -15)        17
  (-23, -14)        17
  (-24, -13)        17
  (-25, -12)        17
  (-26, -11)        17
  (-27, -10)        17
  (-28, -9)         17
  (-29, -8)         17
  (-30, -7)         17
  (-31, -6)         17
  (-32, -5)         17
  (-33, -4)         17
  (-34, -3)         18
  (-35, -3)         19
  (-36, -3)         19
  (-37, -3)         19
  (-38, -3)         19
  (-39, -3)         19
  (-40, -3)         19
  (-41, -3)         19
  (-42, -3)         19
  (-43, -3)         19
  (-44, -3)         19
  (-45, -3)         19
  (-46, -3)         19
  (-47, -3)         19
  (-48, -3)         19
  (-49, -3)         19
  (-50, -3)         19
  (-51, -3)         19
  (-52, -3)         19
  (-53, -3)         19
  (-54, -3)         19
  (-55, -3)         18
  (-56, -3)         19
  (-57, -3)         20
  (-58, -3)         21
  (-59, -3)         21
  (-60, -3)         21
  (-61, -3)         22
  (-62, -3)         22
  (-63, -3)         22
  (-64, -3)         22
  (-65, -3)         22
  (-66, -3)         22
  (-67, -3)         22
  (-68, -3)         22
  (-69, -3)         22
  (-70, -2)         23
rises 1, falls 1, worst step 16: drop -16 at (13, 13); barrier +16 at (11, 11)
beside: destroyable mon at (-70, -2) d0, spawn sp#1 at (94, -35) d0, tree t1#1 at (76, -17) d0, boulder b-isle at (-3, -9) d1, boulder b4 at (-23, -16) d1, boulder b4#1 at (21, 16) d2, fluid wash-lava at (-53, -5) d2, fluid wash-lava#1 at (34, 4) d2, house house-c#1 at (71, -16) d2

## spawn-blue -> mon-1
ROUTE (96, -38) -> (69, 1) aim travel: 50 blocks, 0 placed, 0 drop(s), worst drop 0
  place            y   step
  (96, -38)         21
  (96, -37)         21
  (96, -36)         21
  (96, -35)         21
  (96, -34)         21
  (96, -33)         21
  (96, -32)         21
  (96, -31)         21
  (96, -30)         21
  (96, -29)         21
  (96, -28)         21
  (96, -27)         21
  (96, -26)         21
  (95, -25)         21
  (94, -24)         21
  (93, -23)         20
  (92, -22)         20
  (91, -21)         20
  (90, -20)         20
  (89, -19)         20
  (88, -18)         21
  (87, -17)         20
  (86, -16)         20
  (85, -15)         20
  (84, -14)         20
  (83, -13)         20
  (82, -12)         20
  (81, -11)         20
  (80, -10)         21
  (79, -9)          21
  (78, -8)          21
  (77, -7)          21
  (76, -6)          21
  (75, -5)          22
  (74, -4)          22
  (73, -3)          22
  (72, -2)          22
  (71, -1)          22
  (70, 0)           22
  (69, 1)           23
rises 0, falls 0, worst step 0: walked end to end
beside: destroyable mon#1 at (69, 1) d0, spawn sp#1 at (96, -38) d0
