## dead-bushes (made) along x
TRANSECT 102 stations from (-112, -8) to (-11, -8), every 1
  station        ground  surface  water  top  standing            step
  ( -112,    -8)                                                    void
  ( -111,    -8)                                                    void
  ( -110,    -8)                                                    void
  ( -109,    -8)                                                    void
  ( -108,    -8)                                                    void
  ( -107,    -8)                                                    void
  ( -106,    -8)                                                    void
  ( -105,    -8)                                                    void
  ( -104,    -8)                                                    void
  ( -103,    -8)                                                    void
  ( -102,    -8)      21       21           21                      
  ( -101,    -8)      21       21           21                      
  ( -100,    -8)      21       22           22  storey              +1
  (  -99,    -8)      21       21           21                      -1
  (  -98,    -8)      21       21           21                      
  (  -97,    -8)      21       21           21                      
  (  -96,    -8)      21       21           21                      
  (  -95,    -8)      21       21           21                      
  (  -94,    -8)      21       21           21                      
  (  -93,    -8)      21       21           33  house house-a       
  (  -92,    -8)      21       21           33  house house-a       
  (  -91,    -8)      21       21           33  house house-a       
  (  -90,    -8)      21       21           33  house house-a       
  (  -89,    -8)      21       21           33  house house-a       
  (  -88,    -8)      21       21           33  house house-a       
  (  -87,    -8)      21       21           33  house house-a       
  (  -86,    -8)      21       21           33  house house-a       
  (  -85,    -8)      21       21           33  house house-a       
  (  -84,    -8)      21       21           33  house house-a       
  (  -83,    -8)      21       21           33  house house-a       
  (  -82,    -8)      22       22           22                      +1
  (  -81,    -8)      22       22           22                      
  (  -80,    -8)      22       22           22                      
  (  -79,    -8)      22       22           22  stroke path-houses  
  (  -78,    -8)      22       22           22  stroke path-houses  
  (  -77,    -8)      22       22           22  stroke path-houses  
  (  -76,    -8)      22       22           22  stroke path-houses  
  (  -75,    -8)      22       22           22                      
  (  -74,    -8)      22       22           22                      
  (  -73,    -8)      22       22           22                      
  (  -72,    -8)      22       22           22                      
  (  -71,    -8)      22       22           22                      
  (  -70,    -8)      22       22           22                      
  (  -69,    -8)      22       22           22                      
  (  -68,    -8)      22       22           22                      
  (  -67,    -8)      22       22           22                      
  (  -66,    -8)      22       22           22                      
  (  -65,    -8)      22       22           22                      
  (  -64,    -8)      22       22           22                      
  (  -63,    -8)      22       22           22                      
  (  -62,    -8)      21       21           21                      -1
  (  -61,    -8)      20       20           20                      -1
  (  -60,    -8)      18       18           18                      -2
  (  -59,    -8)      17       17           17                      -1
  (  -58,    -8)      16       16           16                      -1
  (  -57,    -8)      15       15           15                      -1
  (  -56,    -8)      15       15           15                      
  (  -55,    -8)      15       15           15                      
  (  -54,    -8)      14       14           14                      -1
  (  -53,    -8)      14       14           14                      
  (  -52,    -8)      14       14           14                      
  (  -51,    -8)      14       14           14                      
  (  -50,    -8)      13       13           13                      -1
  (  -49,    -8)      13       13           13                      
  (  -48,    -8)      13       13           13                      
  (  -47,    -8)      13       13           13                      
  (  -46,    -8)      13       13           13                      
  (  -45,    -8)      13       13           13                      
  (  -44,    -8)      13       13           13                      
  (  -43,    -8)      13       13           13                      
  (  -42,    -8)      12       12           12                      -1
  (  -41,    -8)      12       12           12                      
  (  -40,    -8)      12       12           12                      
  (  -39,    -8)      12       12           12                      
  (  -38,    -8)      12       12           12                      
  (  -37,    -8)      12       12           12                      
  (  -36,    -8)      14       14           14                      scramble +2
  (  -35,    -8)      15       15           15                      +1
  (  -34,    -8)      17       17           17                      scramble +2
  (  -33,    -8)      17       17           17                      
  (  -32,    -8)      17       17           17                      
  (  -31,    -8)      17       17           17                      
  (  -30,    -8)      17       17           17                      
  (  -29,    -8)      17       17           17                      
  (  -28,    -8)      17       17           17                      
  (  -27,    -8)      17       17           17                      
  (  -26,    -8)      17       17           17                      
  (  -25,    -8)      17       17           17                      
  (  -24,    -8)      17       17           17                      
  (  -23,    -8)      17       17           17                      
  (  -22,    -8)      17       17           17                      
  (  -21,    -8)      17       17           17                      
  (  -20,    -8)      17       17           17                      
  (  -19,    -8)                                                    void
  (  -18,    -8)                             2                      void
  (  -17,    -8)                                                    void
  (  -16,    -8)                                                    void
  (  -15,    -8)                                                    void
  (  -14,    -8)                                                    void
  (  -13,    -8)                                                    void
  (  -12,    -8)                                                    void
  (  -11,    -8)                                                    void
rises 5, falls 10, worst step 2: 0 barrier, 2 scramble, 0 drop — scramble +2 at (-36, -8); scramble +2 at (-34, -8) | walked end to end
beside: house house-a at (-93, -10), stroke path-houses at (-81, -10), stroke path-bridge-east at (-25, -6)

## dead-bushes (made) along z
TRANSECT 88 stations from (-63, -48) to (-63, 39), every 1
  station        ground  surface  water  top  standing            step
  (  -63,   -48)                                                    void
  (  -63,   -47)                                                    void
  (  -63,   -46)      30       30           30                      
  (  -63,   -45)      30       30           32  boulder b-mesa-1    
  (  -63,   -44)      30       30           33  boulder b-mesa-1    
  (  -63,   -43)      30       30           34  boulder b-mesa-1    
  (  -63,   -42)      30       30           33  boulder b-mesa-1    
  (  -63,   -41)      30       30           32  boulder b-mesa-1    
  (  -63,   -40)      30       30           30                      
  (  -63,   -39)      30       30           30                      
  (  -63,   -38)      30       30           30                      
  (  -63,   -37)      30       30           30                      
  (  -63,   -36)      30       30           30                      
  (  -63,   -35)      30       30           30                      
  (  -63,   -34)      30       30           30                      
  (  -63,   -33)      30       30           30                      
  (  -63,   -32)      27       27           27                      -3
  (  -63,   -31)      25       25           25                      -2
  (  -63,   -30)      21       21           21                      DROP -4
  (  -63,   -29)      20       20           20                      -1
  (  -63,   -28)      20       20           20                      
  (  -63,   -27)      20       20           29  house house-d       
  (  -63,   -26)      20       20           29  house house-d       
  (  -63,   -25)      20       20           30  house house-d       
  (  -63,   -24)      20       20           30  house house-d       
  (  -63,   -23)      20       20           31  house house-d       
  (  -63,   -22)      20       20           30  house house-d       
  (  -63,   -21)      20       20           30  house house-d       
  (  -63,   -20)      20       20           29  house house-d       
  (  -63,   -19)      21       21           29  house house-d       +1
  (  -63,   -18)      21       21           21                      
  (  -63,   -17)      21       21           21                      
  (  -63,   -16)      20       20           20                      -1
  (  -63,   -15)      20       20           20                      
  (  -63,   -14)      20       20           20                      
  (  -63,   -13)      19       19           19                      -1
  (  -63,   -12)      19       19           19                      
  (  -63,   -11)      20       20           20                      +1
  (  -63,   -10)      20       20           20                      
  (  -63,    -9)      21       21           21                      +1
  (  -63,    -8)      22       22           22                      +1
  (  -63,    -7)      22       22           22                      
  (  -63,    -6)      22       22           22                      
  (  -63,    -5)      22       22           22                      
  (  -63,    -4)      22       22           22  stroke path-bridge-west  
  (  -63,    -3)      22       22           22  stroke path-bridge-west  
  (  -63,    -2)      22       22           22  stroke path-bridge-west  
  (  -63,    -1)      22       22           22  stroke path-bridge-west  
  (  -63,     0)      22       22           22                      
  (  -63,     1)      22       22           22                      
  (  -63,     2)      22       22           22                      
  (  -63,     3)      21       21           21                      -1
  (  -63,     4)      21       21           21                      
  (  -63,     5)      21       21           21                      
  (  -63,     6)      21       21           21                      
  (  -63,     7)      20       20           20                      -1
  (  -63,     8)      20       20           20                      
  (  -63,     9)      20       20           20                      
  (  -63,    10)      19       19           19                      -1
  (  -63,    11)      19       19           19  stroke path-hamlet  
  (  -63,    12)      19       19           19  stroke path-hamlet  
  (  -63,    13)      19       19           19  stroke path-hamlet  
  (  -63,    14)      18       18           18                      -1
  (  -63,    15)      18       18           18                      
  (  -63,    16)      18       18           18                      
  (  -63,    17)      18       18           18                      
  (  -63,    18)      17       17           17                      -1
  (  -63,    19)      17       17           17                      
  (  -63,    20)      17       17           17                      
  (  -63,    21)      17       17           17                      
  (  -63,    22)      16       16           16                      -1
  (  -63,    23)      16       16           16                      
  (  -63,    24)      16       16           16                      
  (  -63,    25)      16       16           16  water oasis-pool    
  (  -63,    26)      16       16     16    16  water oasis-pool    
  (  -63,    27)      16       16     16    16  water oasis-pool    
  (  -63,    28)      16       16     16    16  water oasis-pool    
  (  -63,    29)      16       16     16    16  water oasis-pool    
  (  -63,    30)      16       16     16    16  water oasis-pool    
  (  -63,    31)      16       16     16    16  water oasis-pool    
  (  -63,    32)      16       16     16    16  water oasis-pool    
  (  -63,    33)      16       16     16    16  water oasis-pool    
  (  -63,    34)      16       16     16    16  water oasis-pool    
  (  -63,    35)      16       16     16    16  water oasis-pool    
  (  -63,    36)      16       16           16  tree t2             
  (  -63,    37)      16       16           16  tree t2             
  (  -63,    38)      16       16           16  tree t2             
  (  -63,    39)      16       16           23  tree t2             
rises 4, falls 12, worst step 4: 0 barrier, 0 scramble, 1 drop — DROP -4 at (-63, -30) | walked end to end
beside: boulder b-mesa-1 at (-65, -45), tree t-mesa at (-65, -43), house house-d at (-65, -27), stroke path-bridge-west at (-65, -4), stroke path-hamlet at (-61, 10), house house-c at (-65, 15), tree t4 at (-61, 20), flora oasis-cover at (-62, 22), water oasis-pool at (-65, 24), tree t2 at (-65, 35)
