HEIGHTMAP  1 char = 1x1 blocks (the top-left block of each)  x -44..43 across, z -144..143 down
KEY  char = ground height above y11 in bands of 1 block(s): 0 = y11..11, 1 = …; H house or hall  ~ water  @ spawn point  ! goal  space = void
        -4        -3        -2        -1         0         1         2         3         4   
     4321098765432109876543210987654321098765432101234567890123456789012345678901234567890123
-144             66666666666H66777777777776666666                                            
-143             6HHHHHHHHHHH66677777777777766666                                            
-142             6HHHHHHHHHHH66677777777777777666                                            
-141             6HHHHHHHHHHH66677777777777777766                                            
-140             6HHHHHHHHHHH66677777777777777666                                            
-139             6HHHHHHHHHHH66667777777777777766                                            
-138             6HHHHHHHHHHH66667777777777777777                                            
-137             6HHHHHHHHHHH66677777777777777777                                            
-136             6HHHHHHHHHHH66677777777777777777                                            
-135             6HHHHHHHHHHH66777777777777777777                                            
-134             6HHHHHHHHHHH66777777777777777777                                            
-133             HHHHHHHHHHHH66777777777777777777                                            
-132             666666666666        777777777777                                            
-131             666666666666        777777777777                                            
-130             666666666666        777777777777                                            
-129             666655566666        777777777777                                            
-128             555555566666        777777777777                                            
-127             555555666666        777777777777                                            
-126             555555666666        777777777777                                            
-125             555555666666        777777777777                                            
-124             555555566666        777777777777                                            
-123             555555556666        777777777777                                            
-122             555555555555        777777777777                                            
-121             555556655555        777777777777                                            
-120             55555665555566777777777777777777                                            
-119             55555555555666777777777777777777                                            
-118             55555555555666777777777777777777                                            
-117             55555555555666677777777777777777                                            
-116             55555555555666667777777777777777                                            
-115             55555555555566666777777777777777                                            
-114             55555555555555666677777777777777                                            
-113             55555555555555566666677777777777                                            
-112             55555555555555556666666666666666                                            
-111             55555555555555555566666666666666                                            
-110             55555555555555555555566666666555                                            
-109             55555555555555555555555555555555                                            
-108                         45555555555555555555                                            
-107                         44555555555555555444                                            
-106                         44445555554444444444                                            
-105                         44444554444444444444                                            
-104                         44444444444444444444                                            
-103                         44444444444444444444                                            
-102                         44444444444444444444                                            
-101                         44444444444444444444                                            
-100                         44444444444444444444                                            
 -99                         44444444444444444444                                            
 -98                         44444444444444444444                                            
 -97                         44444444444444444444                                            
 -96                         444444444444444444444444444444444444                            
 -95                         444444444444444444444444444444444444                            
 -94                         444444444444444444444444444444444444                            
 -93                         444444444444444444444444444444444455                            
 -92                         444444444444444444444444444444444445555544444444                
 -91                         44444444444444444444444444444444444555554HHHHHH4                
 -90                         44444444444444444444444444444444444555554HHHHHH4                
 -89                         44444444444444444444444444444444444555554HHHHHH4                
 -88                         44444444444444444444444444444444444554444HHHHHH4                
 -87                         44444444444444444444444444444444444444444HHHHHH4                
 -86                         44444444444444444444444444444444444444444HHHHHH4                
 -85                         44444444444444444444444444444444444444444HHHHHH4                
 -84                         44444444444444444444444444444444444444444HHHHHH4                
 -83                         44444444444444444444444444444444444444444HHHHHH4                
 -82                         44444444444444444444444444444444444444444HHHHHH4                
 -81                         44444444444444444444444444444444444444444HHHHHH4                
 -80                         4444444444444444    444444444444444444444HHHHHH4                
 -79                         4444444444444444    444444444444444444444HHHHHH4                
 -78                         4444444444444444    444444444444444444444HHHHHH4                
 -77                         4444444444444444    4444444444444434444444444444                
 -76                         4444444444444444    4444444444443333                            
 -75                         3444444444444444    4444444444433333                            
 -74                         3334444444444444    4444444444333333                            
 -73                         3333444444444444    4444444433333333                            
 -72                         3333344444444444    4444443333333332                            
 -71                         3333333444444444    4444333333322222                            
 -70                         3333333333333333    3333333333222222                            
 -69                         3333333333333333    3333332222222222                            
 -68                         3333333333333333    3333322222222222                            
 -67                         2222223333333333    2222222222222222                            
 -66                         2222222222222222    2222222222222222                            
 -65                         2222222222222222    2222222222221111                            
 -64                         222222222222222221111111222211111111                            
 -63                         122222222222222211111111111111111111                            
 -62                         112222111122222111111111111111111111                            
 -61                         111111111111111111111111111111111111                            
 -60 0000000H0000000000001111111111111111111111111111111111111111111111111111H1111111        
 -59 0HHHHHHH0000000000001111111111111111111111111111111111111111111111111111HHHHHHH1        
 -58 0HHHHHHH0000000000011111111111111111111111111111111111111111111111111111HHHHHHH1        
 -57 0HHHHHHH0000000000011111111111111111111111111111111111111111111111111111HHHHHHH1        
 -56 0HHHHHHH0000000000011111111111111111111111111111111111111111111111111111HHHHHHH1        
 -55 0HHHHHHH0000000000011111111111111111111111111111111111111111111111111111HHHHHHH1        
 -54 0HHHHHHH0000000000011111111111111111111111111111111111111111111111111111HHHHHHH1        
 -53 0HHHHHHH0000000000011111111111111111111111111111111111111111111111111111HHHHHHH1        
 -52 0HHHHHHH0000000000001111111111111111111111111111111111111111111111111111HHHHHHH1        
 -51 0HHHHHHH0000000000001111111111111111111111111111111111111111111111111111HHHHHHH1        
 -50 0HHHHHHH0000000000001111111111111111111111111111111111111111111111111111HHHHHHH1        
 -49 0000000H0000000000001111111111111111111111111111111111111111111111111111H1111111        
 -48                             11111111111111111111111111111111                            
 -47                             11111111111111111111111111111111                            
 -46                             11111111111111111111111111111111                            
 -45                             11111111111111111111111111111111                            
 -44                             11111111111111111111111111111111                            
 -43                             11111111111111111111111111111111                            
 -42                             11111111111111111111111111111111                            
 -41                             11111111111111111111111111111111                            
 -40                             11111111111111111111111111111111                            
 -39                             11111111111111111111111111111111                            
 -38                             11111111111111111111111111111111                            
 -37                             11111111111111111111111111111111                            
 -36                             11111111111111111111111111111111                            
 -35                             11111111111111111111111111111111                            
 -34                             11111111111111111111111111111111                            
 -33                             11111111111111111111111111111111                            
 -32                             11111111111111111111111111111111                            
 -31                             11111111111111111111111111111111                            
 -30                             11111111111111111111111111111111                            
 -29                             11111111111111111111111111111111                            
 -28                             11111111111111111111111111111111                            
 -27                             11111111111111111111111111111111                            
 -26                             11111111111111111111111111111111                            
 -25                             11111111111111111111111111111111                            
 -24                                                                                         
 -23                                                                                         
 -22                                                                                         
 -21                                                                                         
 -20                                                                                         
 -19                                                                                         
 -18                                                                                         
 -17                                                                                         
 -16                                                                                         
 -15                                                                                         
 -14                                                                                         
 -13                                                                                         
 -12                                 111111100000000000000000                                
 -11                                 011111100000000000000000                                
 -10                                 001111100000000000000000                                
  -9                                 001111100000000000000000                                
  -8                                 001111000000000000000000                                
  -7                                 001111000000000000001100                                
  -6                                 000111000000000000001110                                
  -5                                 000000000000000000001110                                
  -4                                 000000000000000000001110                                
  -3                                 000000000000000000000111                                
  -2                                 000000000000000000000111                                
  -1                                 000000000000000000000011                                
   0                                 110000000000000000000000                                
   1                                 111000000000000000000000                                
   2                                 111000000000000000000000                                
   3                                 011100000000000000000000                                
   4                                 011100000000000000000000                                
   5                                 011100000000000000111000                                
   6                                 001100000000000000111100                                
   7                                 000000000000000000111100                                
   8                                 000000000000000001111100                                
   9                                 000000000000000001111100                                
  10                                 000000000000000001111110                                
  11                                 000000000000000001111111                                
  12                                                                                         
  13                                                                                         
  14                                                                                         
  15                                                                                         
  16                                                                                         
  17                                                                                         
  18                                                                                         
  19                                                                                         
  20                                                                                         
  21                                                                                         
  22                                                                                         
  23                                                                                         
  24                             11111111111111111111111111111111                            
  25                             11111111111111111111111111111111                            
  26                             11111111111111111111111111111111                            
  27                             11111111111111111111111111111111                            
  28                             11111111111111111111111111111111                            
  29                             11111111111111111111111111111111                            
  30                             11111111111111111111111111111111                            
  31                             11111111111111111111111111111111                            
  32                             11111111111111111111111111111111                            
  33                             11111111111111111111111111111111                            
  34                             11111111111111111111111111111111                            
  35                             11111111111111111111111111111111                            
  36                             11111111111111111111111111111111                            
  37                             11111111111111111111111111111111                            
  38                             11111111111111111111111111111111                            
  39                             11111111111111111111111111111111                            
  40                             11111111111111111111111111111111                            
  41                             11111111111111111111111111111111                            
  42                             11111111111111111111111111111111                            
  43                             11111111111111111111111111111111                            
  44                             11111111111111111111111111111111                            
  45                             11111111111111111111111111111111                            
  46                             11111111111111111111111111111111                            
  47                             11111111111111111111111111111111                            
  48         1111111H1111111111111111111111111111111111111111111111111111000000000000H0000000
  49         1HHHHHHH1111111111111111111111111111111111111111111111111111000000000000HHHHHHH0
  50         1HHHHHHH1111111111111111111111111111111111111111111111111111000000000000HHHHHHH0
  51         1HHHHHHH1111111111111111111111111111111111111111111111111111000000000000HHHHHHH0
  52         1HHHHHHH1111111111111111111111111111111111111111111111111111100000000000HHHHHHH0
  53         1HHHHHHH1111111111111111111111111111111111111111111111111111100000000000HHHHHHH0
  54         1HHHHHHH1111111111111111111111111111111111111111111111111111100000000000HHHHHHH0
  55         1HHHHHHH1111111111111111111111111111111111111111111111111111100000000000HHHHHHH0
  56         1HHHHHHH1111111111111111111111111111111111111111111111111111100000000000HHHHHHH0
  57         1HHHHHHH1111111111111111111111111111111111111111111111111111100000000000HHHHHHH0
  58         1HHHHHHH1111111111111111111111111111111111111111111111111111000000000000HHHHHHH0
  59         1111111H1111111111111111111111111111111111111111111111111111000000000000H0000000
  60                             111111111111111111111111111111111111                        
  61                             111111111111111111111222221111222211                        
  62                             111111111111111111112222222222222221                        
  63                             111111112222111111122222222222222222                        
  64                             1111222222222222    2222222222222222                        
  65                             2222222222222222    2222222222222222                        
  66                             2222222222222222    3333333333222222                        
  67                             2222222222233333    3333333333333333                        
  68                             2222222222333333    3333333333333333                        
  69                             2222223333333333    3333333333333333                        
  70                             2222233333334444    4444444443333333                        
  71                             2333333333444444    4444444444433333                        
  72                             3333333344444444    4444444444443333                        
  73                             3333334444444444    4444444444444333                        
  74                             3333344444444444    4444444444444443                        
  75                             3333444444444444    4444444444444444                        
  76                 4444444444444344444444444444    4444444444444444                        
  77                 4HHHHHH444444444444444444444    4444444444444444                        
  78                 4HHHHHH444444444444444444444    4444444444444444                        
  79                 4HHHHHH444444444444444444444    4444444444444444                        
  80                 4HHHHHH44444444444444444444444444444444444444444                        
  81                 4HHHHHH44444444444444444444444444444444444444444                        
  82                 4HHHHHH44444444444444444444444444444444444444444                        
  83                 4HHHHHH44444444444444444444444444444444444444444                        
  84                 4HHHHHH44444444444444444444444444444444444444444                        
  85                 4HHHHHH44444444444444444444444444444444444444444                        
  86                 4HHHHHH44444444444444444444444444444444444444444                        
  87                 4HHHHHH44445544444444444444444444444444444444444                        
  88                 4HHHHHH45555544444444444444444444444444444444444                        
  89                 4HHHHHH45555544444444444444444444444444444444444                        
  90                 4HHHHHH45555544444444444444444444444444444444444                        
  91                 444444445555544444444444444444444444444444444444                        
  92                             554444444444444444444444444444444444                        
  93                             444444444444444444444444444444444444                        
  94                             444444444444444444444444444444444444                        
  95                             444444444444444444444444444444444444                        
  96                                             44444444444444444444                        
  97                                             44444444444444444444                        
  98                                             44444444444444444444                        
  99                                             44444444444444444444                        
 100                                             44444444444444444444                        
 101                                             44444444444444444444                        
 102                                             44444444444444444444                        
 103                                             44444444444444444444                        
 104                                             44444444444445544444                        
 105                                             44444444445555554444                        
 106                                             44455555555555555544                        
 107                                             55555555555555555554                        
 108                                             55555555555555555555555555555555            
 109                                             55566666666555555555555555555555            
 110                                             66666666666666555555555555555555            
 111                                             66666666666666665555555555555555            
 112                                             77777777777666666555555555555555            
 113                                             77777777777777666655555555555555            
 114                                             77777777777777766666555555555555            
 115                                             77777777777777776666655555555555            
 116                                             77777777777777777666655555555555            
 117                                             77777777777777777766655555555555            
 118                                             77777777777777777766655555555555            
 119                                             77777777777777777766555556655555            
 120                                             777777777777        555556655555            
 121                                             777777777777        555555555555            
 122                                             777777777777        666655555555            
 123                                             777777777777        666665555555            
 124                                             777777777777        666666555555            
 125                                             777777777777        666666555555            
 126                                             777777777777        666666555555            
 127                                             777777777777        666665555555            
 128                                             777777777777        666665556666            
 129                                             777777777777        666666666666            
 130                                             777777777777        666666666666            
 131                                             777777777777        666666666666            
 132                                             77777777777777777766HHHHHHHHHHHH            
 133                                             77777777777777777766HHHHHHHHHHH6            
 134                                             77777777777777777766HHHHHHHHHHH6            
 135                                             77777777777777777666HHHHHHHHHHH6            
 136                                             77777777777777777666HHHHHHHHHHH6            
 137                                             77777777777777776666HHHHHHHHHHH6            
 138                                             66777777777777776666HHHHHHHHHHH6            
 139                                             66677777777777777666HHHHHHHHHHH6            
 140                                             66777777777777777666HHHHHHHHHHH6            
 141                                             66677777777777777666HHHHHHHHHHH6            
 142                                             66666777777777777666HHHHHHHHHHH6            
 143                                             66666667777777777766H66666666666            
low y11, high y18, range 7
