INCLINE  1 char = 3x3 blocks (the top-left block of each)  x -149..148 across, z -133..131 down
KEY  char = tens of degrees from level, read 2 cell(s) either side: 0 = 0..9°, 4 = 40..49°, 8 = 80°+;  H house or hall  ~ water  @ spawn point  ! goal  space = void
     5 -4  -3 -2 -1  -0 -9 -8  -7 -6 -5  -4 -3 -2  -1  0  1   2  3  4   5  6  7   8  9  0   1  2  3   4  
     9630741852963074185296307418529630741852963074185214703692581470369258147036925814703692581470369258
-133 0000000000000000000000    0000000000000000000000    0000000000000000000000    0000000000000000000000
-130 0000000000000000000000    0000000000000000000000    0000000000000000000000    0000000000000000000000
-127 0000000000000000000000    0000000000000000000000    0000000000000000000000    0000000000000000000000
-124 0000000000000000000000    0000000000000000000000    0000000000000000000000    0000000000000000000000
-121 0000000000000000000000    0000000000000000000000    0000000000000000000000    0000000000000000000000
-118 0000000000000000000000    0000000000000000000000    0000000000000000000000    0000000000000000000000
-115 0000000000000000000000    0000000000000000000000    0000000000000000000000    0000000000000000000000
-112 000000000HHHH000000000    000000000HHHH000000000    000000000HHHH000000000    000000000HHHH000000000
-109 000000000HHHH000000000    000000000HHHH000000000    000000000HHHH000000000    000000000HHHH000000000
-106 000000000HHHH000000000    000000000HHHH000000000    000000000HHHH000000000    000000000HHHH000000000
-103 000000000HHHH000000000    000000000HHHH000000000    000000000HHHH000000000    000000000HHHH000000000
-100 0000000000000000000000    0000000000HH0000000000    0000000000HH0000000000    0000000000HH0000000000
 -97 0000000000000000000000    0000000000HH0000000000    0000000000HH0000000000    0000000000HH0000000000
 -94 0000000000000000000000    0000000000000000000000    0000000000000000000000    0000000000000000000000
 -91 0000000000000000000000    0000000000000000000000    0000000000000000000000    0000000000000000000000
 -88 0000000000000000000000    0000000000000000000000    0000000000000000000000    0000000000000000000000
 -85 0000000000000000000000    0000000000000000000000    0000000000000000000000    0000000000000000000000
 -82 0000000000000000000000    0000000000000000000000    0000000000000000000000    0000000000000000000000
 -79 0000000000000000000000    0000000000000000000000    0000000000000000000000    0000000000000000000000
 -76                                                                                                     
 -73                                                                                                     
 -70                                                                                                     
 -67                                                                                                     
 -64                                                                                                     
 -61 0000000000000000000000    0000000000000000000000    0000000000000000000000    0000000000000000000000
 -58 0000000000000000000000    0000000000000000000000    0000000000000000000000    0000000000000000000000
 -55 0000000000000000000000    0000000000000000000000    0000000000000000000000    0000000000000000000000
 -52 0000000000000000000000    0000000000000000000000    0000000000000000000000    0000000000000000000000
 -49 0000000000HH0000000000    0000000000000000000000    0000000000000000000000    0000000000000000000000
 -46 0000000000HH0000000000    0000000000000000000000    0000000000000000000000    0000000000000000000000
 -43 0000000000HH0000000000    0000000000000000000000    0000000000000000000000    0000000000000000000000
 -40 000000000HHHH000000000    0000000000000000000000    0000000000000000000000    0000000000000000000000
 -37 000000000HHHH000000000    0000000000000000000000    0000000000000000000000    0000000000000000000000
 -34 000000000HHHH000000000    0000000000000000000000    0000000000000000000000    0000000000000000000000
 -31 0000000000HH0000000000    0000000000000000000000    0000000000000000000000    0000000000000000000000
 -28 0000000000HH0000000000    0000000000000000000000    0000000000000000000000    0000000000000000000000
 -25 0000000000HH0000000000    0000000000000000000000    0000000000000000000000    0000000000000000000000
 -22 0000000000000000000000    0000000000000000000000    0000000000000000000000    0000000000000000000000
 -19 0000000000000000000000    0000000000000000000000    0000000000000000000000    0000000000000000000000
 -16 0000000000000000000000    0000000000000000000000    0000000000000000000000    0000000000000000000000
 -13 0000000000000000000000    0000000000000000000000    0000000000000000000000    0000000000000000000000
 -10 0000000000000000000000    0000000000000000000000    0000000000000000000000    0000000000000000000000
  -7                                                                                                     
  -4                                                                                                     
  -1                                                                                                     
   2                                                                                                     
   5                                                                                                     
   8 0000000000000000000000    0000000000000000000000    0000000000000000000000    0000000000000000000000
  11 0000000000000000000000    0000000000000000000000    0000000000000000000000    0000000000000000000000
  14 0000000000000000000000    0000000000000000000000    0000000000000000000000    0000000000000000000000
  17 0000000000000000000000    0000000000000000000000    0000000000000000000000    0000000000000000000000
  20 0000000000000000000000    0000000000000000000000    0000000000000000000000    0000000000000000000000
  23 0000000000000000000000    0000000000000000000000    0000000000000000000000    0000000000000000000000
  26 0000000000000000000000    0000000000000000000000    0000000000000000000000    0000000000000000000000
  29 0000000000000000000000    0000000000000000000000    000000000HHHH000000000    000000000HHHH000000000
  32 0000000000000000000000    0000000000000000000000    000000000HHHH000000000    000000000HHHH000000000
  35 0000000000000000000000    0000000000000000000000    000000000HHHH000000000    000000000HHHH000000000
  38 0000000000000000000000    0000000000000000000000    0000000000000000000000    000000000HHHH000000000
  41 0000000000000000000000    0000000000000000000000    0000000000HH0000000000    000000000HHHH000000000
  44 0000000000000000000000    0000000000000000000000    0000000000HH0000000000    000000000HHHH000000000
  47 0000000000000000000000    0000000000000000000000    0000000000HH0000000000    0000000000000000000000
  50 0000000000000000000000    0000000000000000000000    0000000000000000000000    0000000000000000000000
  53 0000000000000000000000    0000000000000000000000    0000000000000000000000    0000000000000000000000
  56 0000000000000000000000    0000000000000000000000    0000000000000000000000    0000000000000000000000
  59 0000000000000000000000    0000000000000000000000    0000000000000000000000    0000000000000000000000
  62 0000000000000000000000    0000000000000000000000    0000000000000000000000    0000000000000000000000
  65                                                                                                     
  68                                                                                                     
  71                                                                                                     
  74                                                                                                     
  77 0000000000000000000000    0000000000000000000000    0000000000000000000000    0000000000000000000000
  80 0000000000000000000000    0000000000000000000000    0000000000000000000000    0000000000000000000000
  83 0000000000000000000000    0000000000000000000000    0000000000000000000000    0000000000000000000000
  86 0000000000000000000000    0000000000000000000000    0000000000000000000000    0000000000000000000000
  89 0000000000000000000000    0000000000000000000000    0000000000000000000000    0000000000000000000000
  92 0000000000000000000000    0000000000000000000000    0000000000000000000000    0000000000000000000000
  95 0000000000000000000000    0000000000000000000000    0000000000000000000000    0000000000000000000000
  98 000000000HHHH000000000    000000000HHHH000000000    000000000HHHH000000000    000000000HHHH000000000
 101 000000000HHHH000000000    000000000HHHH000000000    000000000HHHH000000000    000000000HHHH000000000
 104 000000000HHHH000000000    000000000HHHH000000000    000000000HHHH000000000    000000000HHHH000000000
 107 000000000HHHH000000000    000000000HHHH000000000    000000000HHHH000000000    000000000HHHH000000000
 110 0000000000HH0000000000    0000000000HH0000000000    0000000000HH0000000000    0000000000HH0000000000
 113 0000000000HH0000000000    0000000000HH0000000000    0000000000HH0000000000    0000000000HH0000000000
 116 0000000000000000000000    0000000000000000000000    0000000000000000000000    0000000000000000000000
 119 0000000000000000000000    0000000000000000000000    0000000000000000000000    0000000000000000000000
 122 0000000000000000000000    0000000000000000000000    0000000000000000000000    0000000000000000000000
 125 0000000000000000000000    0000000000000000000000    0000000000000000000000    0000000000000000000000
 128 0000000000000000000000    0000000000000000000000    0000000000000000000000    0000000000000000000000
 131 0000000000000000000000    0000000000000000000000    0000000000000000000000    0000000000000000000000
ground by angle: 00-09° 100%  
6600 sampled cell(s); 0% at 40° or steeper
