## spawn-red -> red-0
ROUTE (-52, 144) -> (-160, 102) aim travel: 163 blocks, 0 placed, 0 drop(s), worst drop 0
  place            y   step
  (-52, 144)        19
  (-52, 143)        19
  (-52, 142)        19
  (-52, 141)        19
  (-52, 140)        19
  (-52, 139)        19
  (-52, 138)        19
  (-52, 137)        19
  (-52, 136)        19
  (-52, 135)        19
  (-52, 134)        19
  (-52, 133)        19
  (-52, 132)        19
  (-52, 131)        20
  (-52, 130)        20
  (-52, 129)        20
  (-52, 128)        20
  (-52, 127)        20
  (-52, 126)        20
  (-52, 125)        21
  (-52, 124)        21
  (-52, 123)        21
  (-52, 122)        21
  (-52, 121)        21
  (-52, 120)        22
  (-52, 119)        22
  (-52, 118)        22
  (-52, 117)        22
  (-52, 116)        22
  (-52, 115)        22
  (-53, 114)        23
  (-54, 113)        22
  (-55, 112)        22
  (-56, 111)        21
  (-56, 110)        21
  (-56, 109)        21
  (-56, 108)        21
  (-56, 107)        21
  (-56, 106)        21
  (-56, 105)        21
  (-56, 104)        21
  (-56, 103)        21
  (-57, 102)        21
  (-58, 101)        21
  (-59, 100)        21
  (-60, 99)         21
  (-61, 98)         21
  (-62, 97)         21
  (-63, 96)         21
  (-64, 95)         21
  (-65, 94)         21
  (-66, 93)         21
  (-67, 92)         21
  (-68, 91)         21
  (-69, 90)         21
  (-70, 89)         21
  (-71, 88)         21
  (-72, 87)         22
  (-73, 86)         23
  (-74, 85)         21
  (-75, 84)         21
  (-76, 83)         21
  (-77, 83)         21
  (-78, 83)         21
  (-79, 83)         21
  (-80, 83)         21
  (-81, 83)         21
  (-82, 83)         21
  (-83, 83)         21
  (-84, 83)         21
  (-85, 83)         21
  (-86, 83)         20
  (-87, 83)         20
  (-88, 83)         20
  (-89, 83)         20
  (-90, 83)         20
  (-91, 83)         19
  (-92, 83)         19
  (-93, 83)         19
  (-94, 83)         19
  (-95, 83)         19
  (-96, 83)         18
  (-97, 83)         18
  (-98, 83)         18
  (-99, 83)         18
  (-100, 83)        18
  (-101, 83)        18
  (-102, 83)        17
  (-103, 83)        18
  (-104, 83)        18
  (-105, 83)        19
  (-106, 83)        18
  (-107, 83)        19
  (-108, 83)        19
  (-109, 83)        19
  (-110, 83)        19
  (-111, 83)        19
  (-112, 83)        19
  (-113, 83)        19
  (-114, 83)        19
  (-115, 83)        19
  (-116, 83)        18
  (-117, 83)        18
  (-118, 83)        18
  (-119, 83)        18
  (-120, 83)        18
  (-121, 83)        18
  (-122, 83)        18
  (-123, 83)        18
  (-124, 83)        18
  (-125, 83)        18
  (-126, 83)        18
  (-127, 83)        18
  (-128, 83)        18
  (-129, 83)        18
  (-130, 83)        18
  (-131, 83)        18
  (-132, 83)        18
  (-133, 83)        18
  (-134, 83)        18
  (-135, 83)        18
  (-136, 83)        18
  (-137, 83)        18
  (-138, 83)        19
  (-139, 83)        19
  (-140, 83)        20
  (-141, 83)        19
  (-142, 84)        18
  (-143, 85)        18
  (-144, 86)        18
  (-145, 87)        17
  (-146, 88)        17
  (-147, 89)        17
  (-148, 90)        17
  (-149, 91)        17
  (-150, 92)        18
  (-151, 93)        17
  (-152, 94)        17
  (-153, 95)        17
  (-154, 96)        17
  (-155, 97)        17
  (-156, 98)        17
  (-157, 99)        18
  (-158, 100)       17
  (-159, 101)       17
  (-160, 102)       17
rises 0, falls 0, worst step 0: walked end to end
beside: spawn spawn-1 at (-52, 141) d0, wool wool-1 at (-160, 102) d0

## spawn-red -> orange-0
ROUTE (-52, 144) -> (134, 36) aim travel: 246 blocks, 0 placed, 0 drop(s), worst drop 0
  place            y   step
  (-52, 144)        19
  (-52, 143)        19
  (-52, 142)        19
  (-51, 141)        19
  (-50, 140)        19
  (-49, 140)        19
  (-48, 140)        19
  (-47, 139)        19
  (-46, 138)        19
  (-45, 137)        19
  (-44, 136)        19
  (-43, 135)        19
  (-42, 134)        19
  (-41, 133)        18
  (-40, 132)        18
  (-39, 132)        19
  (-38, 132)        19
  (-37, 132)        19
  (-36, 132)        19
  (-35, 132)        18
  (-34, 132)        18
  (-33, 132)        18
  (-32, 132)        18
  (-31, 132)        18
  (-30, 132)        17
  (-29, 132)        17
  (-28, 132)        17
  (-27, 132)        17
  (-26, 132)        16
  (-25, 132)        16
  (-24, 132)        16
  (-23, 132)        16
  (-22, 132)        16
  (-21, 132)        15
  (-20, 132)        15
  (-19, 132)        15
  (-18, 132)        15
  (-17, 132)        15
  (-16, 132)        15
  (-15, 132)        16
  (-14, 132)        15
  (-13, 132)        15
  (-12, 132)        15
  (-11, 132)        15
  (-10, 132)        15
  (-9, 132)         15
  (-8, 132)         15
  (-7, 132)         15
  (-6, 132)         14
  (-5, 132)         14
  (-4, 132)         14
  (-3, 132)         14
  (-2, 132)         14
  (-1, 132)         14
  (0, 132)          14
  (1, 132)          14
  (2, 132)          14
  (3, 132)          14
  (4, 132)          14
  (5, 132)          14
  (6, 132)          14
  (7, 132)          14
  (8, 132)          14
  (9, 132)          14
  (10, 132)         14
  (11, 132)         14
  (12, 132)         13
  (13, 132)         13
  (14, 132)         12
  (15, 132)         12
  (16, 132)         12
  (17, 132)         12
  (18, 132)         13
  (19, 132)         13
  (20, 132)         13
  (21, 132)         13
  (22, 132)         13
  (23, 132)         13
  (24, 132)         13
  (25, 132)         12
  (26, 132)         12
  (27, 132)         12
  (28, 132)         11
  (29, 132)         11
  (30, 132)         11
  (31, 132)         11
  (32, 132)         11
  (33, 132)         11
  (34, 132)         11
  (35, 132)         12
  (36, 132)         12
  (37, 132)         11
  (38, 132)         11
  (39, 132)         11
  (40, 132)         11
  (41, 132)         11
  (42, 132)         11
  (43, 132)         11
  (44, 132)         11
  (45, 132)         11
  (46, 132)         11
  (47, 131)         12
  (48, 131)         12
  (49, 131)         12
  (50, 130)         11
  (51, 129)         12
  (52, 128)         12
  (53, 127)         12
  (54, 126)         12
  (55, 125)         13
  (56, 124)         12
  (57, 123)         12
  (58, 122)         12
  (59, 121)         13
  (60, 120)         13
  (61, 119)         13
  (62, 118)         12
  (63, 117)         12
  (64, 116)         12
  (65, 115)         12
  (66, 114)         12
  (67, 113)         13
  (68, 112)         11
  (69, 111)         11
  (69, 110)         11
  (69, 109)         11
  (70, 108)         11
  (71, 107)         11
  (72, 106)         11
  (73, 105)         11
  (74, 104)         11
  (75, 103)         11
  (76, 102)         11
  (77, 101)         11
  (78, 100)         11
  (79, 99)          11
  (80, 98)          11
  (81, 97)          11
  (82, 96)          11
  (83, 95)          11
  (84, 94)          11
  (85, 93)          12
  (86, 92)          12
  (87, 91)          12
  (88, 90)          12
  (89, 89)          12
  (90, 88)          12
  (91, 87)          12
  (92, 86)          12
  (93, 86)          12
  (94, 86)          12
  (95, 86)          12
  (96, 86)          12
  (97, 86)          12
  (98, 86)          12
  (99, 86)          12
  (100, 86)         12
  (101, 86)         12
  (102, 86)         12
  (103, 86)         12
  (104, 86)         12
  (105, 86)         12
  (106, 86)         12
  (107, 85)         12
  (108, 84)         12
  (109, 83)         12
  (110, 82)         12
  (111, 81)         12
  (112, 80)         12
  (113, 79)         11
  (114, 78)         11
  (115, 77)         11
  (116, 76)         12
  (117, 75)         12
  (118, 74)         12
  (119, 73)         12
  (120, 72)         12
  (121, 71)         12
  (122, 70)         12
  (123, 69)         12
  (124, 68)         12
  (125, 67)         12
  (125, 66)         12
  (125, 65)         12
  (125, 64)         12
  (125, 63)         12
  (125, 62)         12
  (125, 61)         12
  (125, 60)         12
  (125, 59)         12
  (125, 58)         12
  (125, 57)         12
  (125, 56)         12
  (125, 55)         12
  (125, 54)         12
  (125, 53)         12
  (125, 52)         12
  (125, 51)         12
  (125, 50)         12
  (125, 49)         12
  (125, 48)         12
  (125, 47)         12
  (125, 46)         12
  (125, 45)         12
  (126, 44)         12
  (127, 43)         12
  (128, 42)         12
  (129, 41)         12
  (130, 40)         12
  (131, 39)         13
  (132, 38)         12
  (133, 37)         12
  (134, 36)         12
rises 0, falls 0, worst step 0: walked end to end
beside: spawn spawn-1 at (-52, 142) d0, wool wool-2 at (132, 38) d0

## spawn-red -> blue-1
ROUTE (-52, 144) -> (160, -102) aim travel: 362 blocks, 37 placed, 1 drop(s), worst drop 5
  place            y   step
  (-52, 144)        19
  (-52, 143)        19
  (-52, 142)        19
  (-52, 141)        19
  (-52, 140)        19
  (-52, 139)        19
  (-52, 138)        19
  (-52, 137)        19
  (-52, 136)        19
  (-52, 135)        19
  (-52, 134)        19
  (-52, 133)        19
  (-52, 132)        19
  (-52, 131)        20
  (-52, 130)        20
  (-52, 129)        20
  (-52, 128)        20
  (-52, 127)        20
  (-52, 126)        20
  (-52, 125)        21
  (-52, 124)        21
  (-52, 123)        21
  (-52, 122)        21
  (-52, 121)        21
  (-52, 120)        22
  (-52, 119)        22
  (-52, 118)        22
  (-52, 117)        22
  (-52, 116)        22
  (-52, 115)        22
  (-52, 114)        22
  (-52, 113)        22
  (-53, 112)        21
  (-53, 111)        21
  (-53, 110)        21
  (-53, 109)        21
  (-53, 108)        21
  (-53, 107)        21
  (-53, 106)        21
  (-53, 105)        21
  (-53, 104)        21
  (-53, 103)        21
  (-53, 102)        21
  (-53, 101)        21
  (-53, 100)        21
  (-53, 99)         21
  (-53, 98)         21
  (-53, 97)         21
  (-53, 96)         21
  (-53, 95)         21
  (-53, 94)         21
  (-53, 93)         21
  (-53, 92)         21
  (-53, 91)         21
  (-53, 90)         21
  (-53, 89)         21
  (-53, 88)         21
  (-53, 87)         21
  (-53, 86)         21
  (-53, 85)         21
  (-53, 84)         21
  (-53, 83)         21
  (-53, 82)         21
  (-53, 81)         21
  (-53, 80)         21
  (-53, 79)         21
  (-53, 78)         21
  (-53, 77)         21
  (-53, 76)         21
  (-53, 75)         21
  (-53, 74)         21
  (-53, 73)         20
  (-53, 72)         20
  (-53, 71)         20
  (-53, 70)         20
  (-53, 69)         19
  (-53, 68)         19
  (-53, 67)         19
  (-53, 66)         19
  (-53, 65)         18
  (-53, 64)         18
  (-53, 63)         18
  (-52, 62)         18
  (-51, 61)         18
  (-50, 60)         17
  (-49, 59)         17
  (-48, 58)         17
  (-47, 57)         17
  (-46, 56)         16
  (-45, 55)         16
  (-44, 54)         17
  (-43, 53)         17
  (-42, 52)         17
  (-41, 51)         17
  (-40, 50)         17
  (-39, 49)         18
  (-38, 48)         17
  (-37, 47)         17
  (-36, 46)         17
  (-35, 45)         17
  (-34, 44)         16
  (-33, 43)         16
  (-32, 42)         17
  (-31, 41)         16
  (-30, 40)         15
  (-29, 39)         15
  (-28, 38)         15
  (-27, 37)         15
  (-26, 36)         15
  (-25, 35)         16
  (-24, 34)         16
  (-23, 33)         15
  (-22, 32)         14
  (-21, 31)         14
  (-20, 30)         14
  (-19, 29)         14
  (-18, 28)         14
  (-17, 27)         14
  (-16, 26)         14
  (-15, 25)         14
  (-14, 24)         14
  (-13, 23)         14
  (-12, 22)         14
  (-11, 21)          9   drop -5
  (-10, 20)          9
  (-9, 19)           9
  (-8, 18)           9
  (-7, 17)           9
  (-6, 16)           9
  (-5, 15)           9
  (-4, 14)           9
  (-3, 13)           9
  (-2, 12)           9
  (-1, 11)           9
  (0, 10)            9
  (1, 9)             9
  (2, 8)             9
  (3, 7)             9
  (4, 6)             9
  (5, 5)             9
  (6, 4)             9
  (7, 3)             9
  (8, 2)             9
  (9, 1)             9
  (10, 0)            9
  (11, -1)           9
  (12, -2)           9
  (13, -3)           9
  (14, -4)           9
  (15, -5)           9
  (16, -6)           9
  (17, -7)           9
  (18, -8)           9
  (19, -9)           9
  (20, -10)          9
  (21, -11)          9
  (22, -12)          9
  (23, -13)          9
  (24, -14)          9
  (25, -15)          9
  (26, -16)          9
  (27, -17)          9
  (28, -18)          9
  (29, -19)          9
  (30, -20)          9
  (31, -21)          9
  (32, -22)          9
  (33, -23)         15   barrier +6
  (34, -24)         15
  (35, -25)         15
  (36, -26)         15
  (37, -27)         15
  (38, -28)         15
  (39, -29)         15
  (40, -30)         15
  (41, -31)         15
  (42, -32)         15
  (43, -33)         16
  (44, -34)         16
  (45, -35)         16
  (46, -36)         17
  (47, -37)         17
  (48, -38)         17
  (49, -39)         17
  (50, -40)         17
  (51, -41)         17
  (52, -42)         18
  (53, -43)         17
  (54, -44)         17
  (55, -45)         18
  (56, -46)         18
  (57, -47)         17
  (58, -48)         17
  (59, -49)         17
  (60, -50)         17
  (61, -51)         17
  (62, -52)         18
  (63, -53)         17
  (64, -54)         17
  (65, -55)         17
  (66, -56)         17
  (67, -57)         19   scramble +2
  (68, -58)         19
  (69, -59)         19
  (70, -60)         19
  (71, -61)         19
  (72, -62)         19
  (73, -63)         19
  (74, -64)         19
  (75, -65)         19
  (76, -65)         19
  (77, -65)         19
  (78, -65)         19
  (79, -65)         19
  (80, -65)         19
  (81, -65)         19
  (82, -65)         19
  (83, -65)         19
  (84, -65)         19
  (85, -65)         19
  (86, -65)         19
  (87, -65)         19
  (88, -65)         19
  (89, -65)         18
  (90, -65)         18
  (91, -65)         18
  (92, -65)         18
  (93, -65)         18
  (94, -65)         18
  (95, -65)         18
  (96, -65)         18
  (97, -65)         18
  (98, -65)         18
  (99, -65)         18
  (100, -65)        18
  (101, -65)        18
  (102, -65)        18
  (103, -65)        18
  (104, -65)        18
  (105, -65)        18
  (106, -65)        18
  (107, -65)        18
  (108, -65)        18
  (109, -65)        18
  (110, -65)        18
  (111, -65)        18
  (112, -65)        18
  (113, -65)        18
  (114, -65)        18
  (115, -65)        18
  (116, -65)        18
  (117, -65)        18
  (118, -65)        18
  (119, -65)        18
  (120, -65)        18
  (121, -65)        18
  (122, -66)        19
  (123, -67)        19
  (124, -68)        20
  (125, -69)        19
  (126, -70)        20
  (127, -71)        19
  (128, -72)        20
  (129, -73)        19
  (130, -74)        19
  (131, -75)        19
  (132, -76)        20
  (133, -77)        19
  (134, -78)        19
  (135, -79)        19
  (136, -80)        19
  (137, -81)        19
  (138, -82)        19
  (139, -83)        20
  (140, -84)        19
  (141, -85)        18
  (142, -86)        18
  (143, -87)        18
  (144, -88)        17
  (145, -89)        17
  (146, -90)        17
  (147, -91)        17
  (148, -92)        17
  (149, -93)        17
  (150, -94)        17
  (151, -95)        17
  (152, -96)        17
  (153, -97)        17
  (154, -98)        17
  (155, -99)        17
  (156, -100)       18
  (157, -101)       17
  (158, -101)       17
  (159, -101)       17
  (160, -102)       17
rises 2, falls 1, worst step 6: drop -5 at (-11, 21); barrier +6 at (33, -23); scramble +2 at (67, -57)
beside: spawn spawn-1 at (-52, 141) d0, wool wool-1#1 at (157, -101) d0

## spawn-red -> light_blue-1
ROUTE (-52, 144) -> (-134, -36) aim travel: 299 blocks, 26 placed, 1 drop(s), worst drop 6
  place            y   step
  (-52, 144)        19
  (-52, 143)        19
  (-52, 142)        19
  (-52, 141)        19
  (-52, 140)        19
  (-52, 139)        19
  (-52, 138)        19
  (-52, 137)        19
  (-52, 136)        19
  (-52, 135)        19
  (-52, 134)        19
  (-52, 133)        19
  (-52, 132)        19
  (-52, 131)        20
  (-52, 130)        20
  (-52, 129)        20
  (-52, 128)        20
  (-52, 127)        20
  (-52, 126)        20
  (-52, 125)        21
  (-52, 124)        21
  (-52, 123)        21
  (-52, 122)        21
  (-52, 121)        21
  (-52, 120)        22
  (-52, 119)        22
  (-52, 118)        22
  (-52, 117)        22
  (-52, 116)        22
  (-52, 115)        22
  (-53, 114)        23
  (-54, 113)        22
  (-55, 112)        22
  (-56, 111)        21
  (-56, 110)        21
  (-56, 109)        21
  (-56, 108)        21
  (-56, 107)        21
  (-56, 106)        21
  (-56, 105)        21
  (-56, 104)        21
  (-56, 103)        21
  (-56, 102)        21
  (-56, 101)        21
  (-56, 100)        21
  (-56, 99)         21
  (-56, 98)         21
  (-56, 97)         21
  (-56, 96)         21
  (-56, 95)         21
  (-56, 94)         21
  (-56, 93)         21
  (-56, 92)         21
  (-56, 91)         21
  (-56, 90)         21
  (-56, 89)         21
  (-56, 88)         21
  (-56, 87)         21
  (-56, 86)         21
  (-56, 85)         21
  (-56, 84)         21
  (-56, 83)         21
  (-56, 82)         21
  (-56, 81)         21
  (-56, 80)         22
  (-56, 79)         22
  (-56, 78)         22
  (-56, 77)         21
  (-56, 76)         21
  (-56, 75)         21
  (-56, 74)         21
  (-56, 73)         22
  (-56, 72)         21
  (-56, 71)         21
  (-56, 70)         21
  (-56, 69)         21
  (-56, 68)         21
  (-56, 67)         20
  (-56, 66)         20
  (-56, 65)         19
  (-56, 64)         19
  (-56, 63)         19
  (-56, 62)         18
  (-56, 61)         18
  (-56, 60)         18
  (-56, 59)         18
  (-56, 58)         18
  (-56, 57)         18
  (-56, 56)         19
  (-56, 55)         18
  (-56, 54)         18
  (-56, 53)         18
  (-56, 52)         18
  (-56, 51)         18
  (-56, 50)         18
  (-56, 49)         17
  (-56, 48)         17
  (-56, 47)         17
  (-56, 46)         17
  (-56, 45)         18
  (-56, 44)         18
  (-56, 43)         17
  (-56, 42)         16
  (-56, 41)         15
  (-56, 40)         15
  (-56, 39)         15
  (-56, 38)         15
  (-56, 37)         16
  (-56, 36)         16
  (-56, 35)         16
  (-56, 34)         16
  (-56, 33)         16
  (-56, 32)         17
  (-56, 31)         16
  (-56, 30)         16
  (-56, 29)         16
  (-56, 28)         15
  (-56, 27)         15
  (-56, 26)         15
  (-56, 25)         15
  (-56, 24)         15
  (-56, 23)         15
  (-56, 22)         15
  (-56, 21)          9   drop -6
  (-56, 20)          9
  (-56, 19)          9
  (-56, 18)          9
  (-56, 17)          9
  (-56, 16)          9
  (-56, 15)          9
  (-56, 14)          9
  (-56, 13)          9
  (-56, 12)          9
  (-56, 11)          9
  (-56, 10)          9
  (-56, 9)           9
  (-56, 8)           9
  (-56, 7)           9
  (-56, 6)           9
  (-56, 5)           9
  (-56, 4)           9
  (-56, 3)           9
  (-56, 2)           9
  (-56, 1)           8
  (-56, 0)           8
  (-56, -1)          9
  (-56, -2)          9
  (-56, -3)          9
  (-56, -4)          9
  (-57, -5)          9
  (-58, -6)          9
  (-59, -7)          9
  (-60, -8)          9
  (-61, -9)          9
  (-62, -10)         9
  (-63, -11)         9
  (-64, -12)         9
  (-65, -13)         9
  (-66, -14)         9
  (-67, -15)         9
  (-68, -16)         9
  (-69, -17)         9
  (-70, -18)         9
  (-71, -19)         9
  (-72, -20)         9
  (-73, -21)         9
  (-74, -22)        12   barrier +3
  (-74, -23)        12
  (-74, -24)        12
  (-74, -25)        12
  (-74, -26)        12
  (-74, -27)        12
  (-74, -28)        12
  (-74, -29)        12
  (-74, -30)        13
  (-74, -31)        13
  (-74, -32)        13
  (-74, -33)        14
  (-74, -34)        13
  (-74, -35)        12
  (-74, -36)        12
  (-74, -37)        13
  (-74, -38)        13
  (-74, -39)        13
  (-74, -40)        13
  (-74, -41)        13
  (-74, -42)        12
  (-74, -43)        12
  (-74, -44)        12
  (-74, -45)        12
  (-74, -46)        12
  (-74, -47)        12
  (-74, -48)        12
  (-74, -49)        12
  (-74, -50)        12
  (-74, -51)        13
  (-75, -52)        13
  (-76, -53)        13
  (-77, -54)        13
  (-78, -55)        13
  (-79, -56)        13
  (-80, -57)        13
  (-81, -58)        13
  (-82, -59)        12
  (-83, -60)        12
  (-84, -61)        13
  (-85, -62)        13
  (-86, -63)        14
  (-87, -64)        13
  (-88, -65)        13
  (-89, -66)        13
  (-90, -67)        13
  (-91, -68)        13
  (-92, -69)        12
  (-93, -69)        12
  (-94, -69)        12
  (-95, -69)        12
  (-96, -69)        12
  (-97, -69)        12
  (-98, -69)        12
  (-99, -69)        12
  (-100, -69)       12
  (-101, -69)       12
  (-102, -69)       12
  (-103, -69)       12
  (-104, -69)       12
  (-105, -69)       12
  (-106, -69)       12
  (-107, -69)       12
  (-108, -69)       12
  (-109, -69)       12
  (-110, -69)       12
  (-111, -69)       12
  (-112, -69)       12
  (-113, -69)       12
  (-114, -69)       12
  (-115, -69)       12
  (-116, -69)       12
  (-117, -69)       12
  (-118, -69)       12
  (-119, -69)       12
  (-120, -69)       12
  (-121, -69)       12
  (-122, -69)       12
  (-123, -69)       12
  (-124, -69)       12
  (-125, -69)       12
  (-125, -68)       12
  (-125, -67)       12
  (-125, -66)       12
  (-125, -65)       12
  (-125, -64)       12
  (-125, -63)       12
  (-125, -62)       12
  (-125, -61)       12
  (-125, -60)       12
  (-125, -59)       12
  (-125, -58)       12
  (-125, -57)       12
  (-125, -56)       12
  (-125, -55)       12
  (-125, -54)       12
  (-125, -53)       12
  (-125, -52)       12
  (-125, -51)       12
  (-125, -50)       12
  (-125, -49)       12
  (-125, -48)       12
  (-125, -47)       12
  (-126, -46)       12
  (-127, -45)       12
  (-128, -44)       12
  (-129, -43)       12
  (-130, -42)       12
  (-131, -41)       12
  (-132, -40)       13
  (-133, -39)       12
  (-133, -38)       12
  (-133, -37)       12
  (-134, -36)       12
rises 1, falls 1, worst step 6: drop -6 at (-56, 21); barrier +3 at (-74, -22)
beside: spawn spawn-1 at (-52, 141) d0, wool wool-2#1 at (-134, -36) d0

## spawn-blue -> red-0
ROUTE (52, -144) -> (-160, 102) aim travel: 360 blocks, 37 placed, 1 drop(s), worst drop 5
  place            y   step
  (52, -144)        19
  (52, -143)        19
  (52, -142)        19
  (52, -141)        19
  (52, -140)        19
  (52, -139)        19
  (52, -138)        19
  (52, -137)        19
  (52, -136)        19
  (52, -135)        19
  (52, -134)        19
  (52, -133)        19
  (52, -132)        20
  (52, -131)        20
  (52, -130)        20
  (52, -129)        20
  (52, -128)        20
  (52, -127)        20
  (52, -126)        21
  (52, -125)        21
  (52, -124)        21
  (52, -123)        21
  (52, -122)        21
  (52, -121)        21
  (52, -120)        22
  (52, -119)        22
  (52, -118)        22
  (52, -117)        22
  (52, -116)        22
  (52, -115)        23
  (52, -114)        23
  (52, -113)        21
  (52, -112)        21
  (52, -111)        21
  (52, -110)        21
  (52, -109)        21
  (52, -108)        21
  (52, -107)        21
  (52, -106)        21
  (52, -105)        21
  (52, -104)        21
  (52, -103)        21
  (52, -102)        21
  (52, -101)        21
  (52, -100)        21
  (52, -99)         21
  (52, -98)         21
  (52, -97)         21
  (52, -96)         21
  (52, -95)         21
  (52, -94)         21
  (52, -93)         21
  (52, -92)         21
  (52, -91)         21
  (52, -90)         21
  (52, -89)         21
  (52, -88)         21
  (52, -87)         21
  (52, -86)         21
  (52, -85)         21
  (52, -84)         21
  (52, -83)         21
  (52, -82)         21
  (52, -81)         21
  (52, -80)         21
  (52, -79)         21
  (52, -78)         21
  (52, -77)         21
  (52, -76)         21
  (52, -75)         21
  (52, -74)         20
  (52, -73)         20
  (52, -72)         20
  (52, -71)         20
  (52, -70)         19
  (52, -69)         19
  (52, -68)         19
  (52, -67)         19
  (52, -66)         18
  (52, -65)         18
  (52, -64)         18
  (51, -63)         18
  (50, -62)         18
  (49, -61)         17
  (48, -60)         17
  (47, -59)         17
  (46, -58)         17
  (45, -57)         16
  (44, -56)         16
  (43, -55)         17
  (42, -54)         17
  (41, -53)         17
  (40, -52)         17
  (39, -51)         17
  (38, -50)         18
  (37, -49)         17
  (36, -48)         17
  (35, -47)         17
  (34, -46)         17
  (33, -45)         16
  (32, -44)         16
  (31, -43)         17
  (30, -42)         16
  (29, -41)         15
  (28, -40)         15
  (27, -39)         15
  (26, -38)         15
  (25, -37)         15
  (24, -36)         16
  (23, -35)         16
  (22, -34)         15
  (21, -33)         14
  (20, -32)         14
  (19, -31)         14
  (18, -30)         14
  (17, -29)         14
  (16, -28)         14
  (15, -27)         14
  (14, -26)         14
  (13, -25)         14
  (12, -24)         14
  (11, -23)         14
  (10, -22)          9   drop -5
  (9, -21)           9
  (8, -20)           9
  (7, -19)           9
  (6, -18)           9
  (5, -17)           9
  (4, -16)           9
  (3, -15)           9
  (2, -14)           9
  (1, -13)           9
  (0, -12)           9
  (-1, -11)          9
  (-2, -10)          9
  (-3, -9)           9
  (-4, -8)           9
  (-5, -7)           9
  (-6, -6)           9
  (-7, -5)           9
  (-8, -4)           9
  (-9, -3)           9
  (-10, -2)          9
  (-11, -1)          9
  (-12, 0)           9
  (-13, 1)           9
  (-14, 2)           9
  (-15, 3)           9
  (-16, 4)           9
  (-17, 5)           9
  (-18, 6)           9
  (-19, 7)           9
  (-20, 8)           9
  (-21, 9)           9
  (-22, 10)          9
  (-23, 11)          9
  (-24, 12)          9
  (-25, 13)          9
  (-26, 14)          9
  (-27, 15)          9
  (-28, 16)          9
  (-29, 17)          9
  (-30, 18)          9
  (-31, 19)          9
  (-32, 20)          9
  (-33, 21)          9
  (-34, 22)         15   barrier +6
  (-35, 23)         15
  (-36, 24)         15
  (-37, 25)         15
  (-38, 26)         15
  (-39, 27)         15
  (-40, 28)         15
  (-41, 29)         15
  (-42, 30)         15
  (-43, 31)         15
  (-44, 32)         16
  (-45, 33)         16
  (-46, 34)         16
  (-47, 35)         17
  (-48, 36)         17
  (-49, 37)         17
  (-50, 38)         17
  (-51, 39)         17
  (-52, 40)         17
  (-53, 41)         18
  (-54, 42)         17
  (-55, 43)         17
  (-56, 44)         18
  (-57, 45)         18
  (-58, 46)         17
  (-59, 47)         17
  (-60, 48)         17
  (-61, 49)         17
  (-62, 50)         17
  (-63, 51)         18
  (-64, 52)         17
  (-65, 53)         17
  (-66, 54)         17
  (-67, 55)         17
  (-68, 56)         19   scramble +2
  (-69, 57)         19
  (-70, 58)         19
  (-71, 59)         19
  (-72, 60)         19
  (-73, 61)         19
  (-74, 62)         19
  (-75, 63)         19
  (-76, 64)         19
  (-77, 64)         19
  (-78, 64)         19
  (-79, 64)         19
  (-80, 64)         19
  (-81, 64)         19
  (-82, 64)         19
  (-83, 64)         19
  (-84, 64)         19
  (-85, 64)         19
  (-86, 64)         19
  (-87, 64)         19
  (-88, 64)         19
  (-89, 64)         19
  (-90, 64)         18
  (-91, 64)         18
  (-92, 64)         18
  (-93, 64)         18
  (-94, 64)         18
  (-95, 64)         18
  (-96, 64)         18
  (-97, 64)         18
  (-98, 64)         18
  (-99, 64)         18
  (-100, 64)        18
  (-101, 64)        18
  (-102, 64)        18
  (-103, 64)        18
  (-104, 64)        18
  (-105, 64)        18
  (-106, 64)        18
  (-107, 64)        18
  (-108, 64)        18
  (-109, 64)        18
  (-110, 64)        18
  (-111, 64)        18
  (-112, 64)        18
  (-113, 64)        18
  (-114, 64)        18
  (-115, 64)        18
  (-116, 64)        18
  (-117, 64)        18
  (-118, 64)        18
  (-119, 64)        18
  (-120, 64)        18
  (-121, 64)        18
  (-122, 64)        18
  (-123, 65)        19
  (-124, 66)        19
  (-125, 67)        20
  (-126, 68)        19
  (-127, 69)        20
  (-128, 70)        19
  (-129, 71)        20
  (-130, 72)        19
  (-131, 73)        19
  (-132, 74)        19
  (-133, 75)        20
  (-134, 76)        19
  (-135, 77)        19
  (-136, 78)        19
  (-137, 79)        19
  (-138, 80)        19
  (-139, 81)        19
  (-140, 82)        20
  (-141, 83)        19
  (-142, 84)        18
  (-143, 85)        18
  (-144, 86)        18
  (-145, 87)        17
  (-146, 88)        17
  (-147, 89)        17
  (-148, 90)        17
  (-149, 91)        17
  (-150, 92)        18
  (-151, 93)        17
  (-152, 94)        17
  (-153, 95)        17
  (-154, 96)        17
  (-155, 97)        17
  (-156, 98)        17
  (-157, 99)        18
  (-158, 100)       17
  (-159, 101)       17
  (-160, 102)       17
rises 2, falls 1, worst step 6: drop -5 at (10, -22); barrier +6 at (-34, 22); scramble +2 at (-68, 56)
beside: spawn spawn-1#1 at (52, -144) d0, wool wool-1 at (-160, 102) d0

## spawn-blue -> orange-0
ROUTE (52, -144) -> (134, 36) aim travel: 297 blocks, 27 placed, 1 drop(s), worst drop 6
  place            y   step
  (52, -144)        19
  (52, -143)        19
  (52, -142)        19
  (52, -141)        19
  (52, -140)        19
  (52, -139)        19
  (52, -138)        19
  (52, -137)        19
  (52, -136)        19
  (52, -135)        19
  (52, -134)        19
  (52, -133)        19
  (52, -132)        20
  (52, -131)        20
  (52, -130)        20
  (52, -129)        20
  (52, -128)        20
  (52, -127)        20
  (52, -126)        21
  (52, -125)        21
  (52, -124)        21
  (52, -123)        21
  (52, -122)        21
  (52, -121)        21
  (52, -120)        22
  (52, -119)        22
  (52, -118)        22
  (52, -117)        22
  (52, -116)        22
  (53, -115)        22
  (54, -114)        22
  (55, -113)        22
  (56, -112)        21
  (56, -111)        21
  (56, -110)        21
  (56, -109)        21
  (56, -108)        21
  (56, -107)        21
  (56, -106)        21
  (56, -105)        21
  (56, -104)        21
  (56, -103)        21
  (56, -102)        21
  (56, -101)        21
  (56, -100)        21
  (56, -99)         21
  (56, -98)         21
  (56, -97)         21
  (56, -96)         21
  (56, -95)         21
  (56, -94)         21
  (56, -93)         21
  (56, -92)         21
  (56, -91)         21
  (56, -90)         21
  (56, -89)         21
  (56, -88)         21
  (56, -87)         21
  (56, -86)         21
  (56, -85)         21
  (56, -84)         21
  (56, -83)         21
  (57, -82)         22
  (57, -81)         22
  (57, -80)         22
  (57, -79)         22
  (57, -78)         21
  (57, -77)         21
  (57, -76)         21
  (57, -75)         21
  (57, -74)         21
  (57, -73)         21
  (57, -72)         20
  (57, -71)         20
  (57, -70)         21
  (57, -69)         21
  (57, -68)         20
  (57, -67)         20
  (57, -66)         19
  (57, -65)         19
  (57, -64)         19
  (57, -63)         19
  (57, -62)         19
  (57, -61)         18
  (57, -60)         18
  (57, -59)         18
  (57, -58)         18
  (57, -57)         18
  (57, -56)         18
  (57, -55)         18
  (57, -54)         18
  (57, -53)         18
  (57, -52)         18
  (57, -51)         18
  (57, -50)         17
  (57, -49)         17
  (57, -48)         17
  (57, -47)         17
  (57, -46)         17
  (57, -45)         18
  (57, -44)         17
  (57, -43)         16
  (57, -42)         15
  (57, -41)         15
  (57, -40)         15
  (57, -39)         15
  (57, -38)         15
  (57, -37)         16
  (57, -36)         17
  (57, -35)         17
  (57, -34)         17
  (57, -33)         17
  (57, -32)         16
  (57, -31)         16
  (57, -30)         16
  (57, -29)         15
  (57, -28)         15
  (57, -27)         15
  (57, -26)         15
  (57, -25)         15
  (57, -24)         15
  (57, -23)         15
  (57, -22)          9   drop -6
  (57, -21)          9
  (57, -20)          9
  (57, -19)          9
  (57, -18)          9
  (57, -17)          9
  (57, -16)          9
  (57, -15)          9
  (57, -14)          9
  (57, -13)          9
  (57, -12)          9
  (57, -11)          9
  (57, -10)          9
  (57, -9)           9
  (57, -8)           9
  (57, -7)           9
  (57, -6)           9
  (57, -5)           9
  (57, -4)           8
  (57, -3)           8
  (57, -2)           8
  (57, -1)           8
  (57, 0)            9
  (57, 1)            9
  (57, 2)            9
  (57, 3)            9
  (57, 4)            9
  (57, 5)            9
  (57, 6)            9
  (57, 7)            9
  (57, 8)            9
  (57, 9)            9
  (57, 10)           9
  (57, 11)           9
  (57, 12)           9
  (57, 13)           9
  (57, 14)           9
  (57, 15)           9
  (57, 16)           9
  (57, 17)           9
  (57, 18)           9
  (57, 19)           9
  (57, 20)           9
  (57, 21)           9
  (57, 22)          13   barrier +4
  (57, 23)          13
  (57, 24)          13
  (57, 25)          13
  (57, 26)          13
  (57, 27)          13
  (57, 28)          13
  (57, 29)          14
  (57, 30)          13
  (57, 31)          14
  (57, 32)          14
  (57, 33)          14
  (57, 34)          14
  (58, 35)          14
  (59, 36)          14
  (60, 37)          14
  (61, 38)          14
  (62, 39)          13
  (63, 40)          13
  (64, 41)          12
  (65, 42)          12
  (66, 43)          12
  (67, 44)          12
  (68, 45)          12
  (69, 46)          12
  (70, 47)          12
  (71, 48)          12
  (72, 49)          12
  (73, 50)          13
  (74, 51)          13
  (75, 52)          13
  (76, 53)          13
  (77, 54)          13
  (78, 55)          13
  (79, 56)          13
  (80, 57)          13
  (81, 58)          12
  (82, 59)          12
  (83, 60)          13
  (84, 61)          13
  (85, 62)          14
  (86, 63)          13
  (87, 64)          13
  (88, 65)          13
  (89, 66)          13
  (90, 67)          13
  (91, 68)          12
  (92, 68)          12
  (93, 68)          12
  (94, 68)          12
  (95, 68)          12
  (96, 68)          12
  (97, 68)          12
  (98, 68)          12
  (99, 68)          12
  (100, 68)         12
  (101, 68)         12
  (102, 68)         12
  (103, 68)         12
  (104, 68)         12
  (105, 68)         12
  (106, 68)         12
  (107, 68)         12
  (108, 68)         12
  (109, 68)         12
  (110, 68)         12
  (111, 68)         12
  (112, 68)         12
  (113, 68)         12
  (114, 68)         12
  (115, 68)         12
  (116, 68)         12
  (117, 68)         12
  (118, 68)         12
  (119, 68)         12
  (120, 68)         12
  (121, 68)         12
  (122, 68)         12
  (123, 68)         12
  (124, 68)         12
  (124, 67)         12
  (124, 66)         12
  (124, 65)         12
  (124, 64)         12
  (124, 63)         12
  (124, 62)         12
  (124, 61)         12
  (124, 60)         12
  (124, 59)         12
  (124, 58)         12
  (124, 57)         12
  (124, 56)         12
  (124, 55)         12
  (124, 54)         12
  (124, 53)         12
  (124, 52)         12
  (124, 51)         12
  (124, 50)         12
  (124, 49)         12
  (124, 48)         12
  (124, 47)         12
  (124, 46)         12
  (125, 45)         12
  (126, 44)         12
  (127, 43)         12
  (128, 42)         12
  (129, 41)         12
  (130, 40)         12
  (131, 39)         13
  (132, 38)         12
  (133, 37)         12
  (134, 36)         12
rises 1, falls 1, worst step 6: drop -6 at (57, -22); barrier +4 at (57, 22)
beside: spawn spawn-1#1 at (52, -144) d0, wool wool-2 at (132, 38) d0

## spawn-blue -> blue-1
ROUTE (52, -144) -> (160, -102) aim travel: 162 blocks, 0 placed, 0 drop(s), worst drop 0
  place            y   step
  (52, -144)        19
  (52, -143)        19
  (52, -142)        19
  (52, -141)        19
  (52, -140)        19
  (52, -139)        19
  (52, -138)        19
  (52, -137)        19
  (52, -136)        19
  (52, -135)        19
  (52, -134)        19
  (52, -133)        19
  (52, -132)        20
  (52, -131)        20
  (52, -130)        20
  (52, -129)        20
  (52, -128)        20
  (52, -127)        20
  (52, -126)        21
  (52, -125)        21
  (52, -124)        21
  (52, -123)        21
  (52, -122)        21
  (52, -121)        21
  (52, -120)        22
  (52, -119)        22
  (52, -118)        22
  (52, -117)        22
  (52, -116)        22
  (53, -115)        22
  (54, -114)        22
  (55, -113)        22
  (56, -112)        21
  (56, -111)        21
  (56, -110)        21
  (56, -109)        21
  (56, -108)        21
  (56, -107)        21
  (56, -106)        21
  (56, -105)        21
  (56, -104)        21
  (56, -103)        21
  (57, -102)        21
  (58, -101)        21
  (59, -100)        21
  (60, -99)         21
  (61, -98)         21
  (62, -97)         21
  (63, -96)         21
  (64, -95)         21
  (65, -94)         21
  (66, -93)         21
  (67, -92)         21
  (68, -91)         21
  (69, -90)         21
  (70, -89)         21
  (71, -88)         22
  (72, -87)         23
  (73, -86)         21
  (74, -85)         21
  (75, -84)         21
  (76, -84)         21
  (77, -84)         21
  (78, -84)         21
  (79, -84)         21
  (80, -84)         21
  (81, -84)         21
  (82, -84)         21
  (83, -84)         21
  (84, -84)         21
  (85, -84)         20
  (86, -84)         20
  (87, -84)         20
  (88, -84)         20
  (89, -84)         20
  (90, -84)         19
  (91, -84)         19
  (92, -84)         19
  (93, -84)         19
  (94, -84)         19
  (95, -84)         18
  (96, -84)         18
  (97, -84)         18
  (98, -84)         18
  (99, -84)         18
  (100, -84)        18
  (101, -84)        17
  (102, -84)        18
  (103, -84)        18
  (104, -84)        19
  (105, -84)        18
  (106, -84)        19
  (107, -84)        19
  (108, -84)        19
  (109, -84)        19
  (110, -84)        19
  (111, -84)        19
  (112, -84)        19
  (113, -84)        19
  (114, -84)        19
  (115, -84)        18
  (116, -84)        18
  (117, -84)        18
  (118, -84)        18
  (119, -84)        18
  (120, -84)        18
  (121, -84)        18
  (122, -84)        18
  (123, -84)        18
  (124, -84)        18
  (125, -84)        18
  (126, -84)        18
  (127, -84)        18
  (128, -84)        18
  (129, -84)        18
  (130, -84)        18
  (131, -84)        18
  (132, -84)        18
  (133, -84)        18
  (134, -84)        18
  (135, -84)        18
  (136, -84)        18
  (137, -84)        19
  (138, -84)        19
  (139, -84)        20
  (140, -84)        19
  (141, -85)        18
  (142, -86)        18
  (143, -87)        18
  (144, -88)        17
  (145, -89)        17
  (146, -90)        17
  (147, -91)        17
  (148, -92)        17
  (149, -93)        17
  (150, -94)        17
  (151, -95)        17
  (152, -96)        17
  (153, -97)        17
  (154, -98)        17
  (155, -99)        17
  (156, -100)       18
  (157, -101)       17
  (158, -101)       17
  (159, -101)       17
  (160, -102)       17
rises 0, falls 0, worst step 0: walked end to end
beside: spawn spawn-1#1 at (52, -144) d0, wool wool-1#1 at (157, -101) d0

## spawn-blue -> light_blue-1
ROUTE (52, -144) -> (-134, -36) aim travel: 246 blocks, 0 placed, 0 drop(s), worst drop 0
  place            y   step
  (52, -144)        19
  (51, -143)        19
  (50, -142)        19
  (49, -141)        19
  (48, -141)        19
  (47, -140)        19
  (46, -139)        19
  (45, -138)        19
  (44, -137)        19
  (43, -136)        19
  (42, -135)        19
  (41, -134)        19
  (40, -133)        18
  (39, -132)        18
  (38, -132)        19
  (37, -132)        19
  (36, -132)        19
  (35, -132)        19
  (34, -132)        20
  (33, -132)        18
  (32, -132)        18
  (31, -132)        18
  (30, -132)        18
  (29, -132)        17
  (28, -132)        17
  (27, -132)        17
  (26, -132)        17
  (25, -132)        16
  (24, -132)        16
  (23, -132)        16
  (22, -132)        16
  (21, -132)        16
  (20, -132)        15
  (19, -132)        15
  (18, -132)        15
  (17, -132)        16
  (16, -132)        16
  (15, -132)        16
  (14, -132)        15
  (13, -132)        15
  (12, -132)        15
  (11, -132)        15
  (10, -132)        15
  (9, -132)         15
  (8, -132)         15
  (7, -132)         15
  (6, -132)         15
  (5, -132)         16
  (4, -132)         15
  (3, -132)         14
  (2, -132)         14
  (1, -132)         14
  (0, -132)         14
  (-1, -132)        14
  (-2, -132)        14
  (-3, -132)        14
  (-4, -132)        14
  (-5, -132)        14
  (-6, -132)        14
  (-7, -132)        14
  (-8, -132)        14
  (-9, -132)        14
  (-10, -132)       14
  (-11, -132)       14
  (-12, -132)       15
  (-13, -132)       13
  (-14, -132)       12
  (-15, -132)       12
  (-16, -132)       12
  (-17, -132)       12
  (-18, -132)       12
  (-19, -132)       13
  (-20, -132)       13
  (-21, -132)       13
  (-22, -132)       12
  (-23, -131)       12
  (-24, -131)       12
  (-25, -131)       12
  (-26, -131)       12
  (-27, -131)       12
  (-28, -131)       12
  (-29, -131)       12
  (-30, -131)       11
  (-31, -131)       11
  (-32, -131)       12
  (-33, -131)       12
  (-34, -131)       11
  (-35, -131)       12
  (-36, -131)       12
  (-37, -131)       12
  (-38, -131)       12
  (-39, -131)       11
  (-40, -131)       11
  (-41, -131)       11
  (-42, -131)       11
  (-43, -131)       11
  (-44, -131)       11
  (-45, -131)       11
  (-46, -131)       11
  (-47, -131)       12
  (-48, -131)       12
  (-49, -131)       12
  (-50, -131)       12
  (-51, -131)       11
  (-52, -130)       12
  (-53, -129)       12
  (-54, -128)       12
  (-55, -127)       12
  (-56, -126)       13
  (-57, -125)       12
  (-58, -124)       12
  (-59, -123)       12
  (-60, -122)       13
  (-61, -121)       13
  (-62, -120)       13
  (-63, -119)       12
  (-64, -118)       12
  (-65, -117)       12
  (-66, -116)       12
  (-67, -115)       12
  (-68, -114)       13
  (-69, -113)       11
  (-70, -112)       11
  (-70, -111)       11
  (-70, -110)       11
  (-71, -109)       11
  (-72, -108)       11
  (-73, -107)       11
  (-74, -106)       11
  (-75, -105)       11
  (-76, -104)       11
  (-77, -103)       11
  (-78, -102)       11
  (-79, -101)       11
  (-80, -100)       11
  (-81, -99)        11
  (-82, -98)        11
  (-83, -97)        11
  (-84, -96)        11
  (-85, -95)        11
  (-86, -94)        12
  (-87, -93)        12
  (-88, -92)        12
  (-89, -91)        12
  (-90, -90)        12
  (-91, -89)        12
  (-92, -88)        12
  (-93, -87)        12
  (-94, -87)        12
  (-95, -87)        12
  (-96, -87)        12
  (-97, -87)        12
  (-98, -87)        12
  (-99, -87)        12
  (-100, -87)       12
  (-101, -87)       12
  (-102, -87)       12
  (-103, -87)       12
  (-104, -87)       12
  (-105, -87)       12
  (-106, -87)       12
  (-107, -87)       12
  (-108, -86)       12
  (-109, -85)       12
  (-110, -84)       12
  (-111, -83)       12
  (-112, -82)       12
  (-113, -81)       12
  (-114, -80)       11
  (-115, -79)       11
  (-116, -78)       11
  (-117, -77)       12
  (-118, -76)       12
  (-119, -75)       12
  (-120, -74)       12
  (-121, -73)       12
  (-122, -72)       12
  (-123, -71)       12
  (-124, -70)       12
  (-125, -69)       12
  (-126, -68)       12
  (-126, -67)       12
  (-126, -66)       12
  (-126, -65)       12
  (-126, -64)       12
  (-126, -63)       12
  (-126, -62)       12
  (-126, -61)       12
  (-126, -60)       12
  (-126, -59)       12
  (-126, -58)       12
  (-126, -57)       12
  (-126, -56)       12
  (-126, -55)       12
  (-126, -54)       12
  (-126, -53)       12
  (-126, -52)       12
  (-126, -51)       12
  (-126, -50)       12
  (-126, -49)       12
  (-126, -48)       12
  (-126, -47)       12
  (-126, -46)       12
  (-127, -45)       12
  (-128, -44)       12
  (-129, -43)       12
  (-130, -42)       12
  (-131, -41)       12
  (-132, -40)       13
  (-133, -39)       12
  (-133, -38)       12
  (-133, -37)       12
  (-134, -36)       12
rises 0, falls 0, worst step 0: walked end to end
beside: spawn spawn-1#1 at (50, -142) d0, wool wool-2#1 at (-134, -36) d0
