CLAIMS  1 char = 1 block  x -164..163 across, z -148..147 down
KEY  0 free  1 water  2 paving  3 structure  4 tree  5 boulder  6 flora  7 spawn keep-out  8 door approach  9 goal clearance  a wool-room keep-out  b structure keep-out  space void
        -6        -5        -4        -3        -2        -1        -0        -9        -8        -7        -6        -5        -4        -3        -2        -1         0         1         2         3         4         5         6         7         8         9         0         1         2         3         4         5         6   
     4321098765432109876543210987654321098765432109876543210987654321098765432109876543210987654321098765432109876543210987654321098765432109876543210987654321098765432101234567890123456789012345678901234567890123456789012345678901234567890123456789012345678901234567890123456789012345678901234567890123456789012345678901234567890123
-148                                                                                                                                                                                                             777777777777777777777777                                                                                                    
-147                                                                                                                                                                                                             777777777bbbbbb777777777                                                                                                    
-146                                                                                                                                                                                                             777777777bbbbbb777777777                                                                                                    
-145                                                                                                                                                                                                             aaaaa7777bbbbbb7777aaaaa                                                                                                    
-144                                                                                                                                                                                                             aaaaa7777bbbbbb7777aaaaa                                                                                                    
-143                                                                                                                                                                                                             aaaaa7777bbbbbb7777aaaaa                                                                                                    
-142                                                                                                                                                                                                             aaaaa7777bbbbbb7777aaaaa                                                                                                    
-141                                                                                                                                                                                                             aaaaa77777777777777aaaaa                                                                                                    
-140                                                                                                                                                                                                             777777777777777777777777                                                                                                    
-139                                                                                                                                                                                                             777777777777777777777777                                                                                                    
-138                                                                                                                                                                                                             777777777777777777777777                                                                                                    
-137                                                                                                                                                                                                             088888888888888888888888                                                                                                    
-136                                                                         000000000000000000000000000000000000000000000000000000000000000000000000000000000000000000000000000000000000000000000000000000000000088888888888888888888888000000000000                                                                                        
-135                                                                         066666000000000666666666666660000000000000000000000000000000006000666666660000666666666666666666666666600000000000000000006666666666088888888888888888888888666666666660                                                                                        
-134                                                                         066666600000000666666666666660000000000000000000000000000000000000066606660000666666666666666666666666660000000000000000006666666666088888888888888888888888666666666660                                                                                        
-133                                                                         066666660000000666666666666600000000000000000000000000066000000000066666660000666666666666666666666666666660000000000000006666666660088888888888888888888888006666666660                                                                                        
-132                                                                         066666666660066666666666666000600000600000666000000000666600600000066606660000066666666666666666666666666606660000000000006666666660088888888888888888888888000666666660                                                                                        
-131                                                                         066606666666666666666666666000600006666000666600000000666606600000000006660000066666666666666666666666666666600000000000006666666600088888888888888888888888006666666660                                                                                        
-130                                                                         000006666666666666666666660000000006666666666666660000666606600000000000000000006666666666666666666666666660000000600000006666660000088888888888888888888888006666666660                                                                                        
-129                                                                         000666666666666666666666660000000006666666666666666000666006600060000000000000006666666666666666666666666600000000666666066606600000088888888888888888888888000666666660                                                                                        
-128                                                                         000666666666666666666666660000006006666666666666666666000006660660000000000000006666666666666666666666666600000000066666066600000000088888888888888888888888000666666660                                                                                        
-127                                                                         000066666666666666666666666000000006666666666666666666666666660660000000000000000000066666666666666666666600000000066666006000000000088888888888888888888888000666666660                                                                                        
-126                                                                         000006666666666666666666666000000006666666666666666666666666660660000000000000000000006666666666666666666660000000066666000000000000088888888888888888888888006666666660                                                                                        
-125                                                                         000000666666666666666666660000000066666666666666666606666666660060000000000000000000006666666666666666666666000000006666666000000000088888888888888888888888006666666660                                                                                        
-124                                                                         000000066666666666666666660000000066666666666666666606666666666000000000000000000000006666666666666666666666600000000000066000000066688888888888888888888888666666666660                                                                                        
-123                                                                         000000066666666666666666666000000666666666666666666666666666666660000000000000000000006666666666666666666666600000000000666000000000088888888888888888888888666666666660                                                                                        
-122                                                                         000000000000066666666666666666666666666666666666666666666666666666600006600000000000000666666666666666666666666000000000660000066600088888888888888888888888666666666660                                                                                        
-121                                                                         000000000000066666666666666666666666666666666666666666666666666666666666666000066000000066666666666606666666666600000000000000666600088888888888888888888888666666666660                                                                                        
-120                                                                         000000000000006666666666666666666666666666666666666666666666666666666666666600066000000006666666660000666666666660000000000000666660000060000066666666666666666666666660                                                                                        
-119                                                                         000000000000000066666666666666666666666666666666666666666666666666666666666666666000000066666666660000666666666666000000000000666660000000000066666666666666666666666660                                                                                        
-118                                                                         000000000000000066666666666666666666666666666666666666666666666666666666666666666600600666666666666666666666666666660000000006666666000000000066666666666666666666666660                                                                                        
-117                                                                         000000000000000066666666666666666666666666666006666666666666666666666666666666666666666666666666666666666666666666666000000066660666600000000066666666666666666666666660                                                                                        
-116                                                                         000000000000000666666666666666666666666666660000660066666666666666666666666666666666666666666666666666666666666666666000000066660660600000000066666666666666666666666660                                                                                        
-115                                                                         000000000000000066666666666666666666666666600006660006666666666666666666666666666666666666666666666666600666666666666000000066660660600000000066666666666666666666666660                                                                                        
-114                                                                         000000000000000006666666666666666666666660000066660000000666666666666666666666666660000000600006666666000066666606666000000000660660000000000006666666666666666666666660                                                                                        
-113                                                                         066000000000000000666660000000000000000000000000000000000000000000000000000000000000000000000000000000000000000000000000000000000000000000000000066666666666666666666660                                                                                        
-112                                                                         000000000000000000000000                                                                                                                        000000000000000000000000                    0000000000000000000000000000000000000000000000000000000000bbbbbaaaaa
-111                                                                         000000000000000000000000                                                                                                                        000000000000000000000000                    0666666666666600006666600000000666666666666666666008888888bbbbbaaaaa
-110                                                                         000000000000000000000000                                                                                                                        000000000000000000000000                    0666666000066666006600000000000066666666666666666608888888bbbbbaaaaa
-109                                                                         000000000000000000000000                                                                                                                        000000000000000000000000                    0660000000006666666000000000000066666666666666066008888888bbbbbaaaaa
-108                                                                         000000000000000000000000                                                                                                                        000000000000000000000000                    0600000000006666666000000000000060066666600600006008888888bbbbbaaaaa
-107                                                                         000000000000000000000000                                                                                                                        000000000000000000000000                    0600000000000066660000000000000000066666660600006008888888bbbbbaaaaa
-106                                                                         000000000000000000000000                                                                                                                        000000000000000000000000                    0600000000000000000000000000000000666666660000000668888888bbbbbaaaaa
-105                                                                         000000000000000000000000                                                                                                                        000000000000000000000000                    0000000000006000000000000000000000666666660000000008888888bbbbbbbbba
-104                                                                         000000000000000000000000                                                                                                                        000000000000000000000000                    0000000000666600000000000000066000666666660000000008888888bbbbbbbbba
-103                                                                         000000000000000000000000                                                                                                                        000000000000000000000000                    0666660000666660000000000006666600666666000000000008888888bbbbbbbbba
-102                                                                         000000000000000000000000                                                                                                                        000000000000000000000000                    0666666666666666000000000066666666666600000000000008888888bbbbbbbbba
-101                                                                         000000000000000000000000                                                                                                                        000000000000000000000000                    0666666666666666660000000066666666666600000000000008888888bbbbbbbbba
-100                                                                         000000000000000000000000                                                                                                                        000000000000000000000000                    0666666666666666660000000066666666666600000000000008888888bbbbbbbbba
 -99                                                                         000000000000000000000000                                                                                                                        000000000000000000000000                    0666666666666666660000000666666666666600000000000008888888bbbbbaaaaa
 -98                                                                         000000000000000000000000                                                                                                                        000000000000000000000000                    0666666666666666600000000666666666666000000000000008888888bbbbbaaaaa
 -97                                                                         000000000000000000000000                                                                                                                        000000000000000000000000                    0666666666666660000000006666666666666000000000000008888888bbbbbaaaaa
 -96                                                                         000000000000000000000000                                                                                                                        000000000000000000000000                    0666666606666660000000006666666666666000000000000008888888bbbbbaaaaa
 -95                                                                         000000000000000000000000                                                                                                                        000000000000000000000000                    0666666606666660000000000066666666666000000000000008888888bbbbbaaaaa
 -94                                                                         000000000000000000000000                                                                                                                        000000000000000000000000                    0000066006666660000000000066666666666600000000000008888888bbbbbaaaaa
 -93                                                                         000000000000000000000000                                                                                                                        000000000000000000000000                    0000066006666660000000000000000000000000000000000008888888bbbbbaaaaa
 -92                                                                         000000000000000000000000                                                                                                                        000000000000000000000000                    00000000000000000000                    000000000000000000bb        
 -91                                                                         000000000000000000000000                                                                                                                        000000000000000000000000                    00000000000000000000                    000000000000000000bb        
 -90                                                                         000000000000000000000000                                                                                                                        000000000000000000000000                    00000000000000000000                    000000000000000000aa        
 -89                                                                         000000000000000000000000                                                                                                                        000000000000000000000000                    00000000000000000000                    00000000000000000000        
 -88                     0000000000000000000000000000000000000000000000000000066666666666666660000000000000000000000000000000000000000000000000000000000000000000000000000000000000000000000000000000000000000000000000000000000000066666666666666660                    00000000000000000000                    00000000000000000000        
 -87                     0000000000000000000000000000000000000000000000000000666666666666666660000000666666666666660006666666666666000000006600066666666600000000000000006000066666666660000006666666666666666666666666660000000000066666666666666660                    00000000000000000000                    00000000000000000000        
 -86                     0000000000000000000000000000000000000000000000000000666666666666666600000006666666666666066666666660000666000060066660066666666666666666000000006660066666666666666606666666660666066066066666660000000000066666666666600000                    00000000000000000000                    00000000000000000000        
 -85                     0000000000000000000000000000000000000000000000000000666666666666666600000006666666666666000000666600000000000666666660666666666666666666660000066600066666666666666666666666660066066066066666660000000000066666666666000000                    00000000000000000000                    00000000000000000000        
 -84                     000000000000000000000000000000000000000000000000000000066666666666660000000666666666660060000006600000000066666666666666666666666666666666000066660006666666666666666666600000000006666660666666000000000006666666666600000000000000000000000000000000666666666666600000000000000000000006666666666666666660        
 -83                     000000000000000000000000000000000000000000000000000000006666666666666666006666666666666660000000000000000666666666666666666666666666666666000000660000666666666666666660000000000000006660666666666000000066666666666600000000000000000000000000600006666666666666666666006000000000066666666666666666666660        
 -82                     000000000000000000000000000000000000000000000000000000000666666666666666666666666666666660600000000000066666666666666666666666666666666666000000006660066666666666666600000000000000006666000006666000006666666666666000000000000000000000000000600006666666666666666666600000000000066666666666666666666660        
 -81                     000000000000000000000000000000000000000000000000000000000066666666666666666666666666666600600000000000666666666666666666666666666666660666000000000000066666666666666666000000066660006666600066666000066666666660000000000000000000000000000000600066666666666666666666666660000000066666666606666666666660        
 -80                     000000000000000000000000000000000000000000000000000000000066666666666666666666666666666600660000000000666666666666666666666666666666600666000000000000666666666666666666600000666666000666660666666000066666666600000000000000000000000000000000600066666666666666666666666660000000066666666606666666666660        
 -79                     000000000000000000000000000000000000000000000000000000000066666666666666666666666666666000660000000000666666666666666666666666666666666666000000000000066666666666666666000000060666006666660066666000066666666000000000000000000000000000000000000066666666666666666666666666000000066666666666666666666660        
 -78                     000000000000000000000000000000000000000000000000000000000066666666666666666666666666666606666000000000666666666666666666666666666666666666000000000000006666666666666600000000000666066666600000006000000066660000000000000000000000000000000000066660666666666666666666666666000066666666666666666666666660        
 -77                     000000000000000000000000000000000000000000000000000000000066666666666666666666666666666666666600000000066666666666666666666666666666666666600006666666600666066666660000000000000000000666000000000000000000000000666660000000000000000000000000666666066666666666666666666666666666666666666666666666666660        
 -76                     000000000000000000000000000000000000000000000000000000000666666666660066666000666600066666666660000000066666666666000666666666666666666666660066666666660666666666600000000666000000000060000000000000000000000000666666666000000000000000000000066666000666666666666666666666666666666666666666666666666660        
 -75                     000000000000000000000000000000000000000000000000000000006600666666660066660000000000006666666600000000006666000000000066666666666666666666660066666666660666666666000000000666000000000000000000000000000000000000666666666600000000000000000000666666600660066666666666666666666666666666666666666666666660        
 -74                     000000000000000000000000000000000000000000000000000000000000066606660066660000000000000000000000000000000000000000000000000666666666666666666666666666666666666600000000000666000000000000000000000000660000000000000066666600000000000000000000666666600000066666666666666666666666666666666666666666666660        
 -73                     000000000000000000000000000000000000000000000000000000000000000000600000000000000000000000000000006000000000000000000000006660066666666666666666666666666666666000000066066666600000000000000000000000666000000000000066666600000000000000000000066666600006600666666666666666666666666666666666666666666660        
 -72                     000000000000000000000000000000000000000000000000000000000000000000000000000000000000000000000000006600000000000000066000006000000666666666666666666666666666666000000060066666600000000000000000000000666000000000000066666600000000000000000000006666000066660066666666666666666666666666666666666666666660        
 -71                     000000000000000000000000000000000000000000000000000000000000000000066666000000000000000000000000006000000000000000666660066600006666666666666666666666666666666000000060066666600000000000000000000000666000000000000066666600000000000000000000006666000066660066666666666666666666666666666666666666666660        
 -70                     000000000000000000000000000000000000000000000000000006000066666666666666666600000000000000000060000000000000000006666666666666666666666666666666666666666666666000000000066666600000000000000006600000666600000000000000066600000000000000000000006660000666666666666666666666666666666666666666666666666660        
 -69                     000000000000000000000000000000000000000000000000000006666666666666666666666666000000000000066666000000066006666666666666666666666666666666666666666666666666666000000000006666000000000000000006660000666600000000000000000000000000000000000000000000066666666666666666666666666666666666666666666666666660        
 -68                     00000000000000000000                                06666666666666666666666666000000000000666666666666666666666666666666666666666666666666666660006666666666660000000000006660000000000000000006660000666660000000000000000000000000000000000000000000666666666666666666666666666666666666666666666666666660        
 -67                     00000000000000000000                                06666666666606666666666666600000066666666666666666666666666666666666666666666666666666666600000666600006660000000000066666666666600060000006600000066600006666660000000000000000000000000000000000066666666666666666666666666666666666666666666666666660        
 -66                     00000000000000000000                                06666666600000666666666666666666666666666666666666666666666666666666666666666666666666600000000000000000000666600066666666666666666666000000000000000000666666660000000000000000000000000000600000006666666666666666666666666666666666666666666666660000        
 -65                     00000000000000000000                                06666666000000066666666666666666666666666666666666666666666666666666666666666666666666600000000000000000006666660666666666666666666666000000000000000066666666660000000000000000000000000000000000000000000000000000000000000000000000000000000000000000        
 -64                     00000000000000000000                                066666660000000666666666666666666666666666666666666666666666666666666666666666666666660000000000000000000066666666666666666666666666660060000000000000666666666600000000                                                                                        
 -63                     00000000000000000000                                066666660000000666666666666666666666666666666666666666666666666666666666666666666666660000000000000000000066666666666666666666666666660060000000000000666666666600000000                                                                                        
 -62                     00000000000000000000                                066666666600006666666666666666666666666666666666666666666666666666666666666666666666666660000000000000000066666666666666666666666666660660000000000000666666666660000000                                                                                        
 -61                     00000000000000000000                                066666666660066666666666666666666666666666666666666666666666666666666666666666666666666600000000000000000666666666666666666666666666600666000060000000666666666666000000                                                                                        
 -60                     00000000000000000000                                000000006000006666666666666666600000000000000000000006666666666666666666600000000000600000660000000000000000000000006000000666666660006660000000000000000006666666666660                                                                                        
 -59                     00000000000000000000                                000000066600666666666666666666000000000000000000000666666666666666666666600000000000000000066600000000000000000000006000000666666666000660000000000000000066666666666660                                                                                        
 -58                     00000000000000000000                                066660066666666666666666666660000000000000000000006666666666666666666666660000000000000000066600000000000000000000000000666666666666660000000000000060000660006666666660                                                                                        
 -57                     00000000000000000000                                066666666666666666666666666000000000000000006666666666666666666666666666600000000066660000066600000000000000000000000066666666666666666000000000660666666600006666666660                                                                                        
 -56                     00000000000000000000                                066666666666066666666666666000000000000006666666666666666666666666666666600000600066660000066606666000000000000000000066666666666666666000006666666666666000000666666600                                                                                        
 -55                     00000000000000000000                                060666666666666666666666600000000000000000666666666666666666666666666666000000000066666606666606666000000000000000000066666666666666666600000666666666666600000666666600                                                                                        
 -54                     00000000000000000000                                000066666666666666666666660000000000000000666666666666666666666666666660000066000000006666666666666000000000000000000066666666666666666666600666666666666660000000066660                                                                                        
 -53                     00000000000000000000                                000066666666066666666666660000000000000000666666666666666666666666666666000060000000006666666666000000000000000000066666666666666666666666666666666666666660000000666660                                                                                        
 -52                     00000000000000000000                                000006666666006666666666660000000000000000066666666666666666666666666666600000000000006666666660006000000000000000666666666666666666666666666666666666666660000006666660                                                                                        
 -51                     00000000000000000000                                000066666666066666666666660000000000000000066666066666666666666666666666666666006666066666666666006660000000000000666666666666666666666666666666666666666000000006666660                                                                                        
 -50                     00000000000000000000                                000666666666066660000666000000000000000000006660000666666666666666666666666666666666666666666660006666000000660060066666666666666666666666666666666666666000000066666660                                                                                        
 -49                     08888888888888888888                                066666666666666660000000000000000000000000066600000000000006666666666666000066666666666666666000006666666666666666000066666666666666666666006666666666666000000066666660                                                                                        
 -48                     08888888888888888888                                066666066666666660000000000000066666000000666000000000000006666666666660000000666666666666600000000666666666666666000066666666666666666666666666666666666000000066666660                                                                                        
 -47                     08888888888888888888                                066666666666666660000000000000066666600000060000000000000000666666666666600066666666666666600000666666666666666666600066666666666666666666666666666666660000000000666660                                                                                        
 -46                     08888888888888888888                                066666666666666660000000000000066666600000000000000000000000666666666666666666666666666666600000666666666666666666666666666666666666666600066666666666660000000006666660                                                                                        
 -45                     08888888888888888888                                006666666666666600000000000000066666000000000000000000000000666666666666666666666666666666600000666666666666666006666666666666666666666606666666666666660000000666666660                                                                                        
 -44                     08888888888888888888                                006666666666666600000000000000066666000000000000000000600000660066000666660666066666666666600000666666666666666000066666006666666666066606666666666666666000000666666660                                                                                        
 -43                     08888888888888888888                                006666666666666600000000000000666666660000000000000000000006666666666666666666666666666666000006666666666066660000666666006666666666066666666666666666666000000666666660                                                                                        
 -42                     bbbbbbbbbbbbbbbbbbbb                                060006666666666660000000000006666666666666600000000000000006666666666666066666666666666666000066666666666000000000666660006666666666666666666666600060000000000666666660                                                                                        
 -41                     bbbbbbbbbbbbbbbbbbbb                                060066666666666666600066666666666666666666666600600000000006660006666666666666666666666666000066666666666000000000000000000006666666666666666666000000000000000666666660                                                                                        
 -40                     bbbbbbbbbbbbbbbbbbbb                                060060066666666606660666666666666666666666666666666000000066600000666666666666666666666666000066666666666600000000000000000006666666666666666660000000000000006666666660                                                                                        
 -39                     bbbbbbbbbbbbbbbbbbbb                                060000000000006666666666666666666666666666666666666000000066600000066600666666666666660666000066666666666000000000000000000006666666666666666660000000000066666666666660                                                                                        
 -38                     bbbbbbbbbbbbbbbbbbbb                                006000000000006666666666666606666666666666666666666000006600000000000000666666666666660666000066666666666000000000000000000000666666666666666660000000000666666666666660                                                                                        
 -37                     aaaaaaabbbbbbaaaaaaa                                000000000000000006666666666000666666666666666666666666666660000000000000000666666666666660000006666666660000000000000000000000666666666666666600000000006666666666666660                                                                                        
 -36                     aaaaaaabbbbbbaaaaaaa                                                00000066666666666666666666666666666666666666660000000066666666660000000660000000600000000000000000666660006666666666666666666666000006666666666666666660                                                                                        
 -35                     aaaaaaabbbbbbaaaaaaa                                                00000066666666666666666666666666666666666666600000000066666666666000000000000000000000000000000000066660006666666666666666666666600006666666666666666660                                                                                        
 -34                     aaaaaaabbbbbbaaaaaaa                                                06666666666666666666666666666666666666666666600000000666666666666000000000600060000000000000000000006660006666666666666666666666000006666666666666666660                                                                                        
 -33                     aaaaaaaaaaaaaaaaaaaa                                                06666666666666666666000000666666666666600000000000006666666666666600000000660660000000000000000000006660006666666666066666600000000666666666666606666660                                                                                        
 -32                                                                                         06666666666666666660000000666666666666000000000000066666666666666666000000666660000000000000000000006660066666660060000060000000000666666666666006666660                                                                                        
 -31                                                                                         06666666666666666600000000066666666666600000000666666666666666666666660000000660000000000000000000666666066666600060000000000000006666666000660006666660                                                                                        
 -30                                                                                         06666666666666666660000000066666666666600000006666666666666666666666666660000000000000000000000000666666666666600000000000000000006666600000000006666660                                                                                        
 -29                                                                                         00000000000000000000000000000000000000000000000000000000000000000000000000000000000000000000000000000000000000000000000000000000000000000000000000000000                                                                                        
 -28                                                                                                                                                                                                                                                                                                                                         
 -27                                                                                                                                                                                                                                                                                                                                         
 -26                                                                                                                                                                                                                                                                                                                                         
 -25                                                                                                                                                                                                                                                                                                                                         
 -24                                                                                                                                                                                                                                                                                                                                         
 -23                                                                                                                                                                                                                                                                                                                                         
 -22                                                                                                                                                                                                                                                                                                                                         
 -21                                                                                                                                                                                                                                                                                                                                         
 -20                                                                                                                                                                                                                                                                                                                                         
 -19                                                                                                                                                                                                                                                                                                                                         
 -18                                                                                                                                                                                                                                                                                                                                         
 -17                                                                                                                                                                                                                                                                                                                                         
 -16                                                                                             0000000000000000000000000000000000000000            0000000000000000000000000000000000000000            0000000000000000000000000000000000000000                                                                                            
 -15                                                                                             0000000000000000000000000000000000000000            0000000000000000000000000000000000000000            0000000000000000000000000000000000000000                                                                                            
 -14                                                                                             0000000000000000000000000000000000000000            0000000000000000000000000000000000000000            0000000000000000000000000000000000000000                                                                                            
 -13                                                                                             0000000000000000000000000000000000000000            0000000000000000000000000000000000000000            0000000000000000000000000000000000000000                                                                                            
 -12                                                                                             0000000000000000000000000000000000000000            0000000000000000000000000000000000000000            0000000000000000000000000000000000000000                                                                                            
 -11                                                                                             0000000000000000000000000000000000000000            0000000000000000000000000000000000000000            0000000000000000000000000000000000000000                                                                                            
 -10                                                                                             0000000000000000000000000000000000000000            0000000000000000000000000000000000000000            0000000000000000000000000000000000000000                                                                                            
  -9                                                                                             0000000000000000000000000000000000000000            0000000000000000000000000000000000000000            0000000000000000000000000000000000000000                                                                                            
  -8                                                                                             0000000000000000000000000000000000000000            0000000000000000000000000000000000000000            0000000000000000000000000000000000000000                                                                                            
  -7                                                                                             0000000000000000000000000000000000000000            0000000000000000000000000000000000000000            0000000000000000000000000000000000000000                                                                                            
  -6                                                                                             0000000000000000000000000000000000000000            0000000000000000000000000000000000000000            0000000000000000000000000000000000000000                                                                                            
  -5                                                                                             0000000000000000000000000000000000000000            0000000000000000000000000000000000000000            0000000000000000000000000000000000000000                                                                                            
  -4                                                                                             0000000000000000000000000000000000000000            0000000000000000000000000000000000000000            0000000000000000000000000000000000000000                                                                                            
  -3                                                                                             0000000000000000000000000000000000000000            0000000000000000000000000000000000000000            0000000000000000000000000000000000000000                                                                                            
  -2                                                                                             0000000000000000000000000000000000000000            0000000000000000000000000000000000000000            0000000000000000000000000000000000000000                                                                                            
  -1                                                                                             0000000000000000000000000000000000000000            0000000000000000000000000000000000000000            0000000000000000000000000000000000000000                                                                                            
   0                                                                                             0000000000000000000000000000000000000000            0000000000000000000000000000000000000000            0000000000000000000000000000000000000000                                                                                            
   1                                                                                             0000000000000000000000000000000000000000            0000000000000000000000000000000000000000            0000000000000000000000000000000000000000                                                                                            
   2                                                                                             0000000000000000000000000000000000000000            0000000000000000000000000000000000000000            0000000000000000000000000000000000000000                                                                                            
   3                                                                                             0000000000000000000000000000000000000000            0000000000000000000000000000000000000000            0000000000000000000000000000000000000000                                                                                            
   4                                                                                             0000000000000000000000000000000000000000            0000000000000000000000000000000000000000            0000000000000000000000000000000000000000                                                                                            
   5                                                                                             0000000000000000000000000000000000000000            0000000000000000000000000000000000000000            0000000000000000000000000000000000000000                                                                                            
   6                                                                                             0000000000000000000000000000000000000000            0000000000000000000000000000000000000000            0000000000000000000000000000000000000000                                                                                            
   7                                                                                             0000000000000000000000000000000000000000            0000000000000000000000000000000000000000            0000000000000000000000000000000000000000                                                                                            
   8                                                                                             0000000000000000000000000000000000000000            0000000000000000000000000000000000000000            0000000000000000000000000000000000000000                                                                                            
   9                                                                                             0000000000000000000000000000000000000000            0000000000000000000000000000000000000000            0000000000000000000000000000000000000000                                                                                            
  10                                                                                             0000000000000000000000000000000000000000            0000000000000000000000000000000000000000            0000000000000000000000000000000000000000                                                                                            
  11                                                                                             0000000000000000000000000000000000000000            0000000000000000000000000000000000000000            0000000000000000000000000000000000000000                                                                                            
  12                                                                                             0000000000000000000000000000000000000000            0000000000000000000000000000000000000000            0000000000000000000000000000000000000000                                                                                            
  13                                                                                             0000000000000000000000000000000000000000            0000000000000000000000000000000000000000            0000000000000000000000000000000000000000                                                                                            
  14                                                                                             0000000000000000000000000000000000000000            0000000000000000000000000000000000000000            0000000000000000000000000000000000000000                                                                                            
  15                                                                                             0000000000000000000000000000000000000000            0000000000000000000000000000000000000000            0000000000000000000000000000000000000000                                                                                            
  16                                                                                                                                                                                                                                                                                                                                         
  17                                                                                                                                                                                                                                                                                                                                         
  18                                                                                                                                                                                                                                                                                                                                         
  19                                                                                                                                                                                                                                                                                                                                         
  20                                                                                                                                                                                                                                                                                                                                         
  21                                                                                                                                                                                                                                                                                                                                         
  22                                                                                                                                                                                                                                                                                                                                         
  23                                                                                                                                                                                                                                                                                                                                         
  24                                                                                                                                                                                                                                                                                                                                         
  25                                                                                                                                                                                                                                                                                                                                         
  26                                                                                                                                                                                                                                                                                                                                         
  27                                                                                                                                                                                                                                                                                                                                         
  28                                                                                         00000000000000000000000000000000000000000000000000000000000000000000000000000000000000000000000000000000000000000000000000000000000000000000000000000000                                                                                        
  29                                                                                         06666660000000000666660000000000000000000666666666666600000000000000000000000006666666666666666666666666660000000666666666666000000006666666666666666660                                                                                        
  30                                                                                         06666660006600066666660000000000000006000666666066666600000000000000000006600000006666666666666666666666600000000666666666666000000000666666666666666660                                                                                        
  31                                                                                         06666660066666666666600000000006000006006666666006660000000000000000000006666600000066666666666666666000000000000066666666666600000006666666666666666660                                                                                        
  32                                                                                         06666660666666666666600000000666666066666666660006660000000000000000000006606600000000666666666666660000000000000666666666666600000066666666666666666660                                                aaaaaaaaaaaaaaaaaaaa                    
  33                                                                                         06666666666666666660000066666666666666666666660006660000000000000000000006000600000000066666666666600000000666666666666666666666666666666666666666666660                                                aaaaaaabbbbbbaaaaaaa                    
  34                                                                                         06666666666666666660000666666666666666666666660006666000000000000000000000000000000000066666666666000000000666666666666666666666666666666666666666000000                                                aaaaaaabbbbbbaaaaaaa                    
  35                                                                                         06666666666666666660000066666666666666666666660006666600000000000000000600000006600000006666666666000000006666666666666666666666666666666666666666000000                                                aaaaaaabbbbbbaaaaaaa                    
  36                                                                                         066666666666666600000000006666666666666666000000000000000000000066666666600000066666666666666000000000000000066666666666666666666666666666000666666666600000000000000000                                aaaaaaabbbbbbaaaaaaa                    
  37                                                                                         066666666666666000000000066666666666666666000000000000000000000666666666660000666066666666666666000000000000006600000666666666666666666666606666666666666600000000000600                                bbbbbbbbbbbbbbbbbbbb                    
  38                                                                                         066666666666660000000000066666666666666666600000000000000000000666666666660000666066666666666666006660000006660000000666666666666666666666666666666666666600000000000060                                bbbbbbbbbbbbbbbbbbbb                    
  39                                                                                         066666666600000000000000066666666666666666600000000000000000006666666666660000666666666666666666666666000006660000000666666666666666666666666666666066606666666660060060                                bbbbbbbbbbbbbbbbbbbb                    
  40                                                                                         066666666000000000000000666666666666666666600000000000000000000666666666660000666666666666666666666666600066600000000006006666666666666666666666660006666666666666660060                                bbbbbbbbbbbbbbbbbbbb                    
  41                                                                                         066666666000000000060006666666666666666666666600066666000000000666666666660000666666666666666660666666666666600000000000000006666666666666600000000000066666666666600060                                bbbbbbbbbbbbbbbbbbbb                    
  42                                                                                         066666666000000666666666666666666660666666666600666666000066660666666666600000666666666666666666666666666666600000000000000000000066666666000000000000006666666666666600                                aaaaaaaaaaaaaaaaaaaa                    
  43                                                                                         066666666000000666666666666666606660666666666600666660000666666666666666000006666666666660666066666000660066000006000000000000000000666660000000000000006666666666666600                                08888888888888888888                    
  44                                                                                         066666666000000066666666666666606666666666666666666666600666666666666666000006666666666666666666666666666666000000000000000000000000666660000000000000006666666666666600                                08888888888888888888                    
  45                                                                                         066666600000000066666666666660006666666666666666666666666666666666666666000006666666666666666666666666666666000000000000000000000006666660000000000000066666666666666660                                08888888888888888888                    
  46                                                                                         066666000000000066666666666666666666666666666666660006666666666666666666000006666666666666660006666666666666000000000000000060000006666660000000000000066666666666666660                                08888888888888888888                    
  47                                                                                         066666660000000666666666666666666666666666666666660000666666666666666000000006666666666666000000066666666666600000000000000666000000666660000000000000066666666660666660                                08888888888888888888                    
  48                                                                                         066666660000000666666666666600666666666666666666660000666666666666666600000666666666666666660000666666666666600000000000006660000000000000000000000000066666666666666660                                08888888888888888888                    
  49                                                                                         066666660000000666666666666666666666666666666666666660060066000000666600066666666666666666666666666666666666666666666000066600000000000000000000666000066660666666666000                                08888888888888888888                    
  50                                                                                         066666600000000666666666666666666666666666666666666666000000000000066600666666666660666600666666666666666666666666666660666660000000000000000066666666666660666666660000                                00000000000000000000                    
  51                                                                                         066666600000066666666666666666666666666666666666666666000000000000000600066666666600000000000006666666666666666666666666666660000000000000000066666666666600666666600000                                00000000000000000000                    
  52                                                                                         066666000000066666666666666666666666666666666666666660000000000000000000666666666600000000060000666666666666666666666666666666000000000000000066666666666660666666660000                                00000000000000000000                    
  53                                                                                         066660000000066666666666666006666666666666666666660000000000000000000666666666666600000000660000066666666666666666666666666666000000000000000066666666666666666666660000                                00000000000000000000                    
  54                                                                                         006666666000006666666666666000006666666666666666660000000000000000000666606666606666660000000000666666666666666666666666666666000000000000000006666666666666666666666060                                00000000000000000000                    
  55                                                                                         006666666000000666666666666600000666666666666666660000000000000000000666606660000066660006000006666666666666666666666666666666600000000000000666666666666660666666666660                                00000000000000000000                    
  56                                                                                         066666666600006666666066000000000666666666666666660000000000000000000000006660000066660000000006666666666666666666666666666600000000000000000666666666666666666666666660                                00000000000000000000                    
  57                                                                                         066666666600066000060000000000000066666666666666000000000000000000000000006660000000000000000066666666666666666666666600000000000000000000066666666666666666666660066660                                00000000000000000000                    
  58                                                                                         066666666666660000000000000000066000666666666000000600000000000000000000006660000000000000000006666666666666666666666000000000000000000000666666666666666666006660000000                                00000000000000000000                    
  59                                                                                         066666666666600000000000000000066600066666666000000600000000000000000000000066000006000000000006666666666666666666600000000000000000000006666666666666666600000600000000                                00000000000000000000                    
  60                                                                                         000000666666666666000000060000666006666666666666666666666666666000000000000000006666666666666666666666666666666666666666666666666666666666666666666666666660066666666660                                00000000000000000000                    
  61                                                                                         000000066666666666000000000000066066666666666666666666666666660000000000000000066666666666666666666666666666666666666666666666666666666666666666666666666600006666666660                                00000000000000000000                    
  62                                                                                         000000006666666666000000000000060066666666666666666666666666660000000000000000000066666666666666666666666666666666666666666666666666666666666666666666666000000066666660                                00000000000000000000                    
  63                                                                                         000000006666666666000000000000060066666666666666666666666666660000000000000000000066666666666666666666666666666666666666666666666666666666666666666666666000000066666660                                00000000000000000000                    
  64         00000000000000000000000000000000000000000000000000000000000000000000000000000000000000006666666666000000000000000066666666666666666666606666660000000000000000000666666666666666666666666666666666666666666666666666666666666666666666666000000066666660                                00000000000000000000                    
  65         00006666666666666666666666666666666666666666666666660000000600000000000000000000000000006666666600000000000000000066666666666666666666000666600000000000000000000666666666666666666666666666666666666666666666666666666666666666666666666600000666666660                                00000000000000000000                    
  66         06666666666666666666666666666666666666666666666666666000000000000000000000000000000000006666660000666000000660000006000666666666666000000000006660000666600000666666666666666666666666666666666666666666666666666666666000000666666666666660666666666660                                00000000000000000000                    
  67         06666666666666666666666666666666666666666666666666666600000000000000000000000000000000000000000006666600006660000000000000000006660000000000006666666666660006666666666666666666666666666666666666666666666666666600000000000066666666666666666666666660                                00000000000000000000                    
  68         066666666666666666666666666666666666666666666666666660000000000000000000000000000000000000000000006666000066600000000000000000666600000000000666666666666666666666666666666666666666666666666666600660000000666660000000000000666666666666666666666666600000000000000000000000000000000000000000000000000000                    
  69         066666666666666666666666666666666666666666666666666000066600000000000000000000006660000000000000006666000006600000000000000006666660000000000666666666666666666666666666666666666666666666600000000000000000060000000000000000006666666666666666660000600000000000000000000000000000000000000000000000000000                    
  70         066666666666666666666666666666666666666666660066660000666600000000000000000000006666660000000000000666000000000000000000000006666660060000000666666666666666666666666666666600006660066666000000000000000600000000000000000000000000666660000000000000000000000000000000000000000000000000000000000000000000                    
  71         066666666666666666666666666666666666666666660066660000666600000000000000000000006666660000000000000666000000000000000000000006666660060000000666666666666666666666666666666000000600000660000000000000006600000000000000000000000000000000000000000000000000000000000000000000000000000000000000000000000000                    
  72         066666666666666666666666666666666666666666666006600006666660000000000000000000006666660000000000000666000000000000000000000006666660660000000666666666666666666666666666666660066600000000000000000000000600000000000000000000000000000006000000000000000000000000000000000000000000000000000000000000000000                    
  73         066666666666666666666666666666666666666666666660000006666666000000000000000000006666660000000000000066000000000000000000000000666000000000006666666666666666666666666666666666666000000000000000000000000000000000000000000000000066660066606660000000000000000000000000000000000000000000000000000000000000                    
  74         066666666666666666666666666666666666666666666660066006666666000000000000000000006666666666000000000000000000000000000000000000666000000000666666666066666666660066666666666666666666660000000000666600000000006666666600000000000066660066666666006600000000000000000000000000000000000000000000000000000000                    
  75         066666666666666666666666666666666666666666666666666000666660000000000000000000000666666666000000000000000000000000060000000000666000000006666666666066666666660066666666666666666666666000666666666660000000066666666660006666000666660066666666666000000000000000000000000000000000000000000000000000000000                    
  76         066666666666666666666666666666666666666666666666666660666666000000000000000000000000066666000000000000000000000000666000000000000000000066666660666006666666600006666666666666666666666666666666666660000000006666666666666666666666666666666666660000000000000000000000000000000000000000000000000000000000                    
  77         066666666666666666666666660000666666666666666666666666066660000000000000000000000000000000000066660000000600000006666660666000000000006666666666666600000000000000666666666666666666666666666666666666000000000666606666666666666666666666666666660000000000000000000000000000000000000000000000000000000000                    
  78         066666666666666666666660000000666666666666666666666666660000000000000000000000000000000000000666666660000666660066666600666060000000666666666666666660000000000000666666666666666666666666666666666666000000000066000666666666666666666666666666660000000000000000000000000000000000000000000000000000000000                    
  79         066666666666606666666660000000066666666666666666666666660006000000000000000000000000000000006666666660000666666066666000666666000006666666666666666666000000000000666006666666666666666666666666666666000000000066006666666666666666666666666666660000000000000000000000000000000000000000000000000000000000                    
  80         066666666666606666666660000000066666666666666666666666660006000000000000000000000000000000066666666660000666660006666600066660000000666666666666666660000000000000666066666666666666666666666666666666000000000006006666666666666666666666666666660000000000000000000000000000000000000000000000000000000000                    
  81         066666666666666666666660000000000006666666666666666666600006000000000000000000000000000666666666666600000666600000666600000000000000006666666666666660066600000000666666666666666666666666666666666660000000000006066666666666666666666666666666666000000000000000000000000000000000000000000000000000000000                    
  82         066666666666666666666660000000000600666666666666666666600006000000000000000000000000006666666666660000000666666666066600000000000000066666666666666666000066000000666666666666666666666666666666666000000000000000066666666666666600666666666666666600000000000000000000000000000000000000000000000000000000                    
  83         066666666666666666600000000000000000000006666666666666000000000000000000000000000000006666666666600000000000666666066666600000000006666666666666666666600066660000666666666666666666666666666666660000000006600000060066666666666000000066666666666660000000000000000000000000000000000000000000000000000000                    
  84         00000000000000000000                    00000000000000000000                    0000006666666666600000000000666666606606606600666666666666666666666666600066600000666666666666666666660666666660000000000066660000006666666666666000000066666666666666660000000000000000000000000000000000000000000000000000                    
  85         00000000000000000000                    00000000000000000000                    0000066666666666600000000000666666606606606660666666666066666666666666600666000000006666666666666666600666600600006660000666666666606666666666666000000066666666666666660000000000000000000000000000000000000000000000000000                    
  86         00000000000000000000                    00000000000000000000                    0666666666666666600000000000666666666666666666666666666000000666666666600006000000000000000066666666600066000000006666666666666000666666666666660000000666666666666666660000000000000000000000000000000000000000000000000000                    
  87         00000000000000000000                    00000000000000000000                    0666666666666666600000000000000000000000000000000000000000000000000000000000000000000000000000000000000000000000000000000000000000000000000000000000000666666666666666600000000000000000000000000000000000000000000000000000                    
  88         00000000000000000000                    00000000000000000000                    000000000000000000000000                                                                                                                        000000000000000000000000                                                                        
  89         00000000000000000000                    00000000000000000000                    000000000000000000000000                                                                                                                        000000000000000000000000                                                                        
  90         bba00000000000000000                    00000000000000000000                    000000000000000000000000                                                                                                                        000000000000000000000000                                                                        
  91         bba00000000000000000                    00000000000000000000                    000000000000000000000000                                                                                                                        000000000000000000000000                                                                        
  92 aaaaabbbbba000660000000000000000000000000000000000000666666006600000                    000000000000000000000000                                                                                                                        000000000000000000000000                                                                        
  93 aaaaabbbbba888888800000000000066666666666600000000000666666006600000                    000000000000000000000000                                                                                                                        000000000000000000000000                                                                        
  94 aaaaabbbbba888888800000000000006666666666600000000000666666066666660                    000000000000000000000000                                                                                                                        000000000000000000000000                                                                        
  95 aaaaabbbbba888888800000000000006666666666666000000000666666066666660                    000000000000000000000000                                                                                                                        000000000000000000000000                                                                        
  96 aaaaabbbbba888888800000000000006666666666666000000000666666666666660                    000000000000000000000000                                                                                                                        000000000000000000000000                                                                        
  97 aaaaabbbbba888888800000000000006666666666660000000066666666666666660                    000000000000000000000000                                                                                                                        000000000000000000000000                                                                        
  98 aaaaabbbbba888888800000000000066666666666660000000666666666666666660                    000000000000000000000000                                                                                                                        000000000000000000000000                                                                        
  99 abbbbbbbbba888888800000000000066666666666600000000666666666666666660                    000000000000000000000000                                                                                                                        000000000000000000000000                                                                        
 100 abbbbbbbbba888888800000000000066666666666600000000666666666666666660                    000000000000000000000000                                                                                                                        000000000000000000000000                                                                        
 101 abbbbbbbbba888888800000000000066666666666600000000006666666666666660                    000000000000000000000000                                                                                                                        000000000000000000000000                                                                        
 102 abbbbbbbbba888888800000000006666660066666000000000000666660000666660                    000000000000000000000000                                                                                                                        000000000000000000000000                                                                        
 103 abbbbbbbbba888888800000000666666660006600000000000000066660000000000                    000000000000000000000000                                                                                                                        000000000000000000000000                                                                        
 104 abbbbbbbbba888888800000000666666660000000000000000000006000000000000                    000000000000000000000000                                                                                                                        000000000000000000000000                                                                        
 105 aaaaabbbbba888888860000000666666660000000000000000000000000000000060                    000000000000000000000000                                                                                                                        000000000000000000000000                                                                        
 106 aaaaabbbbba888888806000060666666600000000000000000666600000000000060                    000000000000000000000000                                                                                                                        000000000000000000000000                                                                        
 107 aaaaabbbbba888888806000060066666600600000000000006666666000000000060                    000000000000000000000000                                                                                                                        000000000000000000000000                                                                        
 108 aaaaabbbbba888888806606666666666666600000000000006666666000000000660                    000000000000000000000000                                                                                                                        000000000000000000000000                                                                        
 109 aaaaabbbbba888888866666666666666666600000000000066006666600006666660                    000000000000000000000000                                                                                                                        000000000000000000000000                                                                        
 110 aaaaabbbbba888888806666666666666666660000000066666000066666666666660                    000000000000000000000000                                                                                                                        000000000000000000000000                                                                        
 111 aaaaabbbbba888888800000000000000000000000000000000000000000000000000                    000000000000000000000000                                                                                                                        000000000000000000000000                                                                        
 112                                                                                         066666666666666666666660000000000000000000000000000000000000000000000000000000000000000000000000000000000000000000000000000000000000000000000000066666000000000000000660                                                                        
 113                                                                                         066666666666666666666666600000000000066066000000000666606666660000666666600006000000066666666666666666666666666000000066660000066666666666666666666666600000000000000000                                                                        
 114                                                                                         066666666666666666666666660000000006066066660000000666666666666006666666666666666666666666666666666666666666666666600066600006666666666666666666666666660000000000000000                                                                        
 115                                                                                         066666666666666666666666660000000006066066660000000666666666666666666666666666666666666666666666666666666666666666660066000066666666666666666666666666666000000000000000                                                                        
 116                                                                                         066666666666666666666666660000000006666066660000000666666666666666666666666666666666666666666666666666666666666666666666600666666666666666666666666666660000000000000000                                                                        
 117                                                                                         066666666666666666666666660000000000666666600000000066666666666666666666666666666006006666666666666666666666666666666666666666666666666666666666666666660000000000000000                                                                        
 118                                                                                         066666666666666666666666660000000000066666000000000000666666666666000066666666660000000666666666666666666666666666666666666666666666666666666666666666660000000000000000                                                                        
 119                                                                                         066666666666666666666666660000060000066666000000000000066666666666000066666666600000000660006666666666666666666666666666666666666666666666666666666666666600000000000000                                                                        
 120                                                                                         066666666666666666666666666600060000006666000000000000006666666666606666666666660000000660000666666666666666666666666666666666666666666666666666666666666660000000000000                                                                        
 121                                                                                         066666666666688888888888888888888888006660000066000000000666666666666666666666666000000000000006600006666666666666666666666666666666666666666666666666666660000000000000                                                                        
 122                                                                                         066666666666688888888888888888888888000000000666000000000006666666666666666666666600000000000000000000066666666666666666666666666666666000000666666666666666666660000000                                                                        
 123                                                                                         066666666666688888888888888888888888660000000660000000000006666666666666666666666600000000000000000000000666666666606666666666666666660000000066666666666666666660000000                                                                        
 124                                                                                         066666666600088888888888888888888888000000000666666600000000666666666666666666666600000000000000000000060066666666606666666666666666660000000066666666666666666666000000                                                                        
 125                                                                                         066666666600088888888888888888888888000000000000666660000000066666666666666666666600000000000000000000066066666666666666666666666666600000000666666666666666666666600000                                                                        
 126                                                                                         066666666000088888888888888888888888000000000600666660000000006666666666666666666660000000000000000000066066666666666666666666666666600000000666666666666666666666660000                                                                        
 127                                                                                         066666666000088888888888888888888888000000006660666660000000006666666666666666666666666600000000000000066066600000666666666666666666600600000066666666666666666666666000                                                                        
 128                                                                                         066666666000088888888888888888888888000006606660666666000000006666666666666666666666666600000000000000060006600666000666666666666666600000000066666666666666666666666000                                                                        
 129                                                                                         066666666600088888888888888888888888000066666600000006000000066666666666666666666666666600000000000000000006606666000066666666666666600000000066666666666666666666600000                                                                        
 130                                                                                         066666666600088888888888888888888888006666666600000000000006666666666666666666666666666660000066600000000006606666000000006666000666600006000666666666666666666666606660                                                                        
 131                                                                                         066666666000088888888888888888888888066666666600000000000066606666666666666666666666666660000066606660000006006666000000000666000006000006000666666666666660066666666660                                                                        
 132                                                                                         066666666600688888888888888888888888066666666600000000000000066666666666666666666666666666000066666660000000000660000000000000000000000000006666666666666000000066666660                                                                        
 133                                                                                         066666666666688888888888888888888888666666666600000000000000000066666666666666666666666666000066606660000000000000000000000000000000000000066666666666666000000006666660                                                                        
 134                                                                                         066666666666688888888888888888888888666666666600000000000000000006666666666666666666666666000066666666000600000000000000000000000000000000066666666666666000000000666660                                                                        
 135                                                                                         000000000000088888888888888888888888000000000000000000000000000000000000000000000000000000000000000000000000000000000000000000000000000000000000000000000000000000000000                                                                        
 136                                                                                                     088888888888888888888888                                                                                                                                                                                                            
 137                                                                                                     088888888888888888888888                                                                                                                                                                                                            
 138                                                                                                     777777777777777777777777                                                                                                                                                                                                            
 139                                                                                                     777777777777777777777777                                                                                                                                                                                                            
 140                                                                                                     aaaaa77777777777777aaaaa                                                                                                                                                                                                            
 141                                                                                                     aaaaa7777bbbbbb7777aaaaa                                                                                                                                                                                                            
 142                                                                                                     aaaaa7777bbbbbb7777aaaaa                                                                                                                                                                                                            
 143                                                                                                     aaaaa7777bbbbbb7777aaaaa                                                                                                                                                                                                            
 144                                                                                                     aaaaa7777bbbbbb7777aaaaa                                                                                                                                                                                                            
 145                                                                                                     777777777bbbbbb777777777                                                                                                                                                                                                            
 146                                                                                                     777777777bbbbbb777777777                                                                                                                                                                                                            
 147                                                                                                     777777777777777777777777                                                                                                                                                                                                            
placed 12, declined 0
