## spawn-red -> red-0
ROUTE (-6, 118) -> (-66, 132) aim travel: 92 blocks, 7 placed, 2 drop(s), worst drop 6
  place            y   step
  (-6, 118)         24
  (-6, 117)         24
  (-6, 116)         24
  (-6, 115)         24
  (-6, 114)         24
  (-6, 113)         24
  (-7, 112)         24
  (-8, 111)         24
  (-9, 110)         24
  (-10, 109)        24
  (-11, 108)        24
  (-12, 107)        24
  (-13, 106)        24
  (-14, 105)        24
  (-15, 104)        24
  (-16, 103)        24
  (-17, 102)        24
  (-18, 101)        24
  (-19, 100)        24
  (-20, 99)         24
  (-21, 99)         24
  (-22, 99)         25
  (-23, 99)         24
  (-24, 99)         24
  (-25, 99)         24
  (-26, 99)         24
  (-27, 99)         24
  (-28, 99)         24
  (-29, 99)         24
  (-30, 99)         24
  (-31, 100)        24
  (-32, 100)        24
  (-33, 100)        24
  (-34, 100)        24
  (-35, 100)        24
  (-36, 100)        24
  (-37, 100)        24
  (-38, 100)        24
  (-39, 100)        24
  (-40, 100)        24
  (-41, 99)         24
  (-42, 99)         24
  (-43, 99)         24
  (-44, 99)         24
  (-45, 99)         24
  (-45, 100)        24
  (-45, 101)        24
  (-45, 102)        24
  (-45, 103)        24
  (-45, 104)        24
  (-45, 105)        24
  (-45, 106)        24
  (-45, 107)        24
  (-45, 108)        24
  (-45, 109)        24
  (-45, 110)        24
  (-45, 111)        24
  (-46, 112)        24
  (-47, 113)        24
  (-48, 114)        24
  (-49, 115)        28   wall +4
  (-50, 116)        28
  (-51, 117)        24   wall -4
  (-52, 118)        24
  (-53, 119)        24
  (-54, 120)        24
  (-55, 121)        24
  (-56, 122)        24
  (-57, 123)        24
  (-58, 124)        24
  (-59, 125)        24
  (-60, 126)        24
  (-61, 127)        29   barrier +5
  (-62, 128)        30
  (-63, 129)        24   drop -6
  (-64, 130)        24
  (-65, 131)        24
  (-66, 132)        24
rises 2, falls 2, worst step 6: wall +4 at (-49, 115); wall -4 at (-51, 117); barrier +5 at (-61, 127); drop -6 at (-63, 129)
beside: redstoneline 0 at (-61, 127) d0, spawn spawn at (-6, 113) d0, tree back-3 at (-38, 100) d0, wall 0 at (-50, 116) d0, wool wool-a at (-66, 132) d0

## spawn-red -> orange-0
ROUTE (-6, 118) -> (78, 120) aim travel: 108 blocks, 0 placed, 1 drop(s), worst drop 9
  place            y   step
  (-6, 118)         24
  (-6, 117)         24
  (-6, 116)         24
  (-6, 115)         24
  (-6, 114)         24
  (-6, 113)         24
  (-6, 112)         24
  (-6, 111)         24
  (-6, 110)         24
  (-6, 109)         24
  (-6, 108)         24
  (-5, 107)         24
  (-4, 106)         24
  (-3, 105)         24
  (-2, 104)         24
  (-1, 103)         24
  (0, 102)          24
  (1, 101)          24
  (2, 100)          24
  (3, 99)           24
  (4, 98)           24
  (5, 98)           24
  (6, 98)           24
  (7, 98)           24
  (8, 98)           24
  (9, 98)           24
  (10, 98)          24
  (11, 98)          24
  (12, 98)          24
  (13, 98)          24
  (14, 98)          24
  (15, 97)          24
  (16, 97)          24
  (17, 97)          24
  (18, 97)          24
  (19, 97)          24
  (20, 97)          24
  (21, 97)          24
  (22, 97)          24
  (23, 97)          24
  (24, 97)          24
  (25, 97)          24
  (26, 97)          24
  (27, 97)          24
  (28, 97)          24
  (29, 97)          24
  (30, 97)          24
  (31, 97)          24
  (32, 97)          24
  (33, 97)          24
  (34, 97)          24
  (35, 97)          24
  (36, 97)          24
  (37, 97)          24
  (38, 97)          24
  (39, 97)          24
  (40, 97)          24
  (41, 97)          24
  (42, 97)          24
  (43, 97)          24
  (44, 97)          24
  (45, 97)          24
  (46, 97)          25
  (47, 97)          25
  (48, 97)          25
  (49, 97)          24
  (50, 97)          24
  (51, 97)          25
  (52, 98)          25
  (53, 99)          24
  (54, 99)          25
  (55, 100)         16   drop -9
  (56, 100)         16
  (57, 100)         16
  (58, 101)         16
  (59, 102)         16
  (60, 103)         16
  (61, 104)         16
  (62, 105)         16
  (63, 106)         16
  (64, 107)         16
  (65, 108)         16
  (66, 109)         16
  (67, 110)         16
  (68, 111)         16
  (69, 112)         16
  (70, 113)         16
  (71, 114)         16
  (72, 115)         17
  (73, 116)         16
  (74, 116)         16
  (75, 117)         16
  (76, 118)         16
  (77, 119)         16
  (78, 120)         16
rises 0, falls 1, worst step 9: drop -9 at (55, 100)
beside: redstoneline 1 at (72, 115) d0, spawn spawn at (-6, 113) d0, tree back-1 at (9, 98) d0, tree back-2 at (24, 97) d0, wool wool-b at (73, 116) d0, tree fell-rim-north at (42, 96) d1, tree east-wood-5 at (62, 101) d2

## spawn-red -> blue-1
ROUTE (-6, 118) -> (66, -132) aim travel: 280 blocks, 39 placed, 4 drop(s), worst drop 6
  place            y   step
  (-6, 118)         24
  (-6, 117)         24
  (-6, 116)         24
  (-6, 115)         24
  (-6, 114)         24
  (-6, 113)         24
  (-6, 112)         24
  (-6, 111)         24
  (-6, 110)         24
  (-6, 109)         24
  (-6, 108)         24
  (-6, 107)         24
  (-6, 106)         24
  (-6, 105)         24
  (-6, 104)         24
  (-6, 103)         24
  (-6, 102)         24
  (-6, 101)         24
  (-6, 100)         24
  (-6, 99)          24
  (-6, 98)          24
  (-6, 97)          24
  (-6, 96)          24
  (-6, 95)          24
  (-6, 94)          24
  (-6, 93)          24
  (-6, 92)          24
  (-6, 91)          24
  (-6, 90)          24
  (-6, 89)          24
  (-6, 88)          24
  (-6, 87)          20   drop -4
  (-6, 86)          20
  (-6, 85)          20
  (-6, 84)          20
  (-6, 83)          20
  (-6, 82)          20
  (-6, 81)          20
  (-6, 80)          20
  (-6, 79)          20
  (-6, 78)          20
  (-6, 77)          20
  (-6, 76)          20
  (-6, 75)          20
  (-6, 74)          20
  (-6, 73)          20
  (-6, 72)          20
  (-6, 71)          20
  (-6, 70)          20
  (-5, 69)          20
  (-4, 68)          20
  (-3, 67)          20
  (-2, 66)          20
  (-1, 65)          20
  (0, 64)           20
  (1, 63)           20
  (2, 62)           20
  (3, 61)           20
  (4, 60)           20
  (5, 59)           20
  (6, 58)           20
  (7, 57)           20
  (8, 56)           20
  (9, 55)           20
  (10, 54)          20
  (11, 53)          20
  (12, 52)          20
  (13, 51)          16   drop -4
  (14, 50)          16
  (15, 49)          17
  (16, 48)          16
  (17, 47)          16
  (18, 46)          16
  (19, 45)          16
  (20, 44)          16
  (21, 43)          16
  (22, 42)          16
  (23, 41)          16
  (24, 40)          16
  (25, 39)          16
  (26, 38)          16
  (27, 37)          16
  (28, 36)          15
  (29, 35)          15
  (29, 34)          15
  (29, 33)          14
  (29, 32)          14
  (29, 31)          14
  (29, 30)          14
  (29, 29)          14
  (29, 28)          14
  (29, 27)          14
  (29, 26)          14
  (29, 25)          14
  (29, 24)          14
  (29, 23)          14
  (29, 22)          14
  (29, 21)          14
  (29, 20)          14
  (29, 19)          14
  (29, 18)          14
  (29, 17)          14
  (29, 16)          14
  (29, 15)          14
  (29, 14)          14
  (29, 13)          14
  (29, 12)          14
  (29, 11)          14
  (29, 10)          14
  (29, 9)           14
  (29, 8)           14
  (29, 7)           14
  (30, 6)           14
  (31, 5)           14
  (32, 4)           14
  (33, 3)           14
  (33, 2)           14
  (33, 1)           15
  (33, 0)           15
  (33, -1)          14
  (33, -2)          14
  (33, -3)          14
  (33, -4)          14
  (33, -5)          14
  (33, -6)          14
  (33, -7)          14
  (33, -8)          14
  (33, -9)          14
  (33, -10)         14
  (33, -11)         14
  (33, -12)         14
  (33, -13)         14
  (33, -14)         14
  (33, -15)         14
  (33, -16)         14
  (33, -17)         14
  (33, -18)         14
  (33, -19)         14
  (33, -20)         14
  (33, -21)         14
  (33, -22)         14
  (33, -23)         14
  (33, -24)         14
  (33, -25)         14
  (33, -26)         14
  (33, -27)         14
  (33, -28)         14
  (33, -29)         14
  (33, -30)         14
  (33, -31)         14
  (33, -32)         14
  (33, -33)         15
  (33, -34)         15
  (33, -35)         15
  (33, -36)         15
  (33, -37)         15
  (33, -38)         15
  (33, -39)         15
  (33, -40)         16
  (33, -41)         16
  (33, -42)         16
  (34, -43)         16
  (35, -44)         16
  (36, -45)         16
  (37, -46)         16
  (38, -47)         16
  (39, -48)         16
  (40, -49)         16
  (41, -50)         16
  (42, -51)         17
  (43, -52)         17
  (44, -53)         17
  (45, -54)         18
  (46, -55)         18
  (47, -56)         18
  (47, -57)         19
  (47, -58)         20
  (47, -59)         19
  (47, -60)         19
  (47, -61)         19
  (48, -62)         20
  (49, -63)         20
  (49, -64)         20
  (49, -65)         20
  (49, -66)         20
  (50, -67)         21
  (50, -68)         21
  (50, -69)         22
  (50, -70)         22
  (50, -71)         22
  (50, -72)         22
  (50, -73)         22
  (50, -74)         22
  (50, -75)         22
  (50, -76)         22
  (50, -77)         22
  (50, -78)         22
  (51, -79)         22
  (51, -80)         22
  (51, -81)         23
  (51, -82)         23
  (51, -83)         23
  (51, -84)         23
  (51, -85)         23
  (51, -86)         23
  (51, -87)         23
  (51, -88)         23
  (51, -89)         24
  (51, -90)         24
  (51, -91)         24
  (51, -92)         24
  (51, -93)         24
  (51, -94)         24
  (51, -95)         24
  (51, -96)         24
  (51, -97)         24
  (51, -98)         24
  (51, -99)         24
  (51, -100)        24
  (51, -101)        24
  (51, -102)        24
  (51, -103)        24
  (51, -104)        24
  (51, -105)        24
  (51, -106)        24
  (51, -107)        24
  (51, -108)        24
  (51, -109)        24
  (51, -110)        24
  (51, -111)        24
  (51, -112)        24
  (51, -113)        24
  (51, -114)        24
  (51, -115)        24
  (51, -116)        28   wall +4
  (51, -117)        28
  (52, -118)        24   wall -4
  (53, -119)        24
  (54, -120)        24
  (55, -121)        24
  (56, -122)        24
  (57, -123)        24
  (58, -124)        24
  (59, -125)        24
  (60, -126)        29   barrier +5
  (61, -127)        30
  (62, -128)        24   drop -6
  (63, -129)        24
  (64, -130)        24
  (65, -131)        24
  (66, -132)        24
rises 2, falls 4, worst step 6: drop -4 at (-6, 87); drop -4 at (13, 51); wall +4 at (51, -116); wall -4 at (52, -118); barrier +5 at (60, -126); drop -6 at (62, -128)
beside: house farm#1 at (48, -62) d0, redstoneline 0#1 at (60, -126) d0, spawn spawn at (-6, 113) d0, tree farm-yard#1 at (50, -78) d0, wall 0#1 at (51, -117) d0, wool wool-a#1 at (61, -127) d0, tree knoll-4#1 at (52, -97) d1, house green-se at (14, 54) d2, tree knoll-2#1 at (52, -73) d2

## spawn-red -> light_blue-1
ROUTE (-6, 118) -> (-78, -120) aim travel: 268 blocks, 36 placed, 3 drop(s), worst drop 9
  place            y   step
  (-6, 118)         24
  (-6, 117)         24
  (-6, 116)         24
  (-6, 115)         24
  (-6, 114)         24
  (-6, 113)         24
  (-6, 112)         24
  (-6, 111)         24
  (-6, 110)         24
  (-6, 109)         24
  (-6, 108)         24
  (-6, 107)         24
  (-6, 106)         24
  (-6, 105)         24
  (-6, 104)         24
  (-6, 103)         24
  (-6, 102)         24
  (-6, 101)         24
  (-6, 100)         24
  (-6, 99)          24
  (-6, 98)          24
  (-6, 97)          24
  (-6, 96)          24
  (-6, 95)          24
  (-6, 94)          24
  (-6, 93)          24
  (-6, 92)          24
  (-6, 91)          24
  (-6, 90)          24
  (-6, 89)          24
  (-6, 88)          24
  (-6, 87)          20   drop -4
  (-6, 86)          20
  (-6, 85)          20
  (-6, 84)          20
  (-6, 83)          20
  (-6, 82)          20
  (-6, 81)          20
  (-6, 80)          20
  (-6, 79)          20
  (-6, 78)          20
  (-6, 77)          20
  (-6, 76)          20
  (-6, 75)          20
  (-6, 74)          20
  (-6, 73)          20
  (-6, 72)          20
  (-6, 71)          20
  (-6, 70)          20
  (-6, 69)          20
  (-6, 68)          20
  (-6, 67)          20
  (-6, 66)          20
  (-6, 65)          20
  (-6, 64)          20
  (-6, 63)          20
  (-6, 62)          20
  (-6, 61)          20
  (-6, 60)          20
  (-6, 59)          20
  (-7, 58)          20
  (-8, 57)          20
  (-9, 56)          20
  (-10, 55)         20
  (-11, 54)         20
  (-12, 53)         20
  (-13, 52)         20
  (-14, 51)         16   drop -4
  (-15, 50)         16
  (-16, 49)         17
  (-17, 48)         16
  (-18, 47)         16
  (-19, 46)         16
  (-20, 45)         16
  (-21, 44)         16
  (-22, 43)         16
  (-23, 42)         16
  (-24, 41)         17
  (-25, 40)         16
  (-26, 39)         16
  (-27, 38)         15
  (-28, 37)         15
  (-29, 36)         15
  (-30, 35)         15
  (-30, 34)         14
  (-30, 33)         14
  (-30, 32)         14
  (-30, 31)         14
  (-30, 30)         14
  (-30, 29)         14
  (-30, 28)         14
  (-30, 27)         14
  (-30, 26)         14
  (-30, 25)         14
  (-30, 24)         14
  (-30, 23)         14
  (-30, 22)         15
  (-30, 21)         15
  (-30, 20)         15
  (-30, 19)         15
  (-30, 18)         15
  (-30, 17)         15
  (-30, 16)         15
  (-30, 15)         15
  (-30, 14)         15
  (-30, 13)         15
  (-30, 12)         15
  (-30, 11)         15
  (-30, 10)         15
  (-30, 9)          14
  (-30, 8)          14
  (-31, 7)          14
  (-32, 6)          14
  (-33, 5)          14
  (-34, 4)          14
  (-35, 3)          14
  (-35, 2)          14
  (-35, 1)          14
  (-35, 0)          14
  (-35, -1)         15
  (-35, -2)         15
  (-35, -3)         15
  (-35, -4)         14
  (-35, -5)         14
  (-35, -6)         14
  (-35, -7)         14
  (-35, -8)         14
  (-35, -9)         14
  (-35, -10)        14
  (-35, -11)        14
  (-35, -12)        14
  (-35, -13)        14
  (-35, -14)        14
  (-35, -15)        14
  (-35, -16)        14
  (-35, -17)        14
  (-35, -18)        14
  (-35, -19)        14
  (-35, -20)        14
  (-35, -21)        14
  (-35, -22)        14
  (-35, -23)        14
  (-35, -24)        14
  (-35, -25)        14
  (-35, -26)        14
  (-35, -27)        14
  (-35, -28)        14
  (-35, -29)        14
  (-35, -30)        14
  (-35, -31)        14
  (-35, -32)        14
  (-35, -33)        14
  (-35, -34)        14
  (-35, -35)        15
  (-35, -36)        15
  (-35, -37)        15
  (-35, -38)        16
  (-35, -39)        16
  (-35, -40)        16
  (-35, -41)        16
  (-35, -42)        16
  (-36, -43)        16
  (-37, -44)        16
  (-38, -45)        16
  (-39, -46)        16
  (-40, -47)        16
  (-41, -48)        16
  (-42, -49)        16
  (-43, -50)        16
  (-44, -51)        16
  (-44, -52)        16
  (-45, -53)        16
  (-45, -54)        16
  (-46, -55)        16
  (-46, -56)        16
  (-46, -57)        16
  (-46, -58)        16
  (-46, -59)        16
  (-46, -60)        16
  (-46, -61)        16
  (-46, -62)        16
  (-47, -63)        16
  (-48, -64)        16
  (-48, -65)        16
  (-48, -66)        16
  (-48, -67)        16
  (-48, -68)        16
  (-48, -69)        16
  (-48, -70)        16
  (-48, -71)        16
  (-48, -72)        16
  (-48, -73)        16
  (-49, -74)        16
  (-49, -75)        16
  (-50, -76)        16
  (-51, -77)        16
  (-51, -78)        16
  (-51, -79)        16
  (-51, -80)        16
  (-52, -81)        16
  (-52, -82)        16
  (-52, -83)        16
  (-53, -84)        16
  (-54, -85)        16
  (-55, -86)        16
  (-55, -87)        16
  (-55, -88)        16
  (-55, -89)        16
  (-55, -90)        16
  (-55, -91)        16
  (-55, -92)        16
  (-56, -93)        16
  (-56, -94)        16
  (-56, -95)        16
  (-57, -96)        16
  (-57, -97)        16
  (-57, -98)        16
  (-57, -99)        16
  (-58, -100)       16
  (-59, -101)       16
  (-60, -102)       16
  (-61, -103)       16
  (-62, -104)       16
  (-63, -105)       16
  (-64, -106)       16
  (-65, -107)       16
  (-66, -108)       16
  (-67, -109)       16
  (-68, -110)       16
  (-69, -111)       16
  (-70, -112)       16
  (-71, -113)       16
  (-72, -114)       16
  (-73, -115)       21   barrier +5
  (-74, -116)       22
  (-75, -117)       23
  (-76, -118)       24
  (-77, -119)       25
  (-78, -120)       16   drop -9
rises 1, falls 3, worst step 9: drop -4 at (-6, 87); drop -4 at (-14, 51); barrier +5 at (-73, -115); drop -9 at (-78, -120)
beside: redstoneline 1#1 at (-73, -115) d0, spawn spawn at (-6, 113) d0, tree fell-rim-south#1 at (-48, -65) d0, wool wool-b#1 at (-78, -120) d0, tree fell-west-rim#1 at (-49, -77) d1, house green-sw at (-15, 54) d2, tree cottage-oak#1 at (-50, -62) d2, tree east-wood-5#1 at (-66, -104) d2

## spawn-blue -> red-0
ROUTE (6, -118) -> (-66, 132) aim travel: 280 blocks, 39 placed, 4 drop(s), worst drop 6
  place            y   step
  (6, -118)         24
  (6, -117)         24
  (6, -116)         24
  (6, -115)         24
  (6, -114)         24
  (6, -113)         24
  (6, -112)         24
  (6, -111)         24
  (6, -110)         24
  (6, -109)         24
  (6, -108)         24
  (6, -107)         24
  (6, -106)         24
  (6, -105)         24
  (6, -104)         24
  (6, -103)         24
  (6, -102)         24
  (6, -101)         24
  (6, -100)         24
  (6, -99)          24
  (6, -98)          24
  (6, -97)          24
  (6, -96)          24
  (6, -95)          24
  (6, -94)          24
  (6, -93)          24
  (6, -92)          24
  (6, -91)          24
  (6, -90)          24
  (6, -89)          24
  (6, -88)          20   drop -4
  (6, -87)          20
  (6, -86)          20
  (6, -85)          20
  (6, -84)          20
  (6, -83)          20
  (6, -82)          20
  (6, -81)          20
  (6, -80)          20
  (6, -79)          20
  (6, -78)          20
  (6, -77)          20
  (6, -76)          20
  (6, -75)          20
  (6, -74)          20
  (6, -73)          20
  (6, -72)          20
  (5, -71)          20
  (4, -70)          20
  (3, -69)          20
  (2, -68)          20
  (1, -67)          20
  (0, -66)          20
  (-1, -65)         20
  (-2, -64)         20
  (-3, -63)         20
  (-4, -62)         20
  (-5, -61)         20
  (-6, -60)         20
  (-7, -59)         20
  (-8, -58)         20
  (-9, -57)         20
  (-10, -56)        20
  (-11, -55)        20
  (-12, -54)        20
  (-13, -53)        20
  (-14, -52)        16   drop -4
  (-15, -51)        16
  (-16, -50)        17
  (-17, -49)        16
  (-18, -48)        16
  (-19, -47)        16
  (-20, -46)        16
  (-21, -45)        16
  (-22, -44)        16
  (-23, -43)        16
  (-24, -42)        16
  (-25, -41)        16
  (-26, -40)        16
  (-27, -39)        16
  (-28, -38)        16
  (-29, -37)        15
  (-30, -36)        15
  (-30, -35)        15
  (-30, -34)        14
  (-30, -33)        14
  (-30, -32)        14
  (-30, -31)        14
  (-30, -30)        14
  (-30, -29)        14
  (-30, -28)        14
  (-30, -27)        14
  (-30, -26)        14
  (-30, -25)        14
  (-30, -24)        14
  (-30, -23)        14
  (-30, -22)        14
  (-30, -21)        14
  (-30, -20)        14
  (-30, -19)        14
  (-30, -18)        14
  (-30, -17)        14
  (-30, -16)        14
  (-30, -15)        14
  (-30, -14)        14
  (-30, -13)        14
  (-30, -12)        14
  (-30, -11)        14
  (-30, -10)        14
  (-30, -9)         14
  (-31, -8)         14
  (-32, -7)         14
  (-33, -6)         14
  (-34, -5)         14
  (-35, -4)         14
  (-35, -3)         15
  (-35, -2)         15
  (-35, -1)         15
  (-35, 0)          14
  (-35, 1)          14
  (-35, 2)          14
  (-35, 3)          14
  (-35, 4)          14
  (-35, 5)          14
  (-35, 6)          14
  (-35, 7)          14
  (-35, 8)          14
  (-35, 9)          14
  (-35, 10)         14
  (-35, 11)         14
  (-35, 12)         14
  (-35, 13)         14
  (-35, 14)         14
  (-35, 15)         14
  (-35, 16)         14
  (-35, 17)         14
  (-35, 18)         14
  (-35, 19)         14
  (-35, 20)         14
  (-35, 21)         14
  (-35, 22)         14
  (-35, 23)         14
  (-35, 24)         14
  (-35, 25)         14
  (-35, 26)         14
  (-35, 27)         14
  (-35, 28)         14
  (-35, 29)         14
  (-35, 30)         14
  (-35, 31)         14
  (-35, 32)         15
  (-35, 33)         14
  (-35, 34)         14
  (-35, 35)         14
  (-35, 36)         15
  (-35, 37)         15
  (-35, 38)         15
  (-35, 39)         16
  (-35, 40)         16
  (-35, 41)         16
  (-36, 42)         16
  (-37, 43)         16
  (-38, 44)         16
  (-39, 45)         16
  (-40, 46)         16
  (-41, 47)         16
  (-42, 48)         16
  (-43, 49)         16
  (-44, 50)         17
  (-45, 51)         17
  (-46, 52)         17
  (-47, 53)         18
  (-48, 54)         18
  (-48, 55)         18
  (-48, 56)         19
  (-48, 57)         20
  (-48, 58)         19
  (-48, 59)         19
  (-48, 60)         19
  (-49, 61)         20
  (-50, 62)         20
  (-50, 63)         20
  (-50, 64)         20
  (-50, 65)         20
  (-51, 66)         21
  (-51, 67)         21
  (-51, 68)         22
  (-51, 69)         22
  (-51, 70)         22
  (-51, 71)         22
  (-51, 72)         22
  (-51, 73)         22
  (-51, 74)         22
  (-51, 75)         22
  (-51, 76)         22
  (-51, 77)         22
  (-52, 78)         22
  (-52, 79)         22
  (-52, 80)         23
  (-52, 81)         23
  (-52, 82)         23
  (-52, 83)         23
  (-52, 84)         23
  (-52, 85)         23
  (-52, 86)         23
  (-52, 87)         23
  (-52, 88)         24
  (-52, 89)         24
  (-52, 90)         24
  (-52, 91)         24
  (-52, 92)         24
  (-52, 93)         24
  (-52, 94)         24
  (-52, 95)         24
  (-52, 96)         24
  (-52, 97)         24
  (-52, 98)         24
  (-52, 99)         24
  (-52, 100)        24
  (-52, 101)        24
  (-52, 102)        24
  (-52, 103)        24
  (-52, 104)        24
  (-52, 105)        24
  (-52, 106)        24
  (-52, 107)        24
  (-52, 108)        24
  (-52, 109)        24
  (-52, 110)        24
  (-52, 111)        24
  (-52, 112)        24
  (-52, 113)        24
  (-52, 114)        24
  (-52, 115)        28   wall +4
  (-52, 116)        28
  (-52, 117)        24   wall -4
  (-52, 118)        24
  (-53, 119)        24
  (-54, 120)        24
  (-55, 121)        24
  (-56, 122)        24
  (-57, 123)        24
  (-58, 124)        24
  (-59, 125)        24
  (-60, 126)        24
  (-61, 127)        29   barrier +5
  (-62, 128)        30
  (-63, 129)        24   drop -6
  (-64, 130)        24
  (-65, 131)        24
  (-66, 132)        24
rises 2, falls 4, worst step 6: drop -4 at (6, -88); drop -4 at (-14, -52); wall +4 at (-52, 115); wall -4 at (-52, 117); barrier +5 at (-61, 127); drop -6 at (-63, 129)
beside: house farm at (-50, 62) d0, redstoneline 0 at (-61, 127) d0, spawn spawn#1 at (6, -118) d0, tree farm-yard at (-52, 78) d0, wall 0 at (-52, 115) d0, wool wool-a at (-66, 132) d0, tree knoll-4 at (-53, 96) d1, house green-se#1 at (-15, -55) d2, tree knoll-2 at (-54, 76) d2

## spawn-blue -> orange-0
ROUTE (6, -118) -> (78, 120) aim travel: 268 blocks, 36 placed, 3 drop(s), worst drop 8
  place            y   step
  (6, -118)         24
  (6, -117)         24
  (6, -116)         24
  (6, -115)         24
  (6, -114)         24
  (6, -113)         24
  (6, -112)         24
  (6, -111)         24
  (6, -110)         24
  (6, -109)         24
  (6, -108)         24
  (6, -107)         24
  (6, -106)         24
  (6, -105)         24
  (6, -104)         24
  (6, -103)         24
  (6, -102)         24
  (6, -101)         24
  (6, -100)         24
  (6, -99)          24
  (6, -98)          24
  (6, -97)          24
  (6, -96)          24
  (6, -95)          24
  (6, -94)          24
  (6, -93)          24
  (6, -92)          24
  (6, -91)          24
  (6, -90)          24
  (6, -89)          24
  (6, -88)          20   drop -4
  (6, -87)          20
  (6, -86)          20
  (6, -85)          20
  (6, -84)          20
  (6, -83)          20
  (6, -82)          20
  (6, -81)          20
  (6, -80)          20
  (6, -79)          20
  (6, -78)          20
  (6, -77)          20
  (6, -76)          20
  (6, -75)          20
  (6, -74)          20
  (6, -73)          20
  (6, -72)          20
  (6, -71)          20
  (6, -70)          20
  (6, -69)          20
  (6, -68)          20
  (6, -67)          20
  (6, -66)          21
  (6, -65)          21
  (6, -64)          20
  (6, -63)          20
  (6, -62)          20
  (6, -61)          20
  (6, -60)          20
  (6, -59)          20
  (7, -58)          20
  (8, -57)          20
  (9, -56)          20
  (10, -55)         20
  (11, -54)         20
  (12, -53)         20
  (13, -52)         16   drop -4
  (14, -51)         16
  (15, -50)         17
  (16, -49)         16
  (17, -48)         16
  (18, -47)         16
  (19, -46)         16
  (20, -45)         16
  (21, -44)         16
  (22, -43)         16
  (23, -42)         17
  (24, -41)         16
  (25, -40)         16
  (26, -39)         15
  (27, -38)         15
  (28, -37)         15
  (29, -36)         15
  (29, -35)         14
  (29, -34)         14
  (29, -33)         14
  (29, -32)         14
  (29, -31)         14
  (29, -30)         14
  (29, -29)         14
  (29, -28)         14
  (29, -27)         14
  (29, -26)         14
  (29, -25)         14
  (29, -24)         14
  (29, -23)         15
  (29, -22)         15
  (29, -21)         15
  (29, -20)         15
  (29, -19)         15
  (29, -18)         15
  (29, -17)         15
  (29, -16)         15
  (29, -15)         15
  (29, -14)         15
  (29, -13)         15
  (29, -12)         15
  (29, -11)         15
  (29, -10)         14
  (29, -9)          14
  (29, -8)          14
  (30, -7)          14
  (31, -6)          14
  (32, -5)          14
  (33, -4)          14
  (33, -3)          14
  (33, -2)          14
  (33, -1)          14
  (33, 0)           15
  (33, 1)           15
  (33, 2)           14
  (33, 3)           14
  (33, 4)           14
  (33, 5)           14
  (33, 6)           14
  (33, 7)           14
  (33, 8)           14
  (33, 9)           14
  (33, 10)          14
  (33, 11)          14
  (33, 12)          14
  (33, 13)          14
  (33, 14)          14
  (33, 15)          14
  (33, 16)          14
  (33, 17)          14
  (33, 18)          14
  (33, 19)          14
  (33, 20)          14
  (33, 21)          14
  (33, 22)          14
  (33, 23)          14
  (33, 24)          14
  (33, 25)          14
  (33, 26)          14
  (33, 27)          14
  (33, 28)          14
  (33, 29)          14
  (33, 30)          14
  (33, 31)          14
  (33, 32)          14
  (33, 33)          14
  (33, 34)          15
  (33, 35)          15
  (33, 36)          15
  (33, 37)          16
  (33, 38)          16
  (33, 39)          16
  (33, 40)          16
  (34, 41)          16
  (35, 42)          16
  (36, 43)          16
  (37, 44)          16
  (38, 45)          16
  (39, 46)          16
  (40, 47)          16
  (41, 48)          16
  (42, 49)          16
  (43, 50)          16
  (43, 51)          16
  (44, 52)          16
  (44, 53)          16
  (44, 54)          16
  (45, 55)          16
  (45, 56)          16
  (45, 57)          16
  (45, 58)          16
  (45, 59)          16
  (45, 60)          16
  (45, 61)          16
  (46, 62)          16
  (47, 63)          16
  (47, 64)          16
  (47, 65)          16
  (47, 66)          16
  (47, 67)          16
  (47, 68)          16
  (47, 69)          16
  (47, 70)          16
  (47, 71)          16
  (47, 72)          16
  (48, 73)          16
  (48, 74)          16
  (49, 75)          16
  (50, 76)          16
  (50, 77)          16
  (50, 78)          16
  (50, 79)          16
  (51, 80)          16
  (51, 81)          16
  (51, 82)          16
  (52, 83)          16
  (53, 84)          16
  (54, 85)          16
  (54, 86)          16
  (54, 87)          16
  (54, 88)          16
  (54, 89)          16
  (54, 90)          16
  (54, 91)          16
  (55, 92)          16
  (55, 93)          16
  (55, 94)          16
  (56, 95)          16
  (56, 96)          16
  (56, 97)          16
  (56, 98)          16
  (57, 99)          16
  (58, 100)         16
  (59, 101)         16
  (60, 102)         16
  (61, 103)         16
  (62, 104)         16
  (63, 105)         16
  (64, 106)         16
  (65, 107)         16
  (66, 108)         16
  (67, 109)         16
  (68, 110)         16
  (69, 111)         16
  (70, 112)         16
  (71, 113)         16
  (72, 114)         21   barrier +5
  (73, 115)         22
  (74, 116)         23
  (75, 117)         24
  (76, 118)         16   drop -8
  (77, 119)         16
  (78, 120)         16
rises 1, falls 3, worst step 8: drop -4 at (6, -88); drop -4 at (13, -52); barrier +5 at (72, 114); drop -8 at (76, 118)
beside: redstoneline 1 at (72, 114) d0, spawn spawn#1 at (6, -118) d0, tree fell-rim-south at (45, 57) d0, wool wool-b at (73, 115) d0, tree fell-west-rim at (46, 72) d1, house green-sw#1 at (14, -55) d2, tree cottage-oak at (49, 61) d2, tree east-wood-5 at (61, 99) d2

## spawn-blue -> blue-1
ROUTE (6, -118) -> (66, -132) aim travel: 90 blocks, 7 placed, 2 drop(s), worst drop 9
  place            y   step
  (6, -118)         24
  (6, -117)         24
  (6, -116)         24
  (6, -115)         24
  (6, -114)         24
  (6, -113)         24
  (7, -112)         24
  (8, -111)         24
  (9, -110)         24
  (10, -109)        24
  (11, -108)        24
  (12, -107)        24
  (13, -106)        24
  (14, -105)        24
  (15, -104)        24
  (16, -103)        24
  (17, -102)        24
  (18, -101)        24
  (19, -100)        24
  (20, -100)        24
  (21, -100)        25
  (22, -100)        24
  (23, -100)        24
  (24, -100)        24
  (25, -100)        24
  (26, -100)        24
  (27, -100)        24
  (28, -100)        24
  (29, -100)        24
  (30, -101)        24
  (31, -101)        24
  (32, -101)        24
  (33, -101)        24
  (34, -101)        24
  (35, -101)        24
  (36, -101)        24
  (37, -101)        24
  (38, -101)        24
  (39, -101)        24
  (40, -100)        24
  (41, -100)        24
  (42, -100)        24
  (43, -100)        24
  (44, -100)        24
  (44, -101)        24
  (44, -102)        24
  (44, -103)        24
  (44, -104)        24
  (44, -105)        24
  (44, -106)        24
  (44, -107)        24
  (44, -108)        24
  (44, -109)        24
  (44, -110)        24
  (45, -111)        24
  (46, -112)        24
  (47, -113)        24
  (48, -114)        24
  (49, -115)        24
  (50, -116)        28   wall +4
  (51, -117)        28
  (52, -118)        24   wall -4
  (53, -119)        24
  (54, -120)        24
  (55, -121)        24
  (56, -122)        24
  (57, -123)        24
  (58, -124)        24
  (59, -125)        24
  (60, -126)        29   barrier +5
  (61, -127)        30
  (62, -128)        31
  (63, -129)        32
  (64, -130)        33
  (65, -131)        24   drop -9
  (66, -132)        24
rises 2, falls 2, worst step 9: wall +4 at (50, -116); wall -4 at (52, -118); barrier +5 at (60, -126); drop -9 at (65, -131)
beside: redstoneline 0#1 at (60, -126) d0, spawn spawn#1 at (6, -118) d0, tree back-3#1 at (25, -100) d0, wall 0#1 at (50, -116) d0, wool wool-a#1 at (61, -127) d0

## spawn-blue -> light_blue-1
ROUTE (6, -118) -> (-78, -120) aim travel: 106 blocks, 0 placed, 1 drop(s), worst drop 9
  place            y   step
  (6, -118)         24
  (6, -117)         24
  (6, -116)         24
  (6, -115)         24
  (6, -114)         24
  (6, -113)         24
  (6, -112)         24
  (6, -111)         24
  (6, -110)         24
  (5, -109)         24
  (4, -108)         24
  (3, -107)         24
  (2, -106)         24
  (1, -105)         24
  (0, -104)         24
  (-1, -103)        24
  (-2, -102)        24
  (-3, -101)        24
  (-4, -100)        24
  (-5, -99)         24
  (-6, -99)         24
  (-7, -99)         24
  (-8, -99)         24
  (-9, -99)         24
  (-10, -99)        24
  (-11, -99)        24
  (-12, -99)        24
  (-13, -99)        24
  (-14, -99)        24
  (-15, -99)        24
  (-16, -98)        24
  (-17, -98)        24
  (-18, -98)        24
  (-19, -98)        24
  (-20, -98)        24
  (-21, -98)        24
  (-22, -98)        24
  (-23, -98)        24
  (-24, -98)        24
  (-25, -98)        24
  (-26, -98)        24
  (-27, -98)        24
  (-28, -98)        24
  (-29, -98)        24
  (-30, -98)        24
  (-31, -98)        24
  (-32, -98)        24
  (-33, -98)        24
  (-34, -98)        24
  (-35, -98)        24
  (-36, -98)        24
  (-37, -98)        24
  (-38, -98)        24
  (-39, -98)        24
  (-40, -98)        24
  (-41, -98)        24
  (-42, -98)        24
  (-43, -98)        24
  (-44, -98)        24
  (-45, -98)        24
  (-46, -98)        24
  (-47, -98)        25
  (-48, -98)        25
  (-49, -98)        25
  (-50, -98)        24
  (-51, -98)        24
  (-52, -98)        25
  (-53, -99)        25
  (-54, -100)       24
  (-55, -100)       25
  (-56, -101)       16   drop -9
  (-57, -101)       16
  (-58, -101)       16
  (-59, -102)       16
  (-60, -103)       16
  (-61, -104)       16
  (-62, -105)       16
  (-63, -106)       16
  (-64, -107)       16
  (-65, -108)       16
  (-66, -109)       16
  (-67, -110)       16
  (-68, -111)       16
  (-69, -112)       16
  (-70, -113)       16
  (-71, -114)       16
  (-72, -115)       16
  (-73, -116)       17
  (-74, -117)       16
  (-75, -117)       16
  (-76, -118)       16
  (-77, -119)       16
  (-78, -120)       16
rises 0, falls 1, worst step 9: drop -9 at (-56, -101)
beside: redstoneline 1#1 at (-73, -116) d0, spawn spawn#1 at (6, -118) d0, tree back-1#1 at (-23, -98) d0, tree back-2#1 at (-37, -98) d0, wool wool-b#1 at (-78, -120) d0, tree fell-rim-north#1 at (-43, -97) d1, tree east-wood-5#1 at (-64, -103) d2
