CLAIMS  1 char = 1 block  x -68..67 across, z -164..163 down
KEY  0 free  1 water  2 paving  3 structure  4 tree  5 boulder  6 flora  7 spawn keep-out  8 door approach  9 goal clearance  a wool-room keep-out  b structure keep-out  space void
            -6        -5        -4        -3        -2        -1         0         1         2         3         4         5         6       
     8765432109876543210987654321098765432109876543210987654321098765432101234567890123456789012345678901234567890123456789012345678901234567
-164                                                                 aaaaaaaaaaaaaaaa                                                        
-163                                                                 aaaaabbbbbbaaaaa                                                        
-162                                                                 aaaaabbbbbbaaaaa                                                        
-161                                                                 aaaaabbbbbbaaaaa                                                        
-160                                                                 aaaaabbbbbbaaaaa                                                        
-159                                                                 bbbbbbbbbbbbbbbb                                                        
-158                                                                 bbbbbbbbbbbbbbbb                                                        
-157                                                                 bbbbbbbbbbbbbbbb                                                        
-156                                                 00000000000000bbbbbbbbbbbbbbbbbbbba0000000000000                                        
-155                                                 06666666666666bbbbbbbbbbbbbbbbbbbba0000000666660                                        
-154                                                 06666666666666aaaaaaaaaaaaaaaaaaaaa0000000006660                                        
-153                                                 066666666666666668888888888888880000000000066660                                        
-152                                                 066666666666666668888888888888880000000000066660                                        
-151                                                 066666666666666668888888888888880000000000066660                                        
-150                                                 066666666666666668888888888888880000000000066660                                        
-149                                                 066666666666666668888888888888880000000000066660                                        
-148                                                 066666666666666668888888888888886660000000066660                                        
-147                                                 066666666666666668888888888888886600000000006600                                        
-146                                                 066666666666666666666666666666666600000000000000                                        
-145                                                 066666666666666666666666666666666600000000000000                                        
-144                                                 066666666666666666666666666666666600000000000000                                        
-143                                                 066666666666666666666666666666666600000000000000                                        
-142                                                 066666666666606660666666666666666600000000000000                                        
-141                                                 066666666666666000000000000000000600000000000000                                        
-140                                                 0000000000000000                0000000000000000                                        
-139                                                 0000000000000000                0000000000000000                                        
-138                                                 0000000000000000                0000000000000000                                        
-137                                                 0000000000000000                0000000000000000                                        
-136                                                 0000000000000000                0000000000000000                                        
-135                                                 0000000000000000                0000000000000000                                        
-134                                                 0000000000000000                0000000000000000                                        
-133                                                 0000000000000000                0000000000000000                                        
-132                                                 0000000000000000                0000000000000000                                        
-131                                                 0000000000000000                0000000000000000                                        
-130                                                 0000000000000000                0000000000000000                                        
-129                                                 0000000000000000                0000000000000000                                        
-128                                                 0000000000000000                0000000000000000                                        
-127                                                 0000000000000000                0000000000000000                                        
-126                                                 0000000000000000                0000000000000000                                        
-125                                                 0000000000000000                0000000000000000                                        
-124 aaaaabbbbba00000000000000000000000000000000000000666666666666660000000000000000000600000000666600000                                    
-123 aaaaabbbbba88888880066660060000000000066666666666666666666666666666666666666660006000000000666666660                                    
-122 aaaaabbbbba88888880000666660000000000006666666666666666666666666666666666666600006600000006666666660                                    
-121 aaaaabbbbba88888880000006660000000000000666666660666666666666666666666666666600006660006666666666660                                    
-120 aaaaabbbbba88888880000006600000066006000666666600066006666666666666666666666600606666666666666666660                                    
-119 abbbbbbbbba88888880000000000000666666000666666000066006666666660666666666666600606666666666666666660                                    
-118 abbbbbbbbba88888880000000000666666666000000666000006600000000000000666666666600606666666666666666660                                    
-117 abbbbbbbbba88888880000000000666666666660006666600000000000000000000666666666600606666666666666666660                                    
-116 abbbbbbbbba88888880000000000666666666600006666600000000000000000000666660666600606666666666666666660                                    
-115 abbbbbbbbba88888880000000000666666666600006666600000000000000000000066660666600606666666666666666660                                    
-114 abbbbbbbbba88888880000000006666666666000000666000000006006660000000000000666600606606666666666666660                                    
-113 aaaaabbbbba88888880000000000666000006000000666006660066666666666600000000666600606606666666666666660                                    
-112 aaaaabbbbba88888880000000000600000000000000000066666066666666666600000000066600606600666666666600000                                    
-111 aaaaabbbbba88888880060000000000000000000000000000000066666666666600000000066606606606666666666600000                                    
-110 aaaaabbbbba88888880066000000000000000000000000000000066666666666600000000066600666006666666666666000                                    
-109 aaaaabbbbba88888880006000000000000000000000000000000066666666666000000000000000000000666666666666600                                    
-108                     0000000066666660                0000000000000000                0000000000000000                                    
-107                     0000000006666660                0000000000000000                0000000000000000                                    
-106                     0000000006666660                0000000000000000                0000000000000000                                    
-105                     0000000006666660                0000000000000000                0000000000000000                                    
-104                     0000000006666660                0000000000000000                0000000000000000                                    
-103                     0000000006666660                0000000000000000                0000000000000000                                    
-102                     0000000006666660                0000000000000000                0000000000000000                                    
-101                     0000600006666660                0000000000000000                0000000000000000                                    
-100                     0666660006666660                0000000000000000                0000000000000000                                    
 -99                     0666666066666660                0000000000000000                0000000000000000                                    
 -98                     0666666666666660                0000000000000000                0000000000000000                                    
 -97                     0000666666666660                0000000000000000                0000000000000000                                    
 -96                     0000666666666660                0000000000000000                0000000000000000                                    
 -95                     0006666666666660                0000000000000000                0000000000000000                                    
 -94                     0006666666666660                0000000000000000                0000000000000000                                    
 -93                     0006666666666660                0000000000000000                0000000000000000                                    
 -92         aaaaaaaa77700066066666666660                0000000000000000                0000000000000000                                    
 -91         aaaaaaaa77788888888888888888                0000000000000000                0000000000000000                                    
 -90         aaaaaaaa77788888888888888888                0000000000000000                0000000000000000                                    
 -89         aaaaaaaa77788888888888888888                0000000000000000                0000000000000000                                    
 -88         aaaaaaaa77788888888888888888                00066666666000000000000000000000060000000006666000000000000000000000000000bbbbbaaaaa
 -87         7bbbbbb777788888888888888888                00000000000000000600000000000006666600000006666666666666666666666008888888bbbbbaaaaa
 -86         7bbbbbb777788888888888888888                06000000000000006600000000000066666666660066666666666666066666666608888888bbbbbaaaaa
 -85         7bbbbbb777788888888888888888                06600000000000066666600000000066666666666666666666666600000666666668888888bbbbbaaaaa
 -84         7bbbbbb777788888888888888888                06000000000006666666660000000066666666666666666606666000000666660668888888bbbbbaaaaa
 -83         7bbbbbb777788888888888888888                06600000006600006666600000000066666666666666666600600000000000000068888888bbbbbbbbba
 -82         7bbbbbb777788888888888888888                06600000000006666666600000006666666666666666666666000000000000000068888888bbbbbbbbba
 -81         777aaaaa77788888888888888888                06600060000000666666000000000666666666666666666666000000000000000068888888bbbbbbbbba
 -80         777aaaaa77788888888888888888                06000066660000066666600000000066666666666666666660000000000000000068888888bbbbbbbbba
 -79         777aaaaa77788888888888888888                06600066660000066660000000000666666666666666066660000000000000000068888888bbbbbbbbba
 -78         777aaaaa77788888888888888888                06600006660666666600000000000666666666666660006666000000000000000668888888bbbbbbbbba
 -77         777aaaaa77788888888888888888                06660666666666666660000060000066666666666600006666000000000060006668888888bbbbbaaaaa
 -76                     0666666666000000                06666666666666666660000666000000000666666000000666000000006666066668888888bbbbbaaaaa
 -75                     0666666666666000                06666666666666666660000666000000000666660000000666000000666666666668888888bbbbbaaaaa
 -74                     0666666666666600                06666666666666666600000666600000006666600000000060000006666666666668888888bbbbbaaaaa
 -73                     0000000000000000                06666666666666660000006666666600006666600000000000000000000000000008888888bbbbbaaaaa
 -72                                         00000000000006660000000060066666666600000006666006666660                                        
 -71                                         06666666666666660000000000006066666600000066666666666660                                        
 -70                                         06666666666666660000000000000006666606666666666666666660                                        
 -69                                         06666666666666600000000000000066666666666666666666666660                                        
 -68                                         06666666666666600000000000000666666666666666066666666660                                        
 -67                                         06666666666666000000000000006666666666666666666666666660                                        
 -66                                         06600666666666000000000000006666666666666666666606666660                                        
 -65                                         00000000006666000000000000006666666666666660006006666660                                        
 -64                                         00000000000666600000000000000066666666666660000006066660                                        
 -63                                         00000000000666600000000000066006666666666660000006666660                                        
 -62                                         00000000000000600000000000066006666666666660000066666660                                        
 -61                                         00006000000000000000000000000000666666666660000066666660                                        
 -60                                         00666600066600000000000000000000066666666600000666666660                                        
 -59                                         06666600000000000000000000000000666666666600000066666660                                        
 -58                                         06666000000000000000000000600006666666666660000066066660                                        
 -57                                         06666600000000000000000000000000666666666000000000000000                                        
 -56                                         0000000000000000        00000000000000000000000000000000                                        
 -55                                         0000000000000000        00000000000000000000000000000000                                        
 -54                                         0000000000000000        00000000000000000000000000000000                                        
 -53                                         0000000000000000        00000000000000000000000000000000                                        
 -52                                         0000000000000000        00000000000000000000000000000000                                        
 -51                                         0000000000000000        00000000000000000000000000000000                                        
 -50                                         0000000000000000        00000000000000000000000000000000                                        
 -49                                         0000000000000000        00000000000000000000000000000000                                        
 -48                                                                                                                                         
 -47                                                                                                                                         
 -46                                                                                                                                         
 -45                                                                                                                                         
 -44                                                                                                                                         
 -43                                                                                                                                         
 -42                                                                                                                                         
 -41                                                                                                                                         
 -40                                                                                                                                         
 -39                                                                                                                                         
 -38                                                                                                                                         
 -37                                                                                                                                         
 -36                                                 000000000000000000000000000000000000                                                    
 -35                                                 000000000000000000000000000000000000                                                    
 -34                                                 000000000000000000000000000000000000                                                    
 -33                                                 000000000000000000000000000000000000                                                    
 -32                                                 000000000000000000000000000000000000                                                    
 -31                                                 000000000000000000000000000000000000                                                    
 -30                                                 000000000000000000000000000000000000                                                    
 -29                                                 000000000000000000000000000000000000                                                    
 -28                                                 000000000000000000000000000000000000                                                    
 -27                                                 000000000000000000000000000000000000                                                    
 -26                                                 000000000000000000000000000000000000                                                    
 -25                                                 000000000000000000000000000000000000                                                    
 -24                                                 000000000000000000000000000000000000                                                    
 -23                                                 000000000000000000000000000000000000                                                    
 -22                                                 000000000000000000000000000000000000                                                    
 -21                                                 000000000000000000000000000000000000                                                    
 -20                                                 000000000000000000000000000000000000                                                    
 -19                                                 000000000000000000000000000000000000                                                    
 -18                                                 000000000000000000000000000000000000                                                    
 -17                                                 000000000000000000000000000000000000                                                    
 -16                                                 000000000000000000000000000000000000                                                    
 -15                                                 000000000000000000000000000000000000                                                    
 -14                                                 000000000000000000000000000000000000                                                    
 -13                                                 000000000000000000000000000000000000                                                    
 -12                                                                                                                                         
 -11                                                                                                                                         
 -10                                                                                                                                         
  -9                                                                                                                                         
  -8                                                                                                                                         
  -7                                                                                                                                         
  -6                                                                                                                                         
  -5                                                                                                                                         
  -4                                                                                                                                         
  -3                                                                                                                                         
  -2                                                                                                                                         
  -1                                                                                                                                         
   0                                                                                                                                         
   1                                                                                                                                         
   2                                                                                                                                         
   3                                                                                                                                         
   4                                                                                                                                         
   5                                                                                                                                         
   6                                                                                                                                         
   7                                                                                                                                         
   8                                                                                                                                         
   9                                                                                                                                         
  10                                                                                                                                         
  11                                                                                                                                         
  12                                                     000000000000000000000000000000000000                                                
  13                                                     000000000000000000000000000000000000                                                
  14                                                     000000000000000000000000000000000000                                                
  15                                                     000000000000000000000000000000000000                                                
  16                                                     000000000000000000000000000000000000                                                
  17                                                     000000000000000000000000000000000000                                                
  18                                                     000000000000000000000000000000000000                                                
  19                                                     000000000000000000000000000000000000                                                
  20                                                     000000000000000000000000000000000000                                                
  21                                                     000000000000000000000000000000000000                                                
  22                                                     000000000000000000000000000000000000                                                
  23                                                     000000000000000000000000000000000000                                                
  24                                                     000000000000000000000000000000000000                                                
  25                                                     000000000000000000000000000000000000                                                
  26                                                     000000000000000000000000000000000000                                                
  27                                                     000000000000000000000000000000000000                                                
  28                                                     000000000000000000000000000000000000                                                
  29                                                     000000000000000000000000000000000000                                                
  30                                                     000000000000000000000000000000000000                                                
  31                                                     000000000000000000000000000000000000                                                
  32                                                     000000000000000000000000000000000000                                                
  33                                                     000000000000000000000000000000000000                                                
  34                                                     000000000000000000000000000000000000                                                
  35                                                     000000000000000000000000000000000000                                                
  36                                                                                                                                         
  37                                                                                                                                         
  38                                                                                                                                         
  39                                                                                                                                         
  40                                                                                                                                         
  41                                                                                                                                         
  42                                                                                                                                         
  43                                                                                                                                         
  44                                                                                                                                         
  45                                                                                                                                         
  46                                                                                                                                         
  47                                                                                                                                         
  48                                         00000000000000000000000000000000        0000000000000000                                        
  49                                         00000000000000000000000000000000        0000000000000000                                        
  50                                         00000000000000000000000000000000        0000000000000000                                        
  51                                         00000000000000000000000000000000        0000000000000000                                        
  52                                         00000000000000000000000000000000        0000000000000000                                        
  53                                         00000000000000000000000000000000        0000000000000000                                        
  54                                         00000000000000000000000000000000        0000000000000000                                        
  55                                         00000000000000000000000000000000        0000000000000000                                        
  56                                         00000000000000066666666600000000000000000000000000666660                                        
  57                                         06666066000006666666666660000600000000000000000000066660                                        
  58                                         06666666000000666666666600000000000000000000000000666660                                        
  59                                         06666666600000666666666000000000000000000000666000666600                                        
  60                                         06666666000006666666666600000000000000000000000000060000                                        
  61                                         06666666000006666666666660066000000000000600000000000000                                        
  62                                         06666660000006666666666660066000000000000666600000000000                                        
  63                                         06666060000006666666666666000000000000000666600000000000                                        
  64                                         06666660060006666666666666660000000000000066660000000000                                        
  65                                         06666660666666666666666666660000000000000066666666600660                                        
  66                                         06666666666666666666666666660000000000000066666666666660                                        
  67                                         06666666666066666666666666600000000000000666666666666660                                        
  68                                         06666666666666666666666666000000000000000666666666666660                                        
  69                                         06666666666666666660666660000000000000006666666666666660                                        
  70                                         06666666666666000000666666060000000000006666666666666660                                        
  71                                         06666660066660000000666666666006000000006660000000000000                                        
  72 aaaaabbbbba0000000000000000000000000000000000666660000666666660000006666666666666660                0000000000000000                    
  73 aaaaabbbbba8888888666666666660000006000000000666660000000666600000666666666666666660                0066666666666660                    
  74 aaaaabbbbba8888888666666666600000066600000006666600000000066600006666666666666666660                0006666666666660                    
  75 aaaaabbbbba8888888666066660000000066600000066666600000000066600006666666666666666660                0000006666666660                    
  76 aaaaabbbbba8888888660006000000000066660000666666666666000006000006666666666666606660                06666666666666600077aaaaaaaa        
  77 abbbbbbbbba8888888600000000000000066660006666666666666600000000000666666606660000660                08888888888888888877aaaaaaaa        
  78 abbbbbbbbba8888888000000000000000006666066666666666666600000000006666000006666000660                08888888888888888877aaaaaaaa        
  79 abbbbbbbbba8888888000000000000000006666666666666666666000000000666666000006666000060                08888888888888888877aaaaaaaa        
  80 abbbbbbbbba8888888000000000000000066666666666666666666600000000066666600000006000660                08888888888888888877aaaaaaaa        
  81 abbbbbbbbba8888888000000000000000066666666666666666666660000000666666660000000000660                088888888888888888777bbbbbb7        
  82 abbbbbbbbba8888888000000000000000600666666666666666666000000000666660000660000000660                088888888888888888777bbbbbb7        
  83 aaaaabbbbba8888888606666600000066660666666666666666666000000006666666660000000000060                088888888888888888777bbbbbb7        
  84 aaaaabbbbba8888888666666600000666666666666666666666666000000000666666000000000000660                088888888888888888777bbbbbb7        
  85 aaaaabbbbba8888888666666666066666666666666006666666666000000000000660000000000000060                088888888888888888777bbbbbb7        
  86 aaaaabbbbba8888888066666666666666666666660000000666660000000000000600000000000000000                088888888888888888777bbbbbb7        
  87 aaaaabbbbba8888888000000000000000000066660000000006000000000000000000000066666666000                08888888888888888877aaaaa777        
  88                                     0000000000000000                0000000000000000                08888888888888888877aaaaa777        
  89                                     0000000000000000                0000000000000000                08888888888888888877aaaaa777        
  90                                     0000000000000000                0000000000000000                08888888888888888877aaaaa777        
  91                                     0000000000000000                0000000000000000                08888888888888888877aaaaa777        
  92                                     0000000000000000                0000000000000000                0666666666666000                    
  93                                     0000000000000000                0000000000000000                0666666666666000                    
  94                                     0000000000000000                0000000000000000                0666666666666000                    
  95                                     0000000000000000                0000000000000000                0666666666660000                    
  96                                     0000000000000000                0000000000000000                0666666666660000                    
  97                                     0000000000000000                0000000000000000                0666666666666660                    
  98                                     0000000000000000                0000000000000000                0666666606666660                    
  99                                     0000000000000000                0000000000000000                0666666000666660                    
 100                                     0000000000000000                0000000000000000                0666666000060000                    
 101                                     0000000000000000                0000000000000000                0666666000000000                    
 102                                     0000000000000000                0000000000000000                0666666000000000                    
 103                                     0000000000000000                0000000000000000                0666666000000000                    
 104                                     0000000000000000                0000000000000000                0666666000000000                    
 105                                     0000000000000000                0000000000000000                0666666000000000                    
 106                                     0000000000000000                0000000000000000                0666666000000000                    
 107                                     0000000000000000                0000000000000000                0666666600000000                    
 108                                     006666666666666000000000000000000000666666666660000000000000000000000000000000600000000000bbbbbaaaaa
 109                                     000666666666666600666006660000000006666666666660000000000000000000000000000000660008888888bbbbbaaaaa
 110                                     000006666666666606606606660000000006666666666660000000000000000000000000000000060008888888bbbbbaaaaa
 111                                     000006666666666006606006660000000006666666666660666660000000000000000006000000000008888888bbbbbaaaaa
 112                                     066666666666666606606006666000000006666666666660066600666000000600000666000000000008888888bbbbbaaaaa
 113                                     066666666666666606606006666000000000000066600600000000666000000666666666600000000008888888bbbbbbbbba
 114                                     066666666666666666606006666066660000000000000000000006666600006666666666000000000008888888bbbbbbbbba
 115                                     066666666666666666606006666066666000000000000000000006666600006666666666000000000008888888bbbbbbbbba
 116                                     066666666666666666606006666666666000000000000000000006666600066666666666000000000008888888bbbbbbbbba
 117                                     066666666666666666606006666666666000000000000006600000666000000666666666000000000008888888bbbbbbbbba
 118                                     066666666666666666606006666666666666066666666600660000666666000666666000000000000008888888bbbbbbbbba
 119                                     066666666666666666606006666666666666666666666600660006666666000600660000006600000008888888bbbbbaaaaa
 120                                     066666666666600066600006666666666666666666666666666066666666000000000000066600000008888888bbbbbaaaaa
 121                                     066666666600000006600006666666666666666666666666666666666666600000000000066666000008888888bbbbbaaaaa
 122                                     066666666000000000600066666666666666666666666666666666666666660000000000060066660008888888bbbbbaaaaa
 123                                     000006666000000006000000000000000000066666666666666000000000000000000000000000000008888888bbbbbaaaaa
 124                                         0000000000000000                0000000000000000                                                
 125                                         0000000000000000                0000000000000000                                                
 126                                         0000000000000000                0000000000000000                                                
 127                                         0000000000000000                0000000000000000                                                
 128                                         0000000000000000                0000000000000000                                                
 129                                         0000000000000000                0000000000000000                                                
 130                                         0000000000000000                0000000000000000                                                
 131                                         0000000000000000                0000000000000000                                                
 132                                         0000000000000000                0000000000000000                                                
 133                                         0000000000000000                0000000000000000                                                
 134                                         0000000000000000                0000000000000000                                                
 135                                         0000000000000000                0000000000000000                                                
 136                                         0000000000000000                0000000000000000                                                
 137                                         0000000000000000                0000000000000000                                                
 138                                         0000000000000000                0000000000000000                                                
 139                                         0000000000000000                0000000000000000                                                
 140                                         000000000000006000000000000000000666666666666660                                                
 141                                         000000000000006666666666666666066606666666666660                                                
 142                                         000000000000006666666666666666666666666666666660                                                
 143                                         000000000000006666666666666666666666666666666660                                                
 144                                         000000000000006666666666666666666666666666666660                                                
 145                                         000000000000006666666666666666666666666666666660                                                
 146                                         006600000000006666666666666666666666666666666660                                                
 147                                         066660000000066668888888888888886666666666666660                                                
 148                                         066660000000000008888888888888886666666666666660                                                
 149                                         066660000000000008888888888888886666666666666660                                                
 150                                         066660000000000008888888888888886666666666666660                                                
 151                                         066660000000000008888888888888886666666666666660                                                
 152                                         066660000000000008888888888888886666666666666660                                                
 153                                         066600000000000008888888888888886666666666666660                                                
 154                                         06666600000000bbbbbbbbbbbbbbbbbbbba6666666666660                                                
 155                                         00000000000000bbbbbbbbbbbbbbbbbbbba0000000000000                                                
 156                                                         bbbbbbbbbbbbbbbb                                                                
 157                                                         bbbbbbbbbbbbbbbb                                                                
 158                                                         bbbbbbbbbbbbbbbb                                                                
 159                                                         aaaaabbbbbbaaaaa                                                                
 160                                                         aaaaabbbbbbaaaaa                                                                
 161                                                         aaaaabbbbbbaaaaa                                                                
 162                                                         aaaaabbbbbbaaaaa                                                                
 163                                                         aaaaaaaaaaaaaaaa                                                                
placed 12, declined 0
