HEIGHTMAP  1 char = 1x1 blocks (the top-left block of each)  x -48..47 across, z -108..107 down
KEY  char = ground height above y9 in bands of 1 block(s): 0 = y9..9, 1 = …; H house or hall  ~ water or lava  @ spawn point  ! goal  space = void
            -4        -3        -2        -1         0         1         2         3         4       
     876543210987654321098765432109876543210987654321012345678901234567890123456789012345678901234567
-108                                     6666666666666666                                            
-107                                     6HHHHHHHHHHHHHH6                                            
-106                                     6HHHHHHHHHHHHHH6                                            
-105                                     6HHHHHHHHHHHHHH6                                            
-104                                     6HHHHHHHHHHHHHH6                                            
-103                                     6HHHHHHHHHHHHHH6                                            
-102                                     6HHHHHHHHHHHHHH6                                            
-101                                     6666666666666666                                            
-100                                     6666666666666666                                            
 -99                                     6666666666666666                                            
 -98                             88888   7766666666666666    655555555                               
 -97                          6778899998 7776666666666666 6666555566666555554                        
 -96                         677888999998877666666666666666666666666666666555                        
 -95                         6778899a99998877666666666666666666666777777766555                       
 -94                        6778899aaa9998877666666666666666677777777777776655                       
 -93                        7788899aaa9998877666666666666666777777778887777665                       
 -92                        7888999aaa99988876666666666666667778887888888776654                      
 -91                        888899aaaaa9988876666666665556677788888899998776654                      
 -90                       788899aaaaaa9998877665555555556677888888999998776654                      
 -89                       7788999999aa9988876655555555556677888999999998776654                      
 -88                       7778888999999988876655556666556677888999999988776554                      
 -87                       6777888888898888776655666666666667778888889988766554                      
 -86                       6677777777888887766666666776666667777777788887766554                      
 -85                       566677777777777776666667777766666666777777877776655                       
 -84                       555666666677776666666777777777666666666667777766554                       
 -83                       455555555666666556667777777777766655566666666665544                       
 -82                       44445555555555555566777777777776655555556666555544                        
 -81                       44444444445554555566777          54444455555554443                        
 -80                       444444444444444556                4444444444444333222HH11111111111H1111111
 -79                       444444444444445566                 444443333333322222HH11111111111HHHHHHH1
 -78                        33333333334455556                 554433333332222222HH11111111111HHHHHHH1
 -77                        33333333334455555                  55443332222222222HH11111111111HHHHHHH1
 -76                        33333333334455555                  54443322222222221HH11111111111HHHHHHH1
 -75                        33333333334455555                  44443322222222221HH11111111111HHHHHHH1
 -74                         3333333334455555                  44443322222222221HH11111111111HHHHHHH1
 -73                         2233333334455555                  44443322222222211HH11111111111HHHHHHH1
 -72 1111111H11111111111HH1222222222334445555                  44433222222222211HH11111111111HHHHHHH1
 -71 1HHHHHHH11111111111HH1222222222233444444                  44433222222222111HH11111111111HHHHHHH1
 -70 1HHHHHHH11111111111HH1222222222223344444                  44332222222221111HH11111111111HHHHHHH1
 -69 1HHHHHHH11111111111HH1222222222223344444                  43332222222111111HH11111111111H1111111
 -68 1HHHHHHH11111111111HH1122222222222334444                  33322221111111                        
 -67 1HHHHHHH11111111111HH1112222222222233444                 333222111111111                        
 -66 1HHHHHHH11111111111HH1111222222222223334                 2222211111111111                       
 -65 1HHHHHHH11111111111H11111112222222222333                11211111111111111                       
 -64 1HHHHHHH11111111111H111111111111111222223333           211111111111111111                       
 -63 1HHHHHHH11111111111H1111111111111111112223333333333 3322111111111111111111                      
 -62 1HHHHHHH111111111111111111111111111111122233333333333222111111111111111111                      
 -61 1111111H11111111111H111111111111111111112223333332222221111111111111111111                      
 -60                       1111111111111111111122222322222211111111111111111111                      
 -59                         11111111111111111112222222221111111111111111111111                      
 -58                        111111111111111111111111221111111111111111111111111                      
 -57                        111111111111111111111111111111111111111111111111111                      
 -56                        1111111111111111111111111111001111111111111111111111                     
 -55                        1111111111111111111110000000000000001111111111111111                     
 -54                       01111111111111111100000000000000000000000000000000000                     
 -53                       00000111111000000000000000000000000000000000000000000                     
 -52                       00000000000000000000000000000000000000000000000000000                     
 -51                       00000000000000000000000000000000000000000000000000000                     
 -50                       0000000000000000000000000000000000000000000000000000                      
 -49                       0000000000000000000000000000000000000000000000000000                      
 -48                      00000000000000000000000000000000000000000000000000000                      
 -47                      00000000000000000000000000000000000000000000000000000                      
 -46                      00000000000000000000000000000000000000000000000000000                      
 -45                      00000000000000000000000000000000000000000000000000000                      
 -44                      00000000000000000000000000000000000000000000000000000                      
 -43                       0000000000000000000000000000000000000000000000000000                      
 -42                       0000000000000000000000000000000000000000000000000000                      
 -41                       0000000000000000000000000000000000000000000000000000                      
 -40                       0000000000000000000000000000000000000000000000000000                      
 -39                       0000000000000000000000000000000000000000000000000000                      
 -38                        000000000000000000000000000000000000000000000000000                      
 -37                        000000000000000000000000000000000000000000000000000                      
 -36                        00000000000000000000000000000000000000000000000000                       
 -35                        00000000000000000000000000000000000000000000000000                       
 -34                         0000000000000000000000000000000000000000000000000                       
 -33                         000000000000000000000000000000000000000000000000                        
 -32                             0000000000000000        0000000000000000                            
 -31                             0000000000000000        0000000000000000                            
 -30                             0000000000000000        0000000000000000                            
 -29                             0000000000000000        0000000000000000                            
 -28                             0000000000000000        0000000000000000                            
 -27                             0000000000000000        0000000000000000                            
 -26                             0000000000000000        0000000000000000                            
 -25                             0000000000000000        0000000000000000                            
 -24                                                                                                 
 -23                                                                                                 
 -22                                                                                                 
 -21                                                                                                 
 -20                                                                                                 
 -19                                                                                                 
 -18                                                                                                 
 -17                                                                                                 
 -16                                                                                                 
 -15                                                                                                 
 -14                                                                                                 
 -13                                                                                                 
 -12                                                                                                 
 -11                                                                                                 
 -10                                                                                                 
  -9                                                                                                 
  -8                                 11111111111111111111111111111111                                
  -7                                 11222222222222111122222222222211                                
  -6                                 22233333333332222223333333333222                                
  -5                                 23333333333333333333333333333332                                
  -4                                 33333333333333311333333333333333                                
  -3                                 33332233333331111113333333333333                                
  -2                                 23322223333331111113333333223332                                
  -1                                 22322224444441111114444442222322                                
   0                                 22322224444441111114444442222322                                
   1                                 23332233333331111113333332222332                                
   2                                 33333333333331111113333333223333                                
   3                                 33333333333333311333333333333333                                
   4                                 23333333333333333333333333333332                                
   5                                 22233333333332222223333333333222                                
   6                                 11222222222222111122222222222211                                
   7                                 11111111111111111111111111111111                                
   8                                                                                                 
   9                                                                                                 
  10                                                                                                 
  11                                                                                                 
  12                                                                                                 
  13                                                                                                 
  14                                                                                                 
  15                                                                                                 
  16                                                                                                 
  17                                                                                                 
  18                                                                                                 
  19                                                                                                 
  20                                                                                                 
  21                                                                                                 
  22                                                                                                 
  23                                                                                                 
  24                             0000000000000000        0000000000000000                            
  25                             0000000000000000        0000000000000000                            
  26                             0000000000000000        0000000000000000                            
  27                             0000000000000000        0000000000000000                            
  28                             0000000000000000        0000000000000000                            
  29                             0000000000000000        0000000000000000                            
  30                             0000000000000000        0000000000000000                            
  31                             0000000000000000        0000000000000000                            
  32                         000000000000000000000000000000000000000000000000                        
  33                        0000000000000000000000000000000000000000000000000                        
  34                        00000000000000000000000000000000000000000000000000                       
  35                        00000000000000000000000000000000000000000000000000                       
  36                       000000000000000000000000000000000000000000000000000                       
  37                       000000000000000000000000000000000000000000000000000                       
  38                       0000000000000000000000000000000000000000000000000000                      
  39                       0000000000000000000000000000000000000000000000000000                      
  40                       0000000000000000000000000000000000000000000000000000                      
  41                       0000000000000000000000000000000000000000000000000000                      
  42                       0000000000000000000000000000000000000000000000000000                      
  43                       00000000000000000000000000000000000000000000000000000                     
  44                       00000000000000000000000000000000000000000000000000000                     
  45                       00000000000000000000000000000000000000000000000000000                     
  46                       00000000000000000000000000000000000000000000000000000                     
  47                       00000000000000000000000000000000000000000000000000000                     
  48                       0000000000000000000000000000000000000000000000000000                      
  49                       0000000000000000000000000000000000000000000000000000                      
  50                      00000000000000000000000000000000000000000000000000000                      
  51                      00000000000000000000000000000000000000000000000000000                      
  52                      00000000000000000000000000000000000000000011111100000                      
  53                      00000000000000000000000000000000000111111111111111110                      
  54                      1111111111111111000000000000000111111111111111111111                       
  55                      1111111111111111111111001111111111111111111111111111                       
  56                       111111111111111111111111111111111111111111111111111                       
  57                       111111111111111111111111122111111111111111111111111                       
  58                       11111111111111111111112222222221111111111111111111                        
  59                       1111111111111111111122222232222211111111111111111111                      
  60                       111111111111111111122222233333322211111111111111111111H11111111111H1111111
  61                       111111111111111111222333333333332221111111111111111111111111111111HHHHHHH1
  62                       1111111111111111112233 3333333333222111111111111111111H11111111111HHHHHHH1
  63                        111111111111111112           333322222111111111111111H11111111111HHHHHHH1
  64                        11111111111111211                33322222222221111111H11111111111HHHHHHH1
  65                        1111111111122222                 4333222222222221111HH11111111111HHHHHHH1
  66                         111111111222333                 4443322222222222111HH11111111111HHHHHHH1
  67                         11111112222333                  4444332222222222211HH11111111111HHHHHHH1
  68 1111111H11111111111HH11111122222223334                  4444433222222222221HH11111111111HHHHHHH1
  69 1HHHHHHH11111111111HH11112222222223344                  4444433222222222221HH11111111111HHHHHHH1
  70 1HHHHHHH11111111111HH11122222222233444                  4444443322222222221HH11111111111HHHHHHH1
  71 1HHHHHHH11111111111HH11222222222233444                  5555444332222222221HH11111111111H1111111
  72 1HHHHHHH11111111111HH11222222222334444                  5555544333333322                        
  73 1HHHHHHH11111111111HH12222222222334444                  5555544333333333                        
  74 1HHHHHHH11111111111HH12222222222334444                  55555443333333333                       
  75 1HHHHHHH11111111111HH12222222222334445                  55555443333333333                       
  76 1HHHHHHH11111111111HH22222222223334455                  55555443333333333                       
  77 1HHHHHHH11111111111HH222222233333334455                 65555443333333333                       
  78 1HHHHHHH11111111111HH222223333333344444                 665544444444444444                      
  79 1111111H11111111111HH2223334444444444444                655444444444444444                      
  80                         34445555555444445          77766555545554444444444                      
  81                         44555566665555555667777777777766555555555555554444                      
  82                        445566666666665556667777777777766655666666555555554                      
  83                        455667777766666666666777777777666666677776666666555                      
  84                       4556677778777777666666667777766666677777777777776665                      
  85                       4556677888877777777666666776666666677888887777777766                      
  86                       4556678899888888777666666666665566778888988888887776                      
  87                       4556778899999998887766556666555566788899999998888777                      
  88                       4566778999999998887766555555555566788899aa9999998877                      
  89                       4566778999998888887766555555555667788999aaaaaa998887                      
  90                       4566778999988888877766555666666666788899aaaaa998888                       
  91                       45667788888878887776666666666666667888999aaa9998887                       
  92                        5667777888777777776666666666666667788999aaa9988877                       
  93                        5566777777777777766666666666666667788999aaa9988776                       
  94                        55566777777766666666666666666666677889999a9988776                        
  95                         555666666666666666666666666666666778899999888776                        
  96                         4555556666655556666 6666666666666777 8999988776                         
  97                                555555556    6666666666666677   88888                            
  98                                             6666666666666666                                    
  99                                             6666666666666666                                    
 100                                             6666666666666666                                    
 101                                             6HHHHHHHHHHHHHH6                                    
 102                                             6HHHHHHHHHHHHHH6                                    
 103                                             6HHHHHHHHHHHHHH6                                    
 104                                             6HHHHHHHHHHHHHH6                                    
 105                                             6HHHHHHHHHHHHHH6                                    
 106                                             6HHHHHHHHHHHHHH6                                    
 107                                             6666666666666666                                    
low y9, high y19, range 10
