## spawn-red -> red-0
ROUTE (4, 104) -> (-44, 74) aim travel: 61 blocks, 2 placed, 1 drop(s), worst drop 4
  place            y   step
  (4, 104)          15
  (4, 103)          15
  (3, 102)          15
  (2, 101)          15
  (1, 100)          15
  (0, 99)           15
  (-1, 98)          15
  (-2, 97)          15
  (-3, 96)          15
  (-4, 95)          15
  (-5, 94)          15
  (-6, 94)          15
  (-7, 94)          15
  (-8, 93)          15
  (-9, 92)          16
  (-10, 91)         16
  (-11, 90)         17
  (-12, 89)         17
  (-13, 88)         18
  (-14, 87)         18
  (-15, 86)         17
  (-16, 85)         17
  (-17, 85)         17
  (-18, 85)         17
  (-19, 84)         16
  (-20, 83)         16
  (-21, 82)         15
  (-22, 81)         14
  (-23, 80)         13
  (-24, 79)         12
  (-25, 78)         11
  (-26, 78)         11
  (-27, 78)         11
  (-28, 78)         14   wall +3
  (-29, 78)         14
  (-30, 78)         10   wall -4
  (-31, 78)         10
  (-32, 78)         10
  (-33, 78)         10
  (-34, 78)         10
  (-35, 78)         10
  (-36, 78)         10
  (-37, 78)         10
  (-38, 78)         10
  (-39, 78)         10
  (-40, 77)         10
  (-41, 76)         11
  (-42, 75)         10
  (-43, 75)         10
  (-44, 74)         10
rises 1, falls 1, worst step 0: wall +3 at (-28, 78); wall -4 at (-30, 78)
beside: redstoneline 0 at (-41, 76) d0, spawn spawn-1 at (2, 101) d0, tree spruce-west-knoll-a at (-20, 83) d0, wall 0 at (-29, 78) d0, wool wool-1 at (-44, 74) d0

## spawn-red -> orange-0
ROUTE (4, 104) -> (44, 66) aim travel: 64 blocks, 3 placed, 1 drop(s), worst drop 4
  place            y   step
  (4, 104)          15
  (4, 103)          15
  (4, 102)          15
  (4, 101)          15
  (4, 100)          15
  (4, 99)           15
  (4, 98)           15
  (4, 97)           15
  (4, 96)           15
  (4, 95)           15
  (4, 94)           15
  (4, 93)           15
  (4, 92)           15
  (4, 91)           15
  (4, 90)           15
  (5, 89)           15
  (6, 88)           15
  (7, 87)           15
  (8, 86)           16
  (9, 85)           16
  (10, 84)          16
  (11, 83)          15
  (12, 82)          15
  (13, 81)          14
  (14, 80)          14
  (15, 79)          13
  (16, 78)          13
  (17, 77)          12
  (18, 76)          12
  (19, 75)          12
  (20, 74)          12
  (21, 73)          12
  (22, 72)          11
  (23, 71)          11
  (24, 70)          11
  (25, 70)          11
  (26, 70)          10
  (27, 70)          14   wall +4
  (28, 70)          14
  (29, 70)          10   wall -4
  (30, 70)          10
  (31, 70)          10
  (32, 70)          10
  (33, 70)          10
  (34, 70)          10
  (35, 70)          10
  (36, 70)          10
  (37, 70)          10
  (38, 70)          10
  (39, 69)          10
  (40, 68)          11
  (41, 67)          10
  (42, 67)          10
  (43, 67)          10
  (44, 66)          10
rises 1, falls 1, worst step 0: wall +4 at (27, 70); wall -4 at (29, 70)
beside: redstoneline 1 at (40, 68) d0, spawn spawn-1 at (4, 101) d0, wall 1 at (27, 70) d0, wool wool-2 at (41, 67) d0, tree spruce-east-knoll-a at (14, 84) d2

## spawn-red -> blue-1
ROUTE (4, 104) -> (44, -74) aim travel: 204 blocks, 35 placed, 1 drop(s), worst drop 4
  place            y   step
  (4, 104)          15
  (4, 103)          15
  (4, 102)          15
  (4, 101)          15
  (4, 100)          15
  (4, 99)           15
  (4, 98)           15
  (4, 97)           15
  (4, 96)           15
  (4, 95)           15
  (4, 94)           15
  (4, 93)           15
  (4, 92)           15
  (4, 91)           15
  (4, 90)           15
  (4, 89)           14
  (4, 88)           14
  (4, 87)           14
  (4, 86)           14
  (5, 85)           15
  (6, 84)           15
  (7, 83)           15
  (8, 82)           15
  (9, 81)           14
  (10, 80)          14
  (11, 79)          13
  (11, 78)          14
  (11, 77)          14
  (11, 76)          14
  (11, 75)          14
  (11, 74)          14
  (11, 73)          14
  (11, 72)          14
  (11, 71)          14
  (11, 70)          13
  (11, 69)          13
  (11, 68)          13
  (11, 67)          13
  (11, 66)          12
  (11, 65)          12
  (11, 64)          11
  (11, 63)          11
  (11, 62)          10
  (11, 61)          10
  (11, 60)          10
  (11, 59)          10
  (11, 58)          10
  (11, 57)          10
  (11, 56)          10
  (11, 55)          10
  (11, 54)          10
  (11, 53)          10
  (11, 52)           9
  (11, 51)           9
  (11, 50)           9
  (11, 49)           9
  (11, 48)           9
  (11, 47)           9
  (11, 46)           9
  (11, 45)           9
  (11, 44)           9
  (11, 43)           9
  (11, 42)           9
  (11, 41)           9
  (11, 40)           9
  (11, 39)           9
  (11, 38)           9
  (11, 37)           9
  (11, 36)           9
  (11, 35)           9
  (11, 34)           9
  (11, 33)           9
  (11, 32)           9
  (11, 31)           9
  (11, 30)           9
  (11, 29)           9
  (11, 28)           9
  (11, 27)           9
  (11, 26)           9
  (11, 25)           9
  (11, 24)           9
  (11, 23)           9
  (11, 22)           9
  (11, 21)           9
  (11, 20)           9
  (11, 19)           9
  (11, 18)           9
  (11, 17)           9
  (11, 16)           9
  (11, 15)          10
  (11, 14)          10
  (11, 13)          10
  (11, 12)          10
  (11, 11)          10
  (11, 10)          10
  (11, 9)           10
  (11, 8)           10
  (11, 7)           10
  (11, 6)           11
  (11, 5)           12
  (11, 4)           12
  (11, 3)           12
  (11, 2)           12
  (12, 1)           13
  (12, 0)           13
  (12, -1)          13
  (12, -2)          12
  (13, -3)          12
  (14, -4)          12
  (15, -5)          11
  (15, -6)          11
  (15, -7)          10
  (15, -8)          10
  (15, -9)          10
  (15, -10)         10
  (15, -11)         10
  (15, -12)         10
  (15, -13)         10
  (15, -14)         10
  (15, -15)         10
  (15, -16)         10
  (15, -17)          9
  (15, -18)          9
  (15, -19)          9
  (15, -20)          9
  (15, -21)          9
  (15, -22)          9
  (15, -23)          9
  (15, -24)          9
  (15, -25)          9
  (15, -26)          9
  (15, -27)          9
  (15, -28)          9
  (15, -29)          9
  (15, -30)          9
  (15, -31)          9
  (15, -32)          9
  (15, -33)          9
  (15, -34)          9
  (15, -35)          9
  (15, -36)          9
  (15, -37)          9
  (15, -38)          9
  (15, -39)          9
  (15, -40)          9
  (15, -41)          9
  (15, -42)          9
  (15, -43)          9
  (15, -44)          9
  (15, -45)          9
  (15, -46)          9
  (15, -47)          9
  (15, -48)          9
  (15, -49)          9
  (15, -50)          9
  (15, -51)          9
  (15, -52)          9
  (15, -53)          9
  (15, -54)          9
  (15, -55)         10
  (15, -56)         10
  (16, -57)         10
  (17, -58)         10
  (18, -59)         10
  (19, -60)         10
  (19, -61)         10
  (19, -62)         10
  (20, -63)         10
  (21, -64)         10
  (21, -65)         10
  (21, -66)         10
  (21, -67)         10
  (22, -68)         10
  (23, -69)         10
  (24, -69)         10
  (25, -69)         10
  (26, -69)         10
  (27, -69)         14   wall +4
  (28, -69)         14
  (29, -69)         10   wall -4
  (30, -69)         10
  (31, -69)         10
  (32, -69)         10
  (33, -69)         10
  (34, -69)         10
  (35, -69)         10
  (36, -69)         10
  (37, -69)         10
  (38, -70)         10
  (39, -71)         10
  (40, -72)         11
  (41, -73)         10
  (42, -73)         10
  (43, -73)         10
  (44, -74)         10
rises 1, falls 1, worst step 0: wall +4 at (27, -69); wall -4 at (29, -69)
beside: redstoneline 0#1 at (40, -72) d0, spawn spawn-1 at (4, 101) d0, tree spruce-west-bank-a#1 at (15, -54) d0, tree spruce-west-bank-b#1 at (19, -62) d0, wall 0#1 at (27, -69) d0, wool wool-1#1 at (41, -73) d0, boulder erratic-holm#1 at (12, -4) d1

## spawn-red -> light_blue-1
ROUTE (4, 104) -> (-44, -66) aim travel: 200 blocks, 35 placed, 1 drop(s), worst drop 4
  place            y   step
  (4, 104)          15
  (4, 103)          15
  (4, 102)          15
  (4, 101)          15
  (4, 100)          15
  (4, 99)           15
  (4, 98)           15
  (4, 97)           15
  (4, 96)           15
  (4, 95)           15
  (3, 94)           15
  (2, 93)           15
  (1, 92)           15
  (0, 91)           15
  (-1, 90)          15
  (-2, 89)          14
  (-3, 88)          14
  (-4, 87)          14
  (-5, 86)          15
  (-6, 85)          15
  (-7, 84)          15
  (-8, 83)          15
  (-9, 82)          14
  (-10, 81)         14
  (-11, 80)         13
  (-12, 79)         13
  (-13, 78)         13
  (-13, 77)         13
  (-14, 76)         13
  (-14, 75)         13
  (-14, 74)         13
  (-14, 73)         13
  (-14, 72)         13
  (-14, 71)         12
  (-14, 70)         12
  (-14, 69)         12
  (-14, 68)         12
  (-14, 67)         11
  (-14, 66)         11
  (-14, 65)         11
  (-14, 64)         10
  (-14, 63)         10
  (-14, 62)         10
  (-14, 61)         10
  (-14, 60)         10
  (-14, 59)         10
  (-14, 58)         10
  (-14, 57)         10
  (-14, 56)         10
  (-14, 55)         10
  (-14, 54)         10
  (-14, 53)          9
  (-14, 52)          9
  (-14, 51)          9
  (-14, 50)          9
  (-14, 49)          9
  (-14, 48)          9
  (-14, 47)          9
  (-14, 46)          9
  (-14, 45)          9
  (-14, 44)          9
  (-14, 43)          9
  (-14, 42)          9
  (-14, 41)          9
  (-14, 40)          9
  (-14, 39)          9
  (-14, 38)          9
  (-14, 37)          9
  (-14, 36)          9
  (-14, 35)          9
  (-14, 34)          9
  (-14, 33)          9
  (-14, 32)          9
  (-14, 31)          9
  (-14, 30)          9
  (-14, 29)          9
  (-14, 28)          9
  (-14, 27)          9
  (-14, 26)          9
  (-14, 25)          9
  (-14, 24)          9
  (-14, 23)          9
  (-14, 22)          9
  (-14, 21)          9
  (-14, 20)          9
  (-14, 19)          9
  (-14, 18)          9
  (-14, 17)          9
  (-14, 16)          9
  (-14, 15)         10
  (-14, 14)         10
  (-14, 13)         10
  (-14, 12)         10
  (-14, 11)         10
  (-14, 10)         10
  (-14, 9)          10
  (-14, 8)          10
  (-14, 7)          10
  (-14, 6)          11
  (-15, 5)          11
  (-16, 4)          11
  (-16, 3)          12
  (-16, 2)          12
  (-16, 1)          11
  (-16, 0)          11
  (-16, -1)         11
  (-16, -2)         11
  (-16, -3)         12
  (-16, -4)         12
  (-16, -5)         11
  (-16, -6)         11
  (-16, -7)         10
  (-16, -8)         10
  (-16, -9)         10
  (-16, -10)        10
  (-16, -11)        10
  (-16, -12)        10
  (-16, -13)        10
  (-16, -14)        10
  (-16, -15)        10
  (-16, -16)        10
  (-16, -17)         9
  (-16, -18)         9
  (-16, -19)         9
  (-16, -20)         9
  (-16, -21)         9
  (-16, -22)         9
  (-16, -23)         9
  (-16, -24)         9
  (-16, -25)         9
  (-16, -26)         9
  (-16, -27)         9
  (-16, -28)         9
  (-16, -29)         9
  (-16, -30)         9
  (-16, -31)         9
  (-16, -32)         9
  (-16, -33)         9
  (-16, -34)         9
  (-16, -35)         9
  (-16, -36)         9
  (-16, -37)         9
  (-16, -38)         9
  (-16, -39)         9
  (-16, -40)         9
  (-16, -41)         9
  (-16, -42)         9
  (-16, -43)         9
  (-16, -44)         9
  (-16, -45)         9
  (-16, -46)         9
  (-16, -47)         9
  (-16, -48)         9
  (-16, -49)         9
  (-16, -50)         9
  (-16, -51)         9
  (-16, -52)         9
  (-17, -53)        10
  (-18, -54)        10
  (-19, -55)        10
  (-20, -56)        10
  (-21, -57)        10
  (-22, -58)        10
  (-23, -59)        10
  (-23, -60)        10
  (-24, -61)        10
  (-25, -61)        10
  (-26, -62)        10
  (-27, -63)        10
  (-27, -64)        10
  (-27, -65)        10
  (-27, -66)        10
  (-28, -66)        14   wall +4
  (-29, -66)        14
  (-30, -66)        10   wall -4
  (-31, -66)        10
  (-32, -66)        10
  (-33, -66)        10
  (-34, -66)        10
  (-35, -66)        10
  (-36, -66)        10
  (-37, -66)        10
  (-38, -66)        10
  (-39, -66)        10
  (-40, -66)        10
  (-41, -66)        11
  (-42, -66)        10
  (-43, -66)        10
  (-44, -66)        10
rises 1, falls 1, worst step 0: wall +4 at (-28, -66); wall -4 at (-30, -66)
beside: redstoneline 1#1 at (-41, -66) d0, spawn spawn-1 at (4, 101) d0, tree spruce-east-bank-a#1 at (-20, -56) d0, tree spruce-east-bank-b#1 at (-27, -66) d0, wall 1#1 at (-29, -66) d0, wool wool-2#1 at (-44, -66) d0, boulder erratic-holm at (-15, 4) d1, tree spruce-west-bank-a at (-16, 53) d2, tree spruce-west-knoll-a at (-13, 82) d2

## spawn-blue -> red-0
ROUTE (-4, -104) -> (-44, 74) aim travel: 203 blocks, 35 placed, 1 drop(s), worst drop 4
  place            y   step
  (-4, -104)        15
  (-4, -103)        15
  (-4, -102)        15
  (-4, -101)        15
  (-4, -100)        15
  (-4, -99)         15
  (-4, -98)         15
  (-4, -97)         15
  (-4, -96)         15
  (-4, -95)         15
  (-4, -94)         15
  (-4, -93)         15
  (-4, -92)         15
  (-4, -91)         15
  (-4, -90)         14
  (-4, -89)         14
  (-5, -88)         14
  (-6, -87)         14
  (-7, -86)         15
  (-8, -85)         15
  (-9, -84)         15
  (-10, -83)        14
  (-11, -82)        14
  (-12, -81)        14
  (-13, -80)        13
  (-13, -79)        13
  (-13, -78)        14
  (-13, -77)        14
  (-13, -76)        14
  (-13, -75)        14
  (-13, -74)        14
  (-13, -73)        14
  (-13, -72)        13
  (-13, -71)        13
  (-13, -70)        13
  (-13, -69)        13
  (-13, -68)        12
  (-13, -67)        12
  (-13, -66)        11
  (-13, -65)        11
  (-13, -64)        11
  (-13, -63)        10
  (-13, -62)        10
  (-13, -61)        10
  (-13, -60)        10
  (-13, -59)        10
  (-13, -58)        10
  (-13, -57)        10
  (-13, -56)        10
  (-13, -55)        10
  (-13, -54)        10
  (-13, -53)         9
  (-13, -52)         9
  (-13, -51)         9
  (-13, -50)         9
  (-13, -49)         9
  (-13, -48)         9
  (-13, -47)         9
  (-13, -46)         9
  (-13, -45)         9
  (-13, -44)         9
  (-13, -43)         9
  (-13, -42)         9
  (-13, -41)         9
  (-13, -40)         9
  (-13, -39)         9
  (-13, -38)         9
  (-13, -37)         9
  (-13, -36)         9
  (-13, -35)         9
  (-13, -34)         9
  (-13, -33)         9
  (-13, -32)         9
  (-13, -31)         9
  (-13, -30)         9
  (-13, -29)         9
  (-13, -28)         9
  (-13, -27)         9
  (-13, -26)         9
  (-13, -25)         9
  (-13, -24)         9
  (-13, -23)         9
  (-13, -22)         9
  (-13, -21)         9
  (-13, -20)         9
  (-13, -19)         9
  (-13, -18)         9
  (-13, -17)         9
  (-13, -16)        10
  (-13, -15)        10
  (-13, -14)        10
  (-13, -13)        10
  (-13, -12)        10
  (-13, -11)        10
  (-13, -10)        10
  (-13, -9)         10
  (-13, -8)         10
  (-13, -7)         11
  (-13, -6)         12
  (-13, -5)         12
  (-13, -4)         12
  (-13, -3)         12
  (-13, -2)         13
  (-13, -1)         13
  (-13, 0)          13
  (-13, 1)          12
  (-14, 2)          12
  (-15, 3)          12
  (-16, 4)          11
  (-16, 5)          11
  (-16, 6)          10
  (-16, 7)          10
  (-16, 8)          10
  (-16, 9)          10
  (-16, 10)         10
  (-16, 11)         10
  (-16, 12)         10
  (-16, 13)         10
  (-16, 14)         10
  (-16, 15)         10
  (-16, 16)          9
  (-16, 17)          9
  (-16, 18)          9
  (-16, 19)          9
  (-16, 20)          9
  (-16, 21)          9
  (-16, 22)          9
  (-16, 23)          9
  (-16, 24)          9
  (-16, 25)          9
  (-16, 26)          9
  (-16, 27)          9
  (-16, 28)          9
  (-16, 29)          9
  (-16, 30)          9
  (-16, 31)          9
  (-16, 32)          9
  (-16, 33)          9
  (-16, 34)          9
  (-16, 35)          9
  (-16, 36)          9
  (-16, 37)          9
  (-16, 38)          9
  (-16, 39)          9
  (-16, 40)          9
  (-16, 41)          9
  (-16, 42)          9
  (-16, 43)          9
  (-16, 44)          9
  (-16, 45)          9
  (-16, 46)          9
  (-16, 47)          9
  (-16, 48)          9
  (-16, 49)          9
  (-16, 50)          9
  (-16, 51)          9
  (-16, 52)          9
  (-16, 53)          9
  (-16, 54)         10
  (-16, 55)         10
  (-17, 56)         10
  (-18, 57)         10
  (-19, 58)         10
  (-20, 59)         10
  (-20, 60)         10
  (-20, 61)         10
  (-21, 62)         10
  (-22, 63)         10
  (-22, 64)         10
  (-22, 65)         10
  (-22, 66)         10
  (-23, 67)         10
  (-24, 68)         10
  (-25, 68)         10
  (-26, 68)         10
  (-27, 68)         10
  (-28, 68)         14   wall +4
  (-29, 68)         14
  (-30, 68)         10   wall -4
  (-31, 68)         10
  (-32, 68)         10
  (-33, 68)         10
  (-34, 68)         10
  (-35, 68)         10
  (-36, 68)         10
  (-37, 68)         10
  (-38, 68)         10
  (-39, 69)         10
  (-40, 70)         10
  (-41, 71)         11
  (-42, 72)         10
  (-43, 73)         10
  (-44, 74)         10
rises 1, falls 1, worst step 0: wall +4 at (-28, 68); wall -4 at (-30, 68)
beside: redstoneline 0 at (-41, 71) d0, spawn spawn-1#1 at (-4, -104) d0, tree spruce-west-bank-a at (-19, 58) d0, tree spruce-west-bank-b at (-22, 63) d0, wall 0 at (-29, 68) d0, wool wool-1 at (-44, 74) d0, boulder erratic-holm at (-15, 4) d1

## spawn-blue -> orange-0
ROUTE (-4, -104) -> (44, 66) aim travel: 200 blocks, 35 placed, 1 drop(s), worst drop 4
  place            y   step
  (-4, -104)        15
  (-4, -103)        15
  (-4, -102)        15
  (-4, -101)        15
  (-4, -100)        15
  (-4, -99)         15
  (-4, -98)         15
  (-4, -97)         15
  (-4, -96)         15
  (-4, -95)         15
  (-3, -94)         15
  (-2, -93)         15
  (-1, -92)         15
  (0, -91)          15
  (1, -90)          14
  (2, -89)          14
  (3, -88)          14
  (4, -87)          15
  (5, -86)          15
  (6, -85)          15
  (7, -84)          15
  (8, -83)          14
  (9, -82)          14
  (10, -81)         13
  (11, -80)         13
  (12, -79)         13
  (12, -78)         13
  (13, -77)         13
  (13, -76)         13
  (13, -75)         13
  (13, -74)         13
  (13, -73)         13
  (13, -72)         12
  (13, -71)         12
  (13, -70)         12
  (13, -69)         12
  (13, -68)         11
  (13, -67)         11
  (13, -66)         11
  (13, -65)         10
  (13, -64)         10
  (13, -63)         10
  (13, -62)         10
  (13, -61)         10
  (13, -60)         10
  (13, -59)         10
  (13, -58)         10
  (13, -57)         10
  (13, -56)         10
  (13, -55)         10
  (13, -54)          9
  (13, -53)          9
  (13, -52)          9
  (13, -51)          9
  (13, -50)          9
  (13, -49)          9
  (13, -48)          9
  (13, -47)          9
  (13, -46)          9
  (13, -45)          9
  (13, -44)          9
  (13, -43)          9
  (13, -42)          9
  (13, -41)          9
  (13, -40)          9
  (13, -39)          9
  (13, -38)          9
  (13, -37)          9
  (13, -36)          9
  (13, -35)          9
  (13, -34)          9
  (13, -33)          9
  (13, -32)          9
  (13, -31)          9
  (13, -30)          9
  (13, -29)          9
  (13, -28)          9
  (13, -27)          9
  (13, -26)          9
  (13, -25)          9
  (13, -24)          9
  (13, -23)          9
  (13, -22)          9
  (13, -21)          9
  (13, -20)          9
  (13, -19)          9
  (13, -18)          9
  (13, -17)          9
  (13, -16)         10
  (13, -15)         10
  (13, -14)         10
  (13, -13)         10
  (13, -12)         10
  (13, -11)         10
  (13, -10)         10
  (13, -9)          10
  (13, -8)          10
  (13, -7)          11
  (14, -6)          11
  (15, -5)          11
  (15, -4)          12
  (15, -3)          12
  (15, -2)          11
  (15, -1)          11
  (15, 0)           11
  (15, 1)           11
  (15, 2)           12
  (15, 3)           12
  (15, 4)           11
  (15, 5)           11
  (15, 6)           10
  (15, 7)           10
  (15, 8)           10
  (15, 9)           10
  (15, 10)          10
  (15, 11)          10
  (15, 12)          10
  (15, 13)          10
  (15, 14)          10
  (15, 15)          10
  (15, 16)           9
  (15, 17)           9
  (15, 18)           9
  (15, 19)           9
  (15, 20)           9
  (15, 21)           9
  (15, 22)           9
  (15, 23)           9
  (15, 24)           9
  (15, 25)           9
  (15, 26)           9
  (15, 27)           9
  (15, 28)           9
  (15, 29)           9
  (15, 30)           9
  (15, 31)           9
  (15, 32)           9
  (15, 33)           9
  (15, 34)           9
  (15, 35)           9
  (15, 36)           9
  (15, 37)           9
  (15, 38)           9
  (15, 39)           9
  (15, 40)           9
  (15, 41)           9
  (15, 42)           9
  (15, 43)           9
  (15, 44)           9
  (15, 45)           9
  (15, 46)           9
  (15, 47)           9
  (15, 48)           9
  (15, 49)           9
  (15, 50)           9
  (15, 51)           9
  (16, 52)          10
  (17, 53)          10
  (18, 54)          10
  (19, 55)          10
  (20, 56)          10
  (21, 57)          10
  (22, 58)          10
  (22, 59)          10
  (23, 60)          10
  (24, 60)          10
  (25, 61)          10
  (26, 62)          10
  (26, 63)          10
  (26, 64)          10
  (26, 65)          10
  (27, 65)          14   wall +4
  (28, 65)          14
  (29, 65)          10   wall -4
  (30, 65)          10
  (31, 65)          10
  (32, 65)          10
  (33, 65)          10
  (34, 65)          10
  (35, 65)          10
  (36, 65)          10
  (37, 65)          10
  (38, 65)          10
  (39, 65)          10
  (40, 65)          11
  (41, 65)          10
  (42, 65)          10
  (43, 65)          10
  (44, 66)          10
rises 1, falls 1, worst step 0: wall +4 at (27, 65); wall -4 at (29, 65)
beside: redstoneline 1 at (40, 65) d0, spawn spawn-1#1 at (-4, -104) d0, tree spruce-east-bank-a at (19, 55) d0, tree spruce-east-bank-b at (20, 56) d0, wall 1 at (27, 65) d0, wool wool-2 at (41, 65) d0, boulder erratic-holm#1 at (12, -6) d1, tree spruce-west-bank-a#1 at (15, -54) d2, tree spruce-west-knoll-a#1 at (10, -85) d2

## spawn-blue -> blue-1
ROUTE (-4, -104) -> (44, -74) aim travel: 61 blocks, 2 placed, 1 drop(s), worst drop 4
  place            y   step
  (-4, -104)        15
  (-4, -103)        15
  (-3, -102)        15
  (-2, -101)        15
  (-1, -100)        15
  (0, -99)          15
  (1, -98)          15
  (2, -97)          15
  (3, -96)          15
  (4, -95)          15
  (5, -95)          15
  (6, -95)          15
  (7, -94)          15
  (8, -93)          16
  (9, -92)          16
  (10, -91)         17
  (11, -90)         17
  (12, -89)         18
  (13, -88)         18
  (14, -87)         17
  (15, -86)         17
  (16, -86)         17
  (17, -86)         17
  (18, -85)         16
  (19, -84)         16
  (20, -83)         15
  (21, -82)         14
  (22, -81)         13
  (23, -80)         12
  (24, -79)         11
  (25, -79)         11
  (26, -79)         11
  (27, -79)         14   wall +3
  (28, -79)         14
  (29, -79)         10   wall -4
  (30, -79)         10
  (31, -79)         10
  (32, -79)         10
  (33, -79)         10
  (34, -79)         10
  (35, -79)         10
  (36, -79)         10
  (37, -79)         10
  (38, -79)         10
  (39, -78)         10
  (40, -77)         11
  (41, -76)         10
  (42, -76)         10
  (43, -75)         10
  (44, -74)         10
rises 1, falls 1, worst step 0: wall +3 at (27, -79); wall -4 at (29, -79)
beside: redstoneline 0#1 at (40, -77) d0, spawn spawn-1#1 at (-4, -104) d0, tree spruce-west-knoll-a#1 at (10, -91) d0, wall 0#1 at (27, -79) d0, wool wool-1#1 at (41, -76) d0

## spawn-blue -> light_blue-1
ROUTE (-4, -104) -> (-44, -66) aim travel: 63 blocks, 3 placed, 1 drop(s), worst drop 4
  place            y   step
  (-4, -104)        15
  (-4, -103)        15
  (-4, -102)        15
  (-4, -101)        15
  (-4, -100)        15
  (-4, -99)         15
  (-4, -98)         15
  (-4, -97)         15
  (-4, -96)         15
  (-4, -95)         15
  (-4, -94)         15
  (-4, -93)         15
  (-4, -92)         15
  (-5, -91)         15
  (-6, -90)         15
  (-7, -89)         15
  (-8, -88)         15
  (-9, -87)         16
  (-10, -86)        16
  (-11, -85)        16
  (-12, -84)        15
  (-13, -83)        15
  (-14, -82)        14
  (-15, -81)        14
  (-16, -80)        13
  (-17, -79)        13
  (-18, -78)        12
  (-19, -77)        12
  (-20, -76)        12
  (-21, -75)        12
  (-22, -74)        12
  (-23, -73)        11
  (-24, -72)        11
  (-25, -71)        11
  (-26, -71)        11
  (-27, -71)        10
  (-28, -71)        14   wall +4
  (-29, -71)        14
  (-30, -71)        10   wall -4
  (-31, -71)        10
  (-32, -71)        10
  (-33, -71)        10
  (-34, -71)        10
  (-35, -71)        10
  (-36, -71)        10
  (-37, -71)        10
  (-38, -71)        10
  (-39, -71)        10
  (-40, -70)        10
  (-41, -69)        11
  (-42, -68)        10
  (-43, -67)        10
  (-44, -66)        10
rises 1, falls 1, worst step 0: wall +4 at (-28, -71); wall -4 at (-30, -71)
beside: redstoneline 1#1 at (-41, -69) d0, spawn spawn-1#1 at (-4, -104) d0, wall 1#1 at (-29, -71) d0, wool wool-2#1 at (-44, -66) d0, tree spruce-east-knoll-a#1 at (-17, -83) d2
