## tree
SEATS  tree, footprint 1x1, 3 blocks off a route  1 char = 1 block  x -48..47 across, z -108..107 down
KEY  1 the footprint seats with its minimum corner here  0 refused  space void
            -4        -3        -2        -1         0         1         2         3         4       
     876543210987654321098765432109876543210987654321012345678901234567890123456789012345678901234567
-108                                     0000000000000000                                            
-107                                     0000000000000000                                            
-106                                     0000000000000000                                            
-105                                     0000000000000000                                            
-104                                     0000000000000000                                            
-103                                     0000000000000000                                            
-102                                     0000000000000000                                            
-101                                     0000000000000000                                            
-100                                     0000000000000000                                            
 -99                                     0000000000000000                                            
 -98                             00000   0000000000000000    000000000                               
 -97                          0000000000 0000000000000000 0000000000000000000                        
 -96                         000000000000000000000000000000000000000000000000                        
 -95                         0000000000000000000000000000000000000000000000000                       
 -94                        00000000000000000000000000000000000000000000000000                       
 -93                        00000000000000000000000000000000000000000000000000                       
 -92                        000000000000000000000000000000000000000000000000000                      
 -91                        000000000000000000000000000000000000000000000000000                      
 -90                       0000000000000000000000000000000000000000000000000000                      
 -89                       0000000000000000000000000000000000000000000000000000                      
 -88                       0000000000000000000000000000000000000000000000000000                      
 -87                       0000000000000000000000000000000000000000000000000000                      
 -86                       0000000000000000000000000000000000000000000000000000                      
 -85                       000000000000000000000000000000000000000000000000000                       
 -84                       000000000000000000000000000000000000000000000000000                       
 -83                       000000000000000000000000000000000000000000000000000                       
 -82                       00000000000000000000000000000000000000000000000000                        
 -81                       00000000000000000000000          00000000000000000                        
 -80                       000000000000000000                0000000000000000000000000000000000000000
 -79                       000000000000000000                 000000000000000000000000000000000000000
 -78                        00000000000000000                 000000000000000000000000000000000000000
 -77                        00000000000000000                  00000000000000000000000000000000000000
 -76                        00000000000000000                  00000000000000000000000000000000000000
 -75                        00000000000000000                  00000000000000000000000000000000000000
 -74                         0000000000000000                  00000000000000000000000000000000000000
 -73                         0000000000000000                  00000000000000000000000000000000000000
 -72 0000000000000000000000000000000000000000                  00000000000000000000000000000000000000
 -71 0000000000000000000000000000000000000000                  00000000000000000000000000000000000000
 -70 0000000000000000000000000000000000000000                  00000000000000000000000000000000000000
 -69 0000000000000000000000000000000000000000                  00000000000000000000000000000000000000
 -68 0000000000000000000000000000000000000000                  00000000000000                        
 -67 0000000000000000000000000000000000000000                 000000000000000                        
 -66 0000000000000000000000000000000000000000                 0000000000000000                       
 -65 0000000000000000000000000000000000000000                00000000000000000                       
 -64 00000000000000000000000000000000000000000000           000000000000000000                       
 -63 000000000000000000000000000000000000000000000000000 0000000000000000000001                      
 -62 00000000000000000000000000000000000000000000000000000000000000000000000000                      
 -61 00000000000000000000000000000000000000000000000000000000000000000000000000                      
 -60                       0000000000000000000000000000000000000000000000000000                      
 -59                         00000000000000000000000000000000000000000000000000                      
 -58                        000000000000000000000000000000000000000000000000000                      
 -57                        000000000000000000000000000000000000000000000000000                      
 -56                        0000000000000000000000000000000000000000000000000000                     
 -55                        0000000000000000000000000000000000000000000000000000                     
 -54                       00000000000000000000000000000000000000000000000000000                     
 -53                       00000000000000000000000000000000000000000000000000000                     
 -52                       00000000000000000000000000000000000000000000000000000                     
 -51                       00000010000000000000000000000000000000000000000000000                     
 -50                       0000110000000000000000000000000000000000000000000000                      
 -49                       0000000000000000000000000000000000000000000000000000                      
 -48                      00000000000000000000000000000000000000000000000000000                      
 -47                      00000000000000000000000000000000000000000000000000000                      
 -46                      00000000000000000000000000000000000000000000000000000                      
 -45                      00000000000000000000000000000000000000000000000000000                      
 -44                      00000000000000000000000000000000000000000000000000000                      
 -43                       0000000000000000000000000000000000000000000000000000                      
 -42                       0000000000000000000000000000000000000000000000000000                      
 -41                       0000000000000000000000000000000000000000000000000000                      
 -40                       0000000000000000000000000000000000000000000000000000                      
 -39                       0000000000000000000000000000000000000000000000000000                      
 -38                        000000000000000000000000000000000000000000000000000                      
 -37                        000000000000000000000000000000000000000000000000000                      
 -36                        00000000000000000000000000000000000000000000000000                       
 -35                        00000000000000000000000000000000000000000000000000                       
 -34                         0000000000000000000000000000000000000000000000000                       
 -33                         000000000000000000000000000000000000000000000000                        
 -32                             0000000000000000        0000000000000000                            
 -31                             0000000000000000        0000000000000000                            
 -30                             0000000000000000        0000000000000000                            
 -29                             0000000000000000        0000000000000000                            
 -28                             0000000000000000        0000000000000000                            
 -27                             0000000000000000        0000000000000000                            
 -26                             0000000000000000        0000000000000000                            
 -25                             0000000000000000        0000000000000000                            
 -24                                                                                                 
 -23                                                                                                 
 -22                                                                                                 
 -21                                                                                                 
 -20                                                                                                 
 -19                                                                                                 
 -18                                                                                                 
 -17                                                                                                 
 -16                                                                                                 
 -15                                                                                                 
 -14                                                                                                 
 -13                                                                                                 
 -12                                                                                                 
 -11                                                                                                 
 -10                                                                                                 
  -9                                                                                                 
  -8                                 00000000000000000000000000000000                                
  -7                                 00000000000000000000000000000000                                
  -6                                 00000000000000000000000000000000                                
  -5                                 00000000000000000000000000000000                                
  -4                                 00000000000000000000000000000000                                
  -3                                 00000000000000000000000000000000                                
  -2                                 00000000000000000000000000000000                                
  -1                                 00000000000000000000000000000000                                
   0                                 00000000000000000000000000000000                                
   1                                 00000000000000000000000000000000                                
   2                                 00000000000000000000000000000000                                
   3                                 00000000000000000000000000000000                                
   4                                 00000000000000000000000000000000                                
   5                                 00000000000000000000000000000000                                
   6                                 00000000000000000000000000000000                                
   7                                 00000000000000000000000000000000                                
   8                                                                                                 
   9                                                                                                 
  10                                                                                                 
  11                                                                                                 
  12                                                                                                 
  13                                                                                                 
  14                                                                                                 
  15                                                                                                 
  16                                                                                                 
  17                                                                                                 
  18                                                                                                 
  19                                                                                                 
  20                                                                                                 
  21                                                                                                 
  22                                                                                                 
  23                                                                                                 
  24                             0000000000000000        0000000000000000                            
  25                             0000000000000000        0000000000000000                            
  26                             0000000000000000        0000000000000000                            
  27                             0000000000000000        0000000000000000                            
  28                             0000000000000000        0000000000000000                            
  29                             0000000000000000        0000000000000000                            
  30                             0000000000000000        0000000000000000                            
  31                             0000000000000000        0000000000000000                            
  32                         000000000000000000000000000000000000000000000000                        
  33                        0000000000000000000000000000000000000000000000000                        
  34                        00000000000000000000000000000000000000000000000000                       
  35                        00000000000000000000000000000000000000000000000000                       
  36                       000000000000000000000000000000000000000000000000000                       
  37                       000000000000000000000000000000000000000000000000000                       
  38                       0000000000000000000000000000000000000000000000000000                      
  39                       0000000000000000000000000000000000000000000000000000                      
  40                       0000000000000000000000000000000000000000000000000000                      
  41                       0000000000000000000000000000000000000000000000000000                      
  42                       0000000000000000000000000000000000000000000000000000                      
  43                       00000000000000000000000000000000000000000000000000000                     
  44                       00000000000000000000000000000000000000000000000000000                     
  45                       00000000000000000000000000000000000000000000000000000                     
  46                       00000000000000000000000000000000000000000000000000000                     
  47                       00000000000000000000000000000000000000000000000000000                     
  48                       0000000000000000000000000000000000000000000000000000                      
  49                       0000000000000000000000000000000000000000000000110000                      
  50                      00000000000000000000000000000000000000000000001000000                      
  51                      00000000000000000000000000000000000000000000000000000                      
  52                      00000000000000000000000000000000000000000000000000000                      
  53                      00000000000000000000000000000000000000000000000000000                      
  54                      0000000000000000000000000000000000000000000000000000                       
  55                      0000000000000000000000000000000000000000000000000000                       
  56                       000000000000000000000000000000000000000000000000000                       
  57                       000000000000000000000000000000000000000000000000000                       
  58                       00000000000000000000000000000000000000000000000000                        
  59                       0000000000000000000000000000000000000000000000000000                      
  60                       00000000000000000000000000000000000000000000000000000000000000000000000000
  61                       00000000000000000000000000000000000000000000000000000000000000000000000000
  62                       1000000000000000000000 000000000000000000000000000000000000000000000000000
  63                        000000000000000000           00000000000000000000000000000000000000000000
  64                        00000000000000000                0000000000000000000000000000000000000000
  65                        0000000000000000                 0000000000000000000000000000000000000000
  66                         000000000000000                 0000000000000000000000000000000000000000
  67                         00000000000000                  0000000000000000000000000000000000000000
  68 00000000000000000000000000000000000000                  0000000000000000000000000000000000000000
  69 00000000000000000000000000000000000000                  0000000000000000000000000000000000000000
  70 00000000000000000000000000000000000000                  0000000000000000000000000000000000000000
  71 00000000000000000000000000000000000000                  0000000000000000000000000000000000000000
  72 00000000000000000000000000000000000000                  0000000000000000                        
  73 00000000000000000000000000000000000000                  0000000000000000                        
  74 00000000000000000000000000000000000000                  00000000000000000                       
  75 00000000000000000000000000000000000000                  00000000000000000                       
  76 00000000000000000000000000000000000000                  00000000000000000                       
  77 000000000000000000000000000000000000000                 00000000000000000                       
  78 000000000000000000000000000000000000000                 000000000000000000                      
  79 0000000000000000000000000000000000000000                000000000000000000                      
  80                         00000000000000000          00000000000000000000000                      
  81                         00000000000000000000000000000000000000000000000000                      
  82                        000000000000000000000000000000000000000000000000000                      
  83                        000000000000000000000000000000000000000000000000000                      
  84                       0000000000000000000000000000000000000000000000000000                      
  85                       0000000000000000000000000000000000000000000000000000                      
  86                       0000000000000000000000000000000000000000000000000000                      
  87                       0000000000000000000000000000000000000000000000000000                      
  88                       0000000000000000000000000000000000000000000000000000                      
  89                       0000000000000000000000000000000000000000000000000000                      
  90                       000000000000000000000000000000000000000000000000000                       
  91                       000000000000000000000000000000000000000000000000000                       
  92                        00000000000000000000000000000000000000000000000000                       
  93                        00000000000000000000000000000000000000000000000000                       
  94                        0000000000000000000000000000000000000000000000000                        
  95                         000000000000000000000000000000000000000000000000                        
  96                         0000000000000000000 0000000000000000 0000000000                         
  97                                000000000    0000000000000000   00000                            
  98                                             0000000000000000                                    
  99                                             0000000000000000                                    
 100                                             0000000000000000                                    
 101                                             0000000000000000                                    
 102                                             0000000000000000                                    
 103                                             0000000000000000                                    
 104                                             0000000000000000                                    
 105                                             0000000000000000                                    
 106                                             0000000000000000                                    
 107                                             0000000000000000                                    
seats 8; refused 2926 DR-ROOT, 2771 DR-CLAIM, 1620 DR-KEEP, 1192 DR-ROAD

## boulder
SEATS  boulder, footprint 1x1, 2 blocks off a route  1 char = 1 block  x -48..47 across, z -108..107 down
KEY  1 the footprint seats with its minimum corner here  0 refused  space void
            -4        -3        -2        -1         0         1         2         3         4       
     876543210987654321098765432109876543210987654321012345678901234567890123456789012345678901234567
-108                                     0000000000000000                                            
-107                                     0000000000000000                                            
-106                                     0000000000000000                                            
-105                                     0000000000000000                                            
-104                                     0000000000000000                                            
-103                                     0000000000000000                                            
-102                                     0000000000000000                                            
-101                                     0000000000000000                                            
-100                                     0000000000000000                                            
 -99                                     0000000000000000                                            
 -98                             11111   0000000000000000    111111111                               
 -97                          1111111111 1000000000000000 1111111111111111111                        
 -96                         111111111111100000000000000011111111111111111111                        
 -95                         1111111111111000000000000000111111111111111111111                       
 -94                        11111111111111100000000000000111111111111111111111                       
 -93                        11111111111111000000000000000111111111111111111111                       
 -92                        111111111111110000000000000001111111111111111111111                      
 -91                        111111111111100000000000000000001111111111111111111                      
 -90                       1111111111111000000000000000000000011111111111111111                      
 -89                       1111111111111000000000000000000000001111111111111111                      
 -88                       1111111111100000000000000000000000000111111111111111                      
 -87                       1111111111000000000000000000000000000011111111111111                      
 -86                       1111111110000000000000000000000000000001111111111111                      
 -85                       111111111000000000000000000000000000000111111111111                       
 -84                       111111110000000000000000000000110000000011111111111                       
 -83                       111111100000000000000000000000110000000001111111111                       
 -82                       11111110000000000000000000000011100000000111111111                        
 -81                       11111100000000100000000          10000000011111111                        
 -80                       111111000000011111                1000000011111111100000001111110000000000
 -79                       111111000000011111                 000000011111111100000000000000000000000
 -78                        11110000000111111                 100000000000001100000000000000000000000
 -77                        11110000000111111                  00000000000000000000000000000000000000
 -76                        11100000001111111                  00000000000000000000000000000000000000
 -75                        11100000001111111                  00000000000000000000000000000000000000
 -74                         1100000001111111                  00000000000000000000000000000000000000
 -73                         1100000011111111                  00000000000000000000000000000000000000
 -72 0000000000011111100000001100000011111111                  00000000010000000000000000000000000000
 -71 0000000000000000000000001100000011111111                  00000011111111100000000000000000000000
 -70 0000000000000000000000000000000011111111                  00000001111111100000000000000000000000
 -69 0000000000000000000000000000000001111111                  00000001111111100000000000000000000000
 -68 0000000000000000000000000000000001111111                  10000001111111                        
 -67 0000000000000000000000000000000000111111                 110000001111111                        
 -66 0000000000000000000000000000000000011111                 1100000011111111                       
 -65 0000000000000000000000000000000000011111                11100000011111111                       
 -64 00000000000000000000100000110000000011111111           111100000011111111                       
 -63 000000000000000000001111111110000000011111111111111 1111111000000111111111                      
 -62 00000000000000000001111111111000000001111111111111111111111000000111111111                      
 -61 00000000000000000000111111111100000000111111111111111111111000000111111111                      
 -60                       1111111110000000111111111111111111111000000111111111                      
 -59                         11111110000000011111111111111111110000000111111111                      
 -58                        111111111000000011111111111111111110000000111111111                      
 -57                        111111111000000011111111111111111110000001111111111                      
 -56                        1111111111000000011111111111111111000000011111111111                     
 -55                        1111111111000000011111111111111111000000011111111111                     
 -54                       11111111111000000011111111111111110000000011111111111                     
 -53                       11111111111100000011111111111111110000000111111111111                     
 -52                       11111111111100000011111111111111100000000111111111111                     
 -51                       11111111111100000011111111111111100000001111111111111                     
 -50                       1111111111110000001111111111111100000000111111111111                      
 -49                       1111111111110000001111111111111100000001111111111111                      
 -48                      11101111111110000001111111111111000000001111111111111                      
 -47                      11000111111110000001111111111111000000011111111111111                      
 -46                      11000111111110000001111111111111000000011111111111111                      
 -45                      11000111111110000001111111111111000000111111111111111                      
 -44                      11111111111100000001111111111111000000111111111111111                      
 -43                       1111111111100000001111111111111000000111111111111111                      
 -42                       1111111111100000011111111111111000000111111111111111                      
 -41                       1111111111100000011111111111111000000111111111111111                      
 -40                       1111111111100000011111111111111000000111111111111111                      
 -39                       1111111111100000011111111111111000000111111111111111                      
 -38                        111111111100000001111111111111000000011111111111111                      
 -37                        111111111100000001111111111111000000001111111111111                      
 -36                        11111111110000000111111111111100000000111111111111                       
 -35                        11111111111000000111111111111110000000011111111111                       
 -34                         1111111110000000111111111111110000000001111111111                       
 -33                         111111111000000011111111111111100000000111111111                        
 -32                             1111100000001111        1111000000001111                            
 -31                             1111100000011111        1111100000001111                            
 -30                             1111100000011111        1111100000001111                            
 -29                             1111100000011111        1111100000001111                            
 -28                             1111100000011111        1111100000011111                            
 -27                             1111100000011111        1111100000011111                            
 -26                             1111100000011111        1111100000011111                            
 -25                             1111100000011111        1111100000011111                            
 -24                                                                                                 
 -23                                                                                                 
 -22                                                                                                 
 -21                                                                                                 
 -20                                                                                                 
 -19                                                                                                 
 -18                                                                                                 
 -17                                                                                                 
 -16                                                                                                 
 -15                                                                                                 
 -14                                                                                                 
 -13                                                                                                 
 -12                                                                                                 
 -11                                                                                                 
 -10                                                                                                 
  -9                                                                                                 
  -8                                 11111111111111111111111111111111                                
  -7                                 11111111111111111111111111111111                                
  -6                                 11111111111111111111111111100011                                
  -5                                 11111111111111111111111111100001                                
  -4                                 11111111111111100111111111100011                                
  -3                                 11110011111110000001111111111111                                
  -2                                 11100001111110000001111111001111                                
  -1                                 11100001111110000001111110000111                                
   0                                 11100001111110000001111110000111                                
   1                                 11110011111110000001111110000111                                
   2                                 11111111111110000001111111001111                                
   3                                 11000111111111100111111111111111                                
   4                                 10000111111111111111111111111111                                
   5                                 11000111111111111111111111111111                                
   6                                 11111111111111111111111111111111                                
   7                                 11111111111111111111111111111111                                
   8                                                                                                 
   9                                                                                                 
  10                                                                                                 
  11                                                                                                 
  12                                                                                                 
  13                                                                                                 
  14                                                                                                 
  15                                                                                                 
  16                                                                                                 
  17                                                                                                 
  18                                                                                                 
  19                                                                                                 
  20                                                                                                 
  21                                                                                                 
  22                                                                                                 
  23                                                                                                 
  24                             1111100000011111        1111100000011111                            
  25                             1111100000011111        1111100000011111                            
  26                             1111100000011111        1111100000011111                            
  27                             1111100000011111        1111100000011111                            
  28                             1111000000011111        1111100000011111                            
  29                             1111000000011111        1111100000011111                            
  30                             1111000000011111        1111100000011111                            
  31                             1111000000001111        1111000000011111                            
  32                         111111111000000001111111111111110000000111111111                        
  33                        1111111111000000000111111111111110000000111111111                        
  34                        11111111111000000001111111111111100000011111111111                       
  35                        11111111111100000000111111111111100000001111111111                       
  36                       111111111111100000000111111111111100000001111111111                       
  37                       111111111111110000000111111111111100000001111111111                       
  38                       1111111111111110000001111111111111100000011111111111                      
  39                       1111111111111110000001111111111111100000011111111111                      
  40                       1111111111111110000001111111111111100000011111111111                      
  41                       1111111111111110000001111111111111100000011111111111                      
  42                       1111111111111110000001111111111111000000011111111111                      
  43                       11111111111111100000011111111111110000000111111111111                     
  44                       11111111111111100000011111111111110000001111111100011                     
  45                       11111111111111000000011111111111110000001111111100011                     
  46                       11111111111111000000011111111111110000001111111100011                     
  47                       11111111111110000000011111111111110000001111111110111                     
  48                       1111111111111000000011111111111111000000111111111111                      
  49                       1111111111110000000011111111111111000000111111111111                      
  50                      11111111111110000000111111111111111000000111111111111                      
  51                      11111111111100000000111111111111111000000111111111111                      
  52                      11111111111100000001111111111111111000000111111111111                      
  53                      11111111111000000001111111111111111000000011111111111                      
  54                      1111111111100000001111111111111111100000001111111111                       
  55                      1111111111100000001111111111111111100000001111111111                       
  56                       111111111100000011111111111111111110000000111111111                       
  57                       111111111000000011111111111111111110000000111111111                       
  58                       11111111100000001111111111111111111000000001111111                        
  59                       1111111110000001111111111111111111110000000111111111                      
  60                       11111111100000011111111111111111111100000000111111111100001111110000000000
  61                       11111111100000011111111111111111111110000000011111111110000000000000000000
  62                       1111111110000001111111 111111111111110000000011111111100000000000000000000
  63                        111111110000001111           11111111000000001100000100000000000000000000
  64                        11111111000000111                1111100000000000000000000000000000000000
  65                        1111111100000011                 1111100000000000000000000000000000000000
  66                         111111100000011                 1111110000000000000000000000000000000000
  67                         11111110000001                  1111111000000000000000000000000000000000
  68 00000000000111111000000011111110000000                  1111111000000000000000000000000000000000
  69 00000000000000000000000011111110000000                  1111111100000000100000000000000000000000
  70 00000000000000000000000011111111000000                  1111111100000011100000000000000000000000
  71 00000000000000000000000000001000000000                  1111111100000011100000000000000000000000
  72 00000000000000000000000000000000000000                  1111111100000011                        
  73 00000000000000000000000000000000000000                  1111111000000011                        
  74 00000000000000000000000000000000000000                  11111110000000111                       
  75 00000000000000000000000000000000000000                  11111110000000111                       
  76 00000000000000000000000000000000000000                  11111100000001111                       
  77 000000000000000000000000100000000000001                 11111100000001111                       
  78 000000000000000000000000111111110000000                 111110000000111111                      
  79 0000000000000000000000001111111100000001                111110000000111111                      
  80                         11111111000000001          11111111100000000111111                      
  81                         11111111100000000111100000000000000000000001111111                      
  82                        011111111100000000011100000000000000000000001111111                      
  83                        111111111110000000011100000000000000000000011111111                      
  84                       1111111111111000000000100000000000000000000111111111                      
  85                       1111111111111000000000000000000000000000000111111111                      
  86                       1111111111111100000000000000000000000000001111111111                      
  87                       1111111111111110000000000000000000000000011111111111                      
  88                       1111111111111111000000000000000000000001111111111111                      
  89                       1111111111111111100000000000000000000001111111111111                      
  90                       111111111111111111100000000000000000001111111111111                       
  91                       111111111111111111111100000000000000011111111111111                       
  92                        11111111111111111111110000000000000011111111111111                       
  93                        11111111111111111111110000000000000111111111111111                       
  94                        1111111111111111111111000000000000001111111111111                        
  95                         111111111111111111111000000000000001111111111111                        
  96                         1111111111111111111 1000000000000000 1111111111                         
  97                                111111111    1000000000000000   11111                            
  98                                             0000000000000000                                    
  99                                             0000000000000000                                    
 100                                             0000000000000000                                    
 101                                             0000000000000000                                    
 102                                             0000000000000000                                    
 103                                             0000000000000000                                    
 104                                             0000000000000000                                    
 105                                             0000000000000000                                    
 106                                             0000000000000000                                    
 107                                             0000000000000000                                    
seats 4572; refused 1620 DR-KEEP, 1598 DR-CLAIM, 727 DR-ROAD

## house
SEATS  house, footprint 9x7, no route standoff  1 char = 1 block  x -48..47 across, z -108..107 down
KEY  1 the footprint seats with its minimum corner here  0 refused  space void
            -4        -3        -2        -1         0         1         2         3         4       
     876543210987654321098765432109876543210987654321012345678901234567890123456789012345678901234567
-108                                     0000000000000000                                            
-107                                     0000000000000000                                            
-106                                     0000000000000000                                            
-105                                     0000000000000000                                            
-104                                     0000000000000000                                            
-103                                     0000000000000000                                            
-102                                     0000000000000000                                            
-101                                     0000000000000000                                            
-100                                     0000000000000000                                            
 -99                                     0000000000000000                                            
 -98                             00000   0000000000000000    000000000                               
 -97                          0000000000 0000000000000000 1000000000000000000                        
 -96                         000000000000000000000000000000000000000000000000                        
 -95                         0000000000000000000000000000000000000000000000000                       
 -94                        00000000000000000000000000000000000000000000000000                       
 -93                        00000000000000000000000000000000000000000000000000                       
 -92                        000000000000000000000000000000000000000000000000000                      
 -91                        000000000000000000000000000000000000000000000000000                      
 -90                       0000000000000000000000000000000000000000000000000000                      
 -89                       0000000000000000000000000000000000000000000000000000                      
 -88                       0000000000000000000000000000000000000000000000000000                      
 -87                       0000000000000000000000000000000000000000000000000000                      
 -86                       0000000000000000000000000000000000000000000000000000                      
 -85                       000000000000000000000000000000000000000000000000000                       
 -84                       000000000000000000000000000000000000000000000000000                       
 -83                       000000000000000000000000000000000000000000000000000                       
 -82                       00000000000000000000000000000000000000000000000000                        
 -81                       00000000000000000000000          00000000000000000                        
 -80                       000000000000000000                0000000000000000000000000000000000000000
 -79                       000000000000000000                 000000000000000000000000000000000000000
 -78                        00000000000000000                 000000000000000000000000000000000000000
 -77                        00000000000000000                  00000000000000000000000000000000000000
 -76                        00000000000000000                  00000000000000000000000000000000000000
 -75                        00000000000000000                  00000000000000000000000000000000000000
 -74                         0000000000000000                  00000000000000000000000000000000000000
 -73                         0000000000000000                  00000000000000000000000000000000000000
 -72 0000000000000000000000000000000000000000                  00000000000000000000000000000000000000
 -71 0000000000000000000000000000000000000000                  00000000000000000000000000000000000000
 -70 0000000000000000000000000000000000000000                  00000000000000000000000000000000000000
 -69 0000000000000000000000000000000000000000                  00000000000000000000000000000000000000
 -68 0000000000000000000000000000000000000000                  00000000000000                        
 -67 0000000000000000000000000000000000000000                 000000000000000                        
 -66 0000000000000000000000000000000000000000                 0000000000000000                       
 -65 0000000000000000000000000000000000000000                00000000000000000                       
 -64 00000000000000000000000000000000000000000000           000000000000000000                       
 -63 000000000000000000000000000000000000000000100000000 0000000000000000000000                      
 -62 00000000000000000000000000000000000000000000111000000000000000000000000000                      
 -61 00000000000000000000000000000000000000000000000000000000000000000000000000                      
 -60                       0000000000000000000000000000000000000000000000000000                      
 -59                         00000000000000000000000000000000000000000000000000                      
 -58                        100000000000000000000000000000000000000000000000000                      
 -57                        000000000000000000000000000000000000000000000000000                      
 -56                        0000000000000000000000000000000000000000000000000000                     
 -55                        0000000000000000000000000000000000000000000000000000                     
 -54                       00000000000000000111100000000000000000000001000000000                     
 -53                       00000000000000000111111100000000000000000001000000000                     
 -52                       00000000000000000111111100000000000000000001000000000                     
 -51                       00000000000000000111111100000000000000000000000000000                     
 -50                       0000000000000000011111110000000000000000001000000000                      
 -49                       0000000000000000011111110000000000000000001000000000                      
 -48                      00000000000000000011111110000000000000000000000000000                      
 -47                      00000000000000000000000000000000000000000000000000000                      
 -46                      00000000000000000000000000000000000000000000000000000                      
 -45                      00000000000000000000000000000000000000000000000000000                      
 -44                      00000000000000000000000000000000000000000000000000000                      
 -43                       0000000000000000000000000000000000000000000000000000                      
 -42                       0000000000000000000000000000000000000000000000000000                      
 -41                       0000000000000000000000000000000000000000000000000000                      
 -40                       0000000000000000000000000000000000000000000000000000                      
 -39                       0000000000000000000000000000000000000000000000000000                      
 -38                        000000000000000000000000000000000000000000000000000                      
 -37                        000000000000000000000000000000000000000000000000000                      
 -36                        00000000000000000000000000000000000000000000000000                       
 -35                        00000000000000000000000000000000000000000000000000                       
 -34                         0000000000000000000000000000000000000000000000000                       
 -33                         000000000000000000000000000000000000000000000000                        
 -32                             0000000000000000        0000000000000000                            
 -31                             0000000000000000        0000000000000000                            
 -30                             0000000000000000        0000000000000000                            
 -29                             0000000000000000        0000000000000000                            
 -28                             0000000000000000        0000000000000000                            
 -27                             0000000000000000        0000000000000000                            
 -26                             0000000000000000        0000000000000000                            
 -25                             0000000000000000        0000000000000000                            
 -24                                                                                                 
 -23                                                                                                 
 -22                                                                                                 
 -21                                                                                                 
 -20                                                                                                 
 -19                                                                                                 
 -18                                                                                                 
 -17                                                                                                 
 -16                                                                                                 
 -15                                                                                                 
 -14                                                                                                 
 -13                                                                                                 
 -12                                                                                                 
 -11                                                                                                 
 -10                                                                                                 
  -9                                                                                                 
  -8                                 00000000000000000000000000000000                                
  -7                                 00000000000000000000000000000000                                
  -6                                 00000000000000000000000000000000                                
  -5                                 00000000000000000000000000000000                                
  -4                                 00000000000000000000000000000000                                
  -3                                 00000000000000000000000000000000                                
  -2                                 00000000000000000000000000000000                                
  -1                                 00000000000000000000000000000000                                
   0                                 00000000000000000000000000000000                                
   1                                 00000000000000000000000000000000                                
   2                                 00000000000000000000000000000000                                
   3                                 00000000000000000000000000000000                                
   4                                 00000000000000000000000000000000                                
   5                                 00000000000000000000000000000000                                
   6                                 00000000000000000000000000000000                                
   7                                 00000000000000000000000000000000                                
   8                                                                                                 
   9                                                                                                 
  10                                                                                                 
  11                                                                                                 
  12                                                                                                 
  13                                                                                                 
  14                                                                                                 
  15                                                                                                 
  16                                                                                                 
  17                                                                                                 
  18                                                                                                 
  19                                                                                                 
  20                                                                                                 
  21                                                                                                 
  22                                                                                                 
  23                                                                                                 
  24                             0000000000000000        0000000000000000                            
  25                             0000000000000000        0000000000000000                            
  26                             0000000000000000        0000000000000000                            
  27                             0000000000000000        0000000000000000                            
  28                             0000000000000000        0000000000000000                            
  29                             0000000000000000        0000000000000000                            
  30                             0000000000000000        0000000000000000                            
  31                             0000000000000000        0000000000000000                            
  32                         000000000000000000000000000000000000000000000000                        
  33                        0000000000000000000000000000000000000000000000000                        
  34                        00000000000000000000000000000000000000000000000000                       
  35                        00000000000000000000000000000000000000000000000000                       
  36                       000000000000000000000000000000000000000000000000000                       
  37                       000000000000000000000000000000000000000000000000000                       
  38                       0000000000000000000000000000000000000000000000000000                      
  39                       0000000000000000000000000000000000000000000000000000                      
  40                       0000000000000000000000000000000000000000000000000000                      
  41                       0000000000000000000011111110000000000000000000000000                      
  42                       0100000000000000000011111110000000000000000000000000                      
  43                       01000000000000000000111111100000000000000000000000000                     
  44                       00000000000000000000111111100000000000000000000000000                     
  45                       10000000000000000000111111100000000000000000000000000                     
  46                       10000000000000000000111111100000000000000000000000000                     
  47                       10000000000000000000000111100000000000000000000000000                     
  48                       0000000000000000000000000000000000000000000000000000                      
  49                       0000000000000000000000000000000000000000000000000000                      
  50                      00000000000000000000000000000000000000000000000000000                      
  51                      00000000000000000000000000000000000000000001000000000                      
  52                      00000000000000000000000000000000000000000000000000000                      
  53                      00000000000000000000000000000000000000000000000000000                      
  54                      0000000000000000000000000000000000000000000000000000                       
  55                      0000000000000000000011100000000000000000000000000000                       
  56                       000000000000000000000001000000000000000000000000000                       
  57                       000000000000000000000000000000000000000000000000000                       
  58                       00000000000000000000000000000000000000000000000000                        
  59                       0000000000000000000000000000000000000000000000000000                      
  60                       00000000000000000000000000000000000000000000000000000000000000000000000000
  61                       00000000000000000000000000000000000000000000000000000000000000000000000000
  62                       0000000000000000000000 000000000000000000000000000000000000000000000000000
  63                        000000000000000000           00000000000000000000000000000000000000000000
  64                        00000000000000000                0000000000000000000000000000000000000000
  65                        0000000000000000                 0000000000000000000000000000000000000000
  66                         000000000000000                 0000000000000000000000000000000000000000
  67                         00000000000000                  0000000000000000000000000000000000000000
  68 00000000000000000000000000000000000000                  0000000000000000000000000000000000000000
  69 00000000000000000000000000000000000000                  0000000000000000000000000000000000000000
  70 00000000000000000000000000000000000000                  0000000000000000000000000000000000000000
  71 00000000000000000000000000000000000000                  0000000000000000000000000000000000000000
  72 00000000000000000000000000000000000000                  0000000000000000                        
  73 00000000000000000000000000000000000000                  0000000000000000                        
  74 00000000000000000000000000000000000000                  00000000000000000                       
  75 00000000000000000000000000000000000000                  00000000000000000                       
  76 00000000000000000000000000000000000000                  00000000000000000                       
  77 000000000000000000000000000000000000000                 00000000000000000                       
  78 000000000000000000000000000000000000000                 000000000000000000                      
  79 0000000000000000000000000000000000000000                000000000000000000                      
  80                         00000000000000000          00000000000000000000000                      
  81                         00000000000000000000000000000000000000000000000000                      
  82                        000000000000000000000000000000000000000000000000000                      
  83                        000000000000000000000000000000000000000000000000000                      
  84                       0000000000000000000000000000000000000000000000000000                      
  85                       0000000000000000000000000000000000000000000000000000                      
  86                       0000000000000000000000000000000000000000000000000000                      
  87                       0000000000000000000000000000000000000000000000000000                      
  88                       0000000000000000000000000000000000000000000000000000                      
  89                       0000000000000000000000000000000000000000000000000000                      
  90                       000000000000100000000000000000000000000000000000000                       
  91                       000000000000000000000000000000000000000000000000000                       
  92                        00000000000000000000000000000000000000000000000000                       
  93                        00000000000000000000000000000000000000000000000000                       
  94                        0000000000000000000000000000000000000000000000000                        
  95                         000000000000000000000000000000000000000000000000                        
  96                         0000000000000000000 0000000000000000 0000000000                         
  97                                000000000    0000000000000000   00000                            
  98                                             0000000000000000                                    
  99                                             0000000000000000                                    
 100                                             0000000000000000                                    
 101                                             0000000000000000                                    
 102                                             0000000000000000                                    
 103                                             0000000000000000                                    
 104                                             0000000000000000                                    
 105                                             0000000000000000                                    
 106                                             0000000000000000                                    
 107                                             0000000000000000                                    
seats 114; refused 3590 DR-CLAIM, 2101 DR-KEEP, 1853 DR-SITE, 859 DR-PASS
DR-SLOPE asked: a site rising 7 or more is refused
NOT ASKED  DR-CROSS, DR-WAY — the pass may still decline a seat marked 1 under these
