## spawn-red -> red-0
ROUTE (10, 88) -> (-36, 74) aim travel: 52 blocks, 3 placed, 1 drop(s), worst drop 4
  place            y   step
  (10, 88)          14
  (9, 88)           14
  (8, 88)           14
  (7, 88)           14
  (6, 88)           14
  (5, 87)           14
  (4, 86)           14
  (3, 85)           14
  (2, 85)           14
  (1, 85)           14
  (0, 85)           14
  (-1, 85)          14
  (-2, 85)          14
  (-3, 85)          14
  (-4, 85)          14
  (-5, 85)          14
  (-6, 85)          14
  (-7, 85)          14
  (-8, 85)          14
  (-9, 85)          14
  (-10, 84)         14
  (-11, 83)         14
  (-12, 82)         14
  (-13, 81)         14
  (-14, 80)         14
  (-15, 79)         14
  (-16, 78)         13
  (-17, 77)         13
  (-18, 77)         13
  (-19, 77)         13
  (-20, 77)         17   wall +4
  (-21, 77)         17
  (-22, 77)         13   wall -4
  (-23, 77)         13
  (-24, 77)         13
  (-25, 77)         13
  (-26, 77)         13
  (-27, 77)         13
  (-28, 77)         13
  (-29, 77)         12
  (-30, 77)         12
  (-31, 77)         12
  (-32, 77)         12
  (-33, 76)         13
  (-34, 75)         12
  (-35, 75)         12
  (-36, 74)         12
rises 1, falls 1, worst step 0: wall +4 at (-20, 77); wall -4 at (-22, 77)
beside: redstoneline 0 at (-33, 76) d0, spawn spawn-1 at (5, 87) d0, wall 0 at (-21, 77) d0, wool wool-1 at (-36, 74) d0

## spawn-red -> orange-0
ROUTE (10, 88) -> (36, 58) aim travel: 50 blocks, 3 placed, 1 drop(s), worst drop 4
  place            y   step
  (10, 88)          14
  (10, 87)          14
  (10, 86)          14
  (10, 85)          14
  (10, 84)          14
  (10, 83)          14
  (10, 82)          14
  (10, 81)          14
  (10, 80)          14
  (10, 79)          14
  (10, 78)          14
  (10, 77)          14
  (10, 76)          14
  (10, 75)          14
  (10, 74)          14
  (10, 73)          14
  (10, 72)          14
  (10, 71)          14
  (10, 70)          14
  (10, 69)          14
  (10, 68)          14
  (11, 67)          13
  (12, 66)          13
  (13, 65)          13
  (14, 64)          13
  (15, 63)          12
  (16, 62)          12
  (17, 62)          12
  (18, 62)          12
  (19, 62)          16   wall +4
  (20, 62)          16
  (21, 62)          12   wall -4
  (22, 62)          12
  (23, 62)          12
  (24, 62)          12
  (25, 62)          12
  (26, 62)          12
  (27, 62)          12
  (28, 62)          11
  (29, 62)          11
  (30, 62)          11
  (31, 61)          11
  (32, 60)          12
  (33, 59)          11
  (34, 59)          11
  (35, 59)          11
  (36, 58)          11
rises 1, falls 1, worst step 0: wall +4 at (19, 62); wall -4 at (21, 62)
beside: redstoneline 1 at (32, 60) d0, spawn spawn-1 at (10, 85) d0, wall 1 at (19, 62) d0, wool wool-2 at (33, 59) d0

## spawn-red -> blue-1
ROUTE (10, 88) -> (36, -74) aim travel: 187 blocks, 34 placed, 2 drop(s), worst drop 8
  place            y   step
  (10, 88)          14
  (10, 87)          14
  (10, 86)          14
  (10, 85)          14
  (10, 84)          14
  (10, 83)          14
  (10, 82)          14
  (10, 81)          14
  (10, 80)          14
  (10, 79)          14
  (10, 78)          14
  (10, 77)          14
  (10, 76)          14
  (10, 75)          14
  (10, 74)          14
  (10, 73)          14
  (10, 72)          14
  (10, 71)          14
  (10, 70)          14
  (10, 69)          14
  (10, 68)          14
  (10, 67)          13
  (10, 66)          13
  (10, 65)          13
  (10, 64)          13
  (10, 63)          13
  (10, 62)          13
  (10, 61)          12
  (10, 60)          12
  (10, 59)          12
  (10, 58)          12
  (10, 57)          12
  (10, 56)          12
  (10, 55)          12
  (10, 54)          12
  (10, 53)          12
  (10, 52)          11
  (10, 51)          11
  (10, 50)          11
  (10, 49)          11
  (10, 48)          11
  (10, 47)          11
  (10, 46)          11
  (10, 45)          10
  (10, 44)          10
  (10, 43)          10
  (10, 42)          10
  (10, 41)          10
  (10, 40)          10
  (10, 39)          10
  (10, 38)           9
  (10, 37)           9
  (10, 36)           9
  (10, 35)           9
  (10, 34)           9
  (10, 33)           9
  (10, 32)           9
  (10, 31)           9
  (10, 30)           9
  (10, 29)           9
  (10, 28)           9
  (10, 27)           9
  (10, 26)           9
  (10, 25)           9
  (10, 24)           9
  (10, 23)           9
  (10, 22)           9
  (10, 21)           9
  (10, 20)           9
  (10, 19)           9
  (10, 18)           9
  (10, 17)           9
  (10, 16)           9
  (10, 15)           9
  (10, 14)           9
  (10, 13)          12   barrier +3
  (10, 12)          12
  (10, 11)          12
  (10, 10)          12
  (10, 9)           12
  (10, 8)           12
  (10, 7)           12
  (10, 6)           12
  (10, 5)           12
  (10, 4)           12
  (10, 3)           12
  (10, 2)           12
  (10, 1)           12
  (10, 0)           12
  (10, -1)          12
  (10, -2)          12
  (10, -3)          12
  (10, -4)          12
  (10, -5)          12
  (10, -6)          12
  (10, -7)          12
  (10, -8)          12
  (10, -9)          12
  (10, -10)         12
  (10, -11)         12
  (10, -12)         12
  (10, -13)         12
  (10, -14)         12
  (10, -15)          9
  (10, -16)          9
  (10, -17)          9
  (10, -18)          9
  (10, -19)          9
  (10, -20)          9
  (10, -21)          9
  (10, -22)          9
  (10, -23)          9
  (10, -24)          9
  (9, -25)           9
  (8, -26)           9
  (8, -27)           9
  (8, -28)           9
  (8, -29)           9
  (8, -30)           9
  (8, -31)           9
  (8, -32)           9
  (8, -33)           9
  (8, -34)           9
  (8, -35)           9
  (8, -36)           9
  (8, -37)           9
  (8, -38)           9
  (8, -39)           9
  (8, -40)          10
  (8, -41)          10
  (8, -42)          10
  (8, -43)          10
  (8, -44)          10
  (8, -45)          10
  (8, -46)          10
  (8, -47)          11
  (8, -48)          11
  (8, -49)          11
  (8, -50)          11
  (8, -51)          11
  (8, -52)          11
  (8, -53)          11
  (8, -54)          11
  (8, -55)          11
  (8, -56)          11
  (8, -57)          11
  (8, -58)          12
  (8, -59)          12
  (8, -60)          12
  (8, -61)          12
  (8, -62)          12
  (7, -63)          18   barrier +6
  (7, -64)          19
  (7, -65)          20
  (8, -65)          20
  (9, -66)          21
  (10, -66)         21
  (11, -67)         22
  (12, -67)         22
  (13, -67)         22
  (14, -68)         22
  (15, -68)         22
  (16, -69)         21
  (17, -69)         13   drop -8
  (18, -69)         13
  (19, -69)         17   wall +4
  (20, -69)         17
  (21, -69)         13   wall -4
  (22, -69)         13
  (23, -69)         13
  (24, -69)         13
  (25, -69)         13
  (26, -69)         13
  (27, -69)         13
  (28, -69)         12
  (29, -69)         12
  (30, -70)         12
  (31, -71)         12
  (32, -72)         13
  (33, -73)         12
  (34, -73)         12
  (35, -73)         12
  (36, -74)         12
rises 3, falls 2, worst step 8: barrier +3 at (10, 13); barrier +6 at (7, -63); drop -8 at (17, -69); wall +4 at (19, -69); wall -4 at (21, -69)
beside: house cabin-a#1 at (7, -65) d0, redstoneline 0#1 at (32, -72) d0, spawn spawn-1 at (10, 85) d0, tree s1#1 at (8, -50) d0, tree s2#1 at (8, -62) d0, tree s6 at (10, 52) d0, wall 0#1 at (19, -69) d0, wool wool-1#1 at (33, -73) d0, boulder r1#1 at (9, -28) d1, house cabin-b at (11, 43) d1

## spawn-red -> light_blue-1
ROUTE (10, 88) -> (-36, -58) aim travel: 175 blocks, 29 placed, 1 drop(s), worst drop 4
  place            y   step
  (10, 88)          14
  (10, 87)          14
  (10, 86)          14
  (10, 85)          14
  (10, 84)          14
  (10, 83)          14
  (10, 82)          14
  (10, 81)          14
  (10, 80)          14
  (10, 79)          14
  (10, 78)          14
  (10, 77)          14
  (10, 76)          14
  (10, 75)          14
  (10, 74)          14
  (10, 73)          14
  (10, 72)          14
  (10, 71)          14
  (10, 70)          14
  (10, 69)          14
  (10, 68)          14
  (10, 67)          13
  (10, 66)          13
  (10, 65)          13
  (10, 64)          13
  (10, 63)          13
  (10, 62)          13
  (10, 61)          12
  (10, 60)          12
  (10, 59)          12
  (10, 58)          12
  (10, 57)          12
  (10, 56)          12
  (10, 55)          12
  (10, 54)          12
  (10, 53)          12
  (10, 52)          11
  (10, 51)          11
  (10, 50)          11
  (10, 49)          11
  (10, 48)          11
  (10, 47)          11
  (10, 46)          11
  (10, 45)          10
  (10, 44)          10
  (10, 43)          10
  (10, 42)          10
  (10, 41)          10
  (10, 40)          10
  (10, 39)          10
  (10, 38)           9
  (10, 37)           9
  (10, 36)           9
  (10, 35)           9
  (10, 34)           9
  (10, 33)           9
  (10, 32)           9
  (10, 31)           9
  (10, 30)           9
  (10, 29)           9
  (10, 28)           9
  (10, 27)           9
  (10, 26)           9
  (10, 25)           9
  (10, 24)           9
  (10, 23)           9
  (10, 22)           9
  (10, 21)           9
  (10, 20)           9
  (10, 19)           9
  (10, 18)           9
  (10, 17)           9
  (10, 16)           9
  (10, 15)           9
  (10, 14)           9
  (10, 13)          12   barrier +3
  (10, 12)          12
  (10, 11)          12
  (10, 10)          12
  (10, 9)           12
  (10, 8)           12
  (10, 7)           12
  (10, 6)           12
  (10, 5)           12
  (9, 4)            12
  (8, 3)            12
  (7, 2)            12
  (6, 1)            12
  (5, 0)            12
  (4, -1)           12
  (3, -2)           12
  (2, -3)           12
  (1, -4)           12
  (0, -5)           12
  (-1, -6)          12
  (-2, -7)          12
  (-3, -8)          12
  (-3, -9)          12
  (-3, -10)         12
  (-3, -11)         12
  (-3, -12)         12
  (-3, -13)         12
  (-3, -14)         12
  (-4, -15)         12
  (-5, -16)         12
  (-6, -17)          9
  (-7, -18)          9
  (-8, -19)          9
  (-9, -20)          9
  (-10, -21)         9
  (-10, -22)         9
  (-10, -23)         9
  (-10, -24)         9
  (-10, -25)         9
  (-10, -26)         9
  (-10, -27)         9
  (-10, -28)         9
  (-10, -29)         9
  (-10, -30)         9
  (-10, -31)         9
  (-10, -32)         9
  (-10, -33)         9
  (-10, -34)         9
  (-10, -35)         9
  (-10, -36)         9
  (-10, -37)         9
  (-10, -38)         9
  (-10, -39)         9
  (-10, -40)        10
  (-10, -41)        10
  (-10, -42)        10
  (-10, -43)        10
  (-10, -44)        10
  (-10, -45)        10
  (-10, -46)        10
  (-10, -47)        11
  (-10, -48)        11
  (-10, -49)        11
  (-11, -50)        11
  (-12, -51)        11
  (-13, -51)        11
  (-14, -51)        11
  (-15, -51)        11
  (-16, -51)        11
  (-17, -52)        11
  (-17, -53)        12
  (-18, -53)        12
  (-19, -53)        12
  (-20, -53)        16   wall +4
  (-21, -53)        16
  (-22, -53)        12   wall -4
  (-23, -53)        12
  (-24, -53)        12
  (-25, -53)        12
  (-26, -53)        12
  (-27, -53)        12
  (-28, -53)        12
  (-29, -53)        11
  (-30, -53)        11
  (-31, -54)        11
  (-32, -55)        11
  (-33, -56)        12
  (-34, -57)        11
  (-35, -57)        11
  (-36, -58)        11
rises 2, falls 1, worst step 3: barrier +3 at (10, 13); wall +4 at (-20, -53); wall -4 at (-22, -53)
beside: redstoneline 1#1 at (-33, -56) d0, spawn spawn-1 at (10, 85) d0, tree s6#1 at (-19, -53) d0, tree s6 at (10, 52) d0, wall 1#1 at (-21, -53) d0, wool wool-2#1 at (-36, -58) d0, house cabin-b#1 at (-12, -50) d1, house cabin-b at (11, 43) d1

## spawn-blue -> red-0
ROUTE (-10, -88) -> (-36, 74) aim travel: 185 blocks, 34 placed, 2 drop(s), worst drop 8
  place            y   step
  (-10, -88)        14
  (-10, -87)        14
  (-10, -86)        14
  (-10, -85)        14
  (-10, -84)        14
  (-10, -83)        14
  (-10, -82)        14
  (-10, -81)        14
  (-10, -80)        14
  (-10, -79)        14
  (-10, -78)        14
  (-10, -77)        14
  (-10, -76)        14
  (-10, -75)        14
  (-10, -74)        14
  (-10, -73)        14
  (-10, -72)        14
  (-10, -71)        14
  (-10, -70)        14
  (-10, -69)        14
  (-10, -68)        13
  (-10, -67)        13
  (-10, -66)        13
  (-10, -65)        13
  (-10, -64)        13
  (-10, -63)        13
  (-10, -62)        13
  (-10, -61)        12
  (-10, -60)        12
  (-10, -59)        12
  (-10, -58)        12
  (-10, -57)        12
  (-10, -56)        12
  (-10, -55)        12
  (-10, -54)        12
  (-10, -53)        11
  (-10, -52)        11
  (-10, -51)        11
  (-10, -50)        11
  (-10, -49)        11
  (-10, -48)        11
  (-10, -47)        11
  (-10, -46)        10
  (-10, -45)        10
  (-10, -44)        10
  (-10, -43)        10
  (-10, -42)        10
  (-10, -41)        10
  (-10, -40)        10
  (-10, -39)         9
  (-10, -38)         9
  (-10, -37)         9
  (-10, -36)         9
  (-10, -35)         9
  (-10, -34)         9
  (-10, -33)         9
  (-10, -32)         9
  (-10, -31)         9
  (-10, -30)         9
  (-10, -29)         9
  (-10, -28)         9
  (-10, -27)         9
  (-10, -26)         9
  (-10, -25)         9
  (-10, -24)         9
  (-10, -23)         9
  (-10, -22)         9
  (-10, -21)         9
  (-10, -20)         9
  (-10, -19)         9
  (-10, -18)         9
  (-10, -17)         9
  (-10, -16)         9
  (-10, -15)         9
  (-10, -14)        12   barrier +3
  (-10, -13)        12
  (-10, -12)        12
  (-10, -11)        12
  (-10, -10)        12
  (-10, -9)         12
  (-10, -8)         12
  (-10, -7)         12
  (-10, -6)         12
  (-10, -5)         12
  (-10, -4)         12
  (-10, -3)         12
  (-10, -2)         12
  (-10, -1)         12
  (-10, 0)          12
  (-10, 1)          12
  (-10, 2)          12
  (-10, 3)          12
  (-10, 4)          12
  (-10, 5)          12
  (-10, 6)          12
  (-10, 7)          12
  (-10, 8)          12
  (-10, 9)          12
  (-10, 10)         12
  (-10, 11)         12
  (-10, 12)         12
  (-10, 13)         12
  (-10, 14)          9
  (-10, 15)          9
  (-10, 16)          9
  (-10, 17)          9
  (-10, 18)          9
  (-10, 19)          9
  (-10, 20)          9
  (-10, 21)          9
  (-10, 22)          9
  (-10, 23)          9
  (-10, 24)          9
  (-9, 25)           9
  (-9, 26)           9
  (-9, 27)           9
  (-9, 28)           9
  (-9, 29)           9
  (-9, 30)           9
  (-9, 31)           9
  (-9, 32)           9
  (-9, 33)           9
  (-9, 34)           9
  (-9, 35)           9
  (-9, 36)           9
  (-9, 37)           9
  (-9, 38)           9
  (-9, 39)          10
  (-9, 40)          10
  (-9, 41)          10
  (-9, 42)          10
  (-9, 43)          10
  (-9, 44)          10
  (-9, 45)          10
  (-9, 46)          11
  (-9, 47)          11
  (-9, 48)          11
  (-9, 49)          11
  (-9, 50)          11
  (-9, 51)          11
  (-9, 52)          11
  (-9, 53)          11
  (-9, 54)          11
  (-9, 55)          11
  (-9, 56)          11
  (-9, 57)          12
  (-9, 58)          12
  (-9, 59)          12
  (-9, 60)          12
  (-9, 61)          12
  (-8, 62)          18   barrier +6
  (-8, 63)          19
  (-8, 64)          20
  (-9, 64)          20
  (-10, 65)         21
  (-11, 65)         21
  (-12, 66)         22
  (-13, 66)         22
  (-14, 66)         22
  (-15, 67)         22
  (-16, 67)         22
  (-17, 68)         21
  (-18, 68)         13   drop -8
  (-19, 68)         13
  (-20, 68)         17   wall +4
  (-21, 68)         17
  (-22, 68)         13   wall -4
  (-23, 68)         13
  (-24, 68)         13
  (-25, 68)         13
  (-26, 68)         13
  (-27, 68)         13
  (-28, 68)         13
  (-29, 68)         12
  (-30, 68)         12
  (-31, 69)         12
  (-32, 70)         12
  (-33, 71)         13
  (-34, 72)         12
  (-35, 73)         12
  (-36, 74)         12
rises 3, falls 2, worst step 8: barrier +3 at (-10, -14); barrier +6 at (-8, 62); drop -8 at (-18, 68); wall +4 at (-20, 68); wall -4 at (-22, 68)
beside: house cabin-a at (-17, 68) d0, redstoneline 0 at (-33, 71) d0, spawn spawn-1#1 at (-10, -88) d0, tree s1 at (-9, 39) d0, tree s2 at (-9, 53) d0, wall 0 at (-21, 68) d0, wool wool-1 at (-36, 74) d0, boulder r1 at (-11, 25) d1, tree s6#1 at (-11, -53) d1, house cabin-b#1 at (-12, -50) d2

## spawn-blue -> orange-0
ROUTE (-10, -88) -> (36, 58) aim travel: 175 blocks, 29 placed, 1 drop(s), worst drop 4
  place            y   step
  (-10, -88)        14
  (-10, -87)        14
  (-10, -86)        14
  (-10, -85)        14
  (-10, -84)        14
  (-10, -83)        14
  (-10, -82)        14
  (-10, -81)        14
  (-10, -80)        14
  (-10, -79)        14
  (-10, -78)        14
  (-10, -77)        14
  (-10, -76)        14
  (-10, -75)        14
  (-10, -74)        14
  (-10, -73)        14
  (-10, -72)        14
  (-10, -71)        14
  (-10, -70)        14
  (-10, -69)        14
  (-10, -68)        13
  (-10, -67)        13
  (-10, -66)        13
  (-10, -65)        13
  (-10, -64)        13
  (-10, -63)        13
  (-10, -62)        13
  (-10, -61)        12
  (-10, -60)        12
  (-10, -59)        12
  (-10, -58)        12
  (-10, -57)        12
  (-10, -56)        12
  (-10, -55)        12
  (-10, -54)        12
  (-10, -53)        11
  (-10, -52)        11
  (-10, -51)        11
  (-10, -50)        11
  (-10, -49)        11
  (-10, -48)        11
  (-10, -47)        11
  (-10, -46)        10
  (-10, -45)        10
  (-10, -44)        10
  (-10, -43)        10
  (-10, -42)        10
  (-10, -41)        10
  (-10, -40)        10
  (-10, -39)         9
  (-10, -38)         9
  (-10, -37)         9
  (-10, -36)         9
  (-10, -35)         9
  (-10, -34)         9
  (-10, -33)         9
  (-10, -32)         9
  (-10, -31)         9
  (-10, -30)         9
  (-10, -29)         9
  (-10, -28)         9
  (-10, -27)         9
  (-10, -26)         9
  (-10, -25)         9
  (-10, -24)         9
  (-10, -23)         9
  (-10, -22)         9
  (-10, -21)         9
  (-10, -20)         9
  (-10, -19)         9
  (-10, -18)         9
  (-10, -17)         9
  (-10, -16)         9
  (-10, -15)         9
  (-10, -14)        12   barrier +3
  (-10, -13)        12
  (-10, -12)        12
  (-10, -11)        12
  (-10, -10)        12
  (-10, -9)         12
  (-10, -8)         12
  (-10, -7)         12
  (-10, -6)         12
  (-10, -5)         12
  (-9, -4)          12
  (-8, -3)          12
  (-7, -2)          12
  (-6, -1)          12
  (-5, 0)           12
  (-4, 1)           12
  (-3, 2)           12
  (-2, 3)           12
  (-1, 4)           12
  (0, 5)            12
  (1, 6)            12
  (1, 7)            12
  (1, 8)            12
  (1, 9)            12
  (2, 10)           12
  (3, 11)           12
  (4, 12)           12
  (5, 13)           12
  (6, 14)           12
  (7, 15)            9
  (7, 16)            9
  (7, 17)            9
  (7, 18)            9
  (7, 19)            9
  (8, 20)            9
  (9, 21)            9
  (9, 22)            9
  (9, 23)            9
  (9, 24)            9
  (9, 25)            9
  (9, 26)            9
  (9, 27)            9
  (9, 28)            9
  (9, 29)            9
  (9, 30)            9
  (9, 31)            9
  (9, 32)            9
  (9, 33)            9
  (9, 34)            9
  (9, 35)            9
  (9, 36)            9
  (9, 37)            9
  (9, 38)            9
  (9, 39)           10
  (9, 40)           10
  (9, 41)           10
  (9, 42)           10
  (9, 43)           10
  (9, 44)           10
  (9, 45)           10
  (9, 46)           11
  (9, 47)           11
  (9, 48)           11
  (10, 49)          11
  (11, 50)          11
  (12, 50)          11
  (13, 50)          11
  (14, 50)          11
  (15, 50)          11
  (16, 51)          11
  (16, 52)          12
  (17, 52)          12
  (18, 52)          12
  (19, 52)          16   wall +4
  (20, 52)          16
  (21, 52)          12   wall -4
  (22, 52)          12
  (23, 52)          12
  (24, 52)          12
  (25, 52)          12
  (26, 52)          12
  (27, 52)          12
  (28, 52)          11
  (29, 52)          11
  (30, 53)          11
  (31, 54)          11
  (32, 55)          12
  (33, 56)          11
  (34, 56)          11
  (35, 57)          11
  (36, 58)          11
rises 2, falls 1, worst step 3: barrier +3 at (-10, -14); wall +4 at (19, 52); wall -4 at (21, 52)
beside: redstoneline 1 at (32, 55) d0, spawn spawn-1#1 at (-10, -88) d0, tree s6 at (11, 50) d0, wall 1 at (19, 52) d0, wool wool-2 at (33, 56) d0, house cabin-b at (11, 48) d1, tree s6#1 at (-11, -53) d1, house cabin-b#1 at (-12, -50) d2

## spawn-blue -> blue-1
ROUTE (-10, -88) -> (36, -74) aim travel: 52 blocks, 3 placed, 1 drop(s), worst drop 4
  place            y   step
  (-10, -88)        14
  (-9, -88)         14
  (-8, -88)         14
  (-7, -88)         15
  (-6, -88)         14
  (-5, -87)         14
  (-4, -86)         14
  (-3, -86)         14
  (-2, -86)         14
  (-1, -86)         14
  (0, -86)          14
  (1, -86)          14
  (2, -86)          14
  (3, -86)          14
  (4, -86)          14
  (5, -86)          14
  (6, -86)          14
  (7, -86)          14
  (8, -86)          14
  (9, -85)          14
  (10, -84)         14
  (11, -83)         14
  (12, -82)         14
  (13, -81)         14
  (14, -80)         14
  (15, -79)         13
  (16, -78)         13
  (17, -78)         13
  (18, -78)         13
  (19, -78)         17   wall +4
  (20, -78)         17
  (21, -78)         13   wall -4
  (22, -78)         13
  (23, -78)         13
  (24, -78)         13
  (25, -78)         13
  (26, -78)         13
  (27, -78)         13
  (28, -78)         12
  (29, -78)         12
  (30, -78)         12
  (31, -78)         12
  (32, -77)         13
  (33, -76)         12
  (34, -76)         12
  (35, -75)         12
  (36, -74)         12
rises 1, falls 1, worst step 0: wall +4 at (19, -78); wall -4 at (21, -78)
beside: redstoneline 0#1 at (32, -77) d0, spawn spawn-1#1 at (-10, -88) d0, wall 0#1 at (19, -78) d0, wool wool-1#1 at (33, -76) d0

## spawn-blue -> light_blue-1
ROUTE (-10, -88) -> (-36, -58) aim travel: 49 blocks, 3 placed, 1 drop(s), worst drop 4
  place            y   step
  (-10, -88)        14
  (-10, -87)        14
  (-10, -86)        14
  (-10, -85)        14
  (-10, -84)        14
  (-10, -83)        14
  (-10, -82)        14
  (-10, -81)        14
  (-10, -80)        14
  (-10, -79)        14
  (-10, -78)        14
  (-10, -77)        14
  (-10, -76)        14
  (-10, -75)        14
  (-10, -74)        14
  (-10, -73)        14
  (-10, -72)        14
  (-10, -71)        14
  (-10, -70)        14
  (-11, -69)        14
  (-12, -68)        13
  (-13, -67)        13
  (-14, -66)        13
  (-15, -65)        13
  (-16, -64)        12
  (-17, -63)        12
  (-18, -63)        12
  (-19, -63)        12
  (-20, -63)        16   wall +4
  (-21, -63)        16
  (-22, -63)        12   wall -4
  (-23, -63)        12
  (-24, -63)        12
  (-25, -63)        12
  (-26, -63)        12
  (-27, -63)        12
  (-28, -63)        12
  (-29, -63)        11
  (-30, -63)        11
  (-31, -63)        11
  (-32, -62)        11
  (-33, -61)        12
  (-34, -60)        11
  (-35, -59)        11
  (-36, -58)        11
rises 1, falls 1, worst step 0: wall +4 at (-20, -63); wall -4 at (-22, -63)
beside: redstoneline 1#1 at (-33, -61) d0, spawn spawn-1#1 at (-10, -88) d0, wall 1#1 at (-21, -63) d0, wool wool-2#1 at (-36, -58) d0
