HEIGHTMAP  1 char = 1x1 blocks (the top-left block of each)  x -50..49 across, z -110..109 down
KEY  char = ground height above y12 in bands of 1 block(s): 0 = y12..12, 1 = …; H house or hall  ~ water  @ spawn point  ! goal  space = void
     5        -4        -3        -2        -1         0         1         2         3         4         
     0987654321098765432109876543210987654321098765432101234567890123456789012345678901234567890123456789
-110                  eeeeeeeeeeeeeeeeeeeeeeeeeeeeeeeeeeeeeeeeeeeeeeeeeeeeeeeeeeeeeeeeee                 
-109                 eeeeeeeeeeeeeeeeeeeeeeeeeeeeeeeeeeeeeeeeeeeeeeeeeeeeeeeeeeeeeeeeeeee                
-108                eeeeeeeeeeeeeeeeeeeeeeeeeeeeeeeeeeeeeeeeeeeeeeeeeeeeeeeeeeeeeeeeeeeeee               
-107               eeeeeeeeeeeeeeeeeeeeeeeeeeeeeeeHHHHHHHHHHeeeeeeeeeeeeeeeeeeeeeeeeeeeeeee              
-106              eeeeeeeeeeeeeeeeeeeeeeeeeeeeeeeeHHHHHHHHHHeeeeeeeeeeeeeeeeeeeeeeeeeeeeeeee             
-105             eeeeeeeeeeeeeeeeeeeeeeeeeeeeeeeeeHHHHHHHHHHeeeeeeeeeeeeeeeeeeeeHHHHHHHHHeeee            
-104            eeeeeeeeeeeeeeeeeeeeeeeeeeeeeeeeeeHHHHHHHHHHeeeeeeeeeeeeeeeeeeeeHHHHHHHHHeeeee           
-103           eeeeeeeeeeeeeeeeeeeeeeeeeeeeeeeeeeeHHHHHHHHHHeeeeeeeeeeeeeeeeeeeeHHHHHHHHHHeeeee          
-102         eeeeeeeeeeeeeeeeeeeeeeeeeeeeeeeeeeeeeHHHHHHHHHHeeeeeeeeeeeeeeeeeeeeHHHHHHHHHHeeeeeee        
-101        eeeeeeeeeeeeeeeeeeeeeeeeeeeeeeeeeeeeeeHHHHHHHHHHeeeeeeeeeeeeeeeeeeeeHHHHHHHHHHeeeeeeee       
-100       eeeeeeeeeeeeeeeeeeeeeeeeeeeeeeeeeeeeeeeHHHHHHHHHHeeeeeeeeeeeeeeeeeeeeHHHHHHHHHeeeeeeeeee      
 -99      eeeeeeeeeeeeeeeeeeeeeeeeeeeeeeeeeeeeeeeeHHHHHHHHHHeeeeeeeeeeeeeeeeeeeeHHHHHHHHHeeeeeeeeeee     
 -98     eeeeeeeeeeeeeeeeeeeeeeeeeeeeeeeeeeeeeeeeeHHHHHHHHHHeeeeeeeeeeeeeeeeeeeeHHHHHHHHHeeeeeeeeeeee    
 -97    eeeeeeeeeeeeeeeeeeeeeeeeeeeeeeeeeeeeeeeeeeeeeeeeeeeeeeeeeeeeeeeeeeeeeeeeHHHHHHHeeeeeeeeeeeeeee   
 -96   eeeeeeeeeeeeeeeeeeeeeeeeeeeeeeeeeeeeeeeeeeeeeeeeeeeeeeeeeeeeeeeeeeeeeeeeeeeeeeeeeeeeeeeeeeeeeedd  
 -95  eeeeeeeeeeeeeeeeeeeeeeeeeeeeeeeeeeeeeeeeeeeeeeeeeeeeeeeeeeeeeeeeeeeeeeeeeeeeeeeeeeeeeeeeeeeeeeeddd 
 -94 eeeeeeeeeeeeeeeeeeeeeeeeeeeeeeeeeeeeeeeeeeeeeeeeeeeeeeeeeeeeeeeeeeeeeeeeeeeeeeeeeeeeeeeeeeeeeeeddddd
 -93 eeeeeeeeeeeeeeeeeeeeeeeeeeeeeeeeeeeeeeeeeeeeeeeeeeeeeeeeeeeeeeeeeeeeeeeeeeeeeeeeeeeeeeeeeeeeeedddddd
 -92 eeeeeeeeeeeeeeeeeeeeeeeeeeeeeeeeeeeeeeeeeeeeeeeeeeeeeeeeeeeeeeeeeeeeeeeeeeeeeeeeeeeeeeeeeeeeeedddddd
 -91 eeeeeeeeeeeeeeeeeeeeeeeeeeeeeeeeeeeeeeeeeeeeeeeeeeeeeeeeeeeeeeeeeeeeeeeeeeeeeeeeeeeeeeeeeeeeeddddddd
 -90 eeeeeeeeeeeeeeeeeeeeeeeeeeeeeeeeeeeeeeeeeeeeeeeddddddeeeeeeeeeeeeeeeeeeeeeeeeeeeeeeeeeeeeeeeedddddcc
 -89 eeeeeeeeeeeeeeeeeeeeeeeeeeeeeeeeeeeeeeeeeeeeeeeddddddeeeeeeeeeeeeeeeeeeeeeeeeeeeeeeeeeeeeeeeddddddcc
 -88 eeeeeeeeeeeeeeeeeeeeeeeeeeeeeeeeeeeeeeeeeeeeeeecccccceeeeeeeeeeeeeeeeeeeeeeeeeeeeeeeeeeeeeeeddddcccc
 -87 eeeeeeeeeeeeeeeeeeeeeeeeeeeeeeeeeeeeeeeeeeeeeeecccccceeeeeeeeeeeeeeeeeeeeeeeeeeeeeeeeeeeeeeddddccccc
 -86 eeeeeeeeeeeeeeeeeeeeeeeeeeeeeeeeeeeeeeeeeeeeeeebbbbbbeeeeeeeeeeeeeeeeeeeeeeeeeeeeeeeeeeeeeedddcccccc
 -85 eeeeeeeeeeeeeeeeeeeeeeeeeeeeeeeeeeeeeeeeeeeeeeebbbbbbeeeeeeeeeeeeeeeeeeeeeeeeeeeeeeeeeeeeedddccccbbb
 -84 eeeeeeeeeeeeeeeeeeeeeeeeeeeeeeeeeeeeeeeeeeeeeeebbbabaeeeeeeeeeeeeeeeeeeeeeeeeeeeeeeeeeeeeeddcccbbbbb
 -83 eeeeeeeeeeeeeeeeeeeeeeeeeeeeeeeeeeeeeeeeeeeeeeeaaaaaaeeeeeeeeeeeeeeeeeeeeeeeeeeeeeeeeeeeeedccbbbbbaa
 -82 eeeeeeeeeeeeeeeeeeeeeeeeeeeeeeeeeeeeeeeeeeeeeeeaaaaaaeeeeeeeeeeeeeeeeeeeeeeeeeeeeeeeeeeeeeccbbbaaaaa
 -81 ccddddddcccccHHHHHHHHHHHcccccccccccccccdddddccc999999cccccccccccccccdddddddcccccccccccccccbbaaaaaa99
 -80 6deeeeeedcbbbHHHHHHHHHHHbbbbbbbbbbbbbbbbbbbbbbb999999bbbbbbbbbbbbbbbbbbbbbbbbbbbbbbbbbbbbaaaa9999999
 -79 68ffffffea999HHHHHHHHHHH999999999999999999999998888889999999999999aaaaaaaaaaaa9999999999999999999888
 -78 68agggggfca88HHHHHHHHHHH8888888888888888888888888888888888888888888888888888888888888888888888888888
 -77 68achhhhdba88HHHHHHHHHHH8888888888888888888888888888888888888888888888888888888888888888888888888888
 -76 68aceiiedba88HHHHHHHHHHH8888888888888888888888888888888888888888888888888888888888888888888888888888
 -75 68acegjgedba8HHHHHHHHHHH8888888888888888888888888888888888888888888888888888888888888888888888888888
 -74 68aceghgedba8HHHHHHHHHHH8888888888888888888888888888888888888888888888888888888888888888888888888888
 -73 68aceggedba88HHHHHHHHHHH8888888888888888888888888888888888888888888888888888888888888888888888888888
 -72 68aceggedba88HHHHHHHHHHH8888888888888888888888888888888888888888888888888888888888888888888888888888
 -71 68aceeeedba88888888888888888888888888888888888888888888888888888888888888888888888888888888888888888
 -70 68acedddba888877666554433222118888888888888888888888888888888888888888888888888888888888888888888888
 -69 68bddbbbaa888877666554433222118888888888888888888888888888888888888888888888888888888888888888888888
 -68 8aabbaaa88888877666554433222118888888888888888888888888888888888888888888888888888888888888888888888
 -67 888aa88888888877666554433222118888888888888888888888888888888888888888888888888888888888888888888888
 -66 8888888888888877666554433222118888888888888888888888888888888888888888888888888888888888888888888888
 -65 8888888888888888888888888888888888888888881111188888888888888888888888888888888888888888888888888888
 -64 8888888877778888888888888888888888888888881111188888888888888888888888888888888888888888888888888888
 -63 8888888877778888888888888888888888888888882222288888888888888888888888888888888888888888888888888888
 -62 88888887777778888888888888888888888888888822222888HHHHH888888888888888888888888888888888888888888888
 -61 67777777777777777777777777888888888888888822222888HHHHH888888888888888888888888888888888888888888888
 -60 55555566666666555555555567888888888888888833333888HH!HH888888888888888888888888888888888888888888888
 -59 44444445666654444444444446888888888888888833333888HHHHH888888888888888888888888888888888888888888888
 -58 44444445666654444444444446788888888888888844444888HHHHH888888888888888888888888888888888888888888888
 -57 4444444556655444444444444578888888888888884444488888766555555555555555566788888888888888888888888888
 -56 4444444555555444444444444678888888888888885555588887555555555555555555555688888888888888888888888888
 -55 4444444555555444444444455678888888888888885555588886400000000000000000003588888888888888888888888888
 -54 4444444455554444444444556678888888888888886666688885300000000000000000002468888888888888888888888888
 -53 4444444455554444444445556778888888888888886666688885200000000000000000000358888888888888888888888888
 -52 4444444444444444444445566778888888888888886666688862222222222000000000000247888888888888888888888888
 -51 4444444444444444444455566778888888888888887777788863000000000000000000000036888888888888888888888888
 -50 4444444444444444444455566778888888888888887777788852000000000000000000000035888888888888888888888888
 -49 4444444444444444444455566778888888888888888888888742000000000000000000000025688888888888888888888888
 -48 4444444444444444444455667778888888888888888888888630000000000000000000000005568888888888888888888888
 -47 4444444444444444444455667778888888888888888888888530000000000000000000000005555555555555566666666666
 -46 4444444444444444444455667788888888888888888888888520000000000000000000000005555555555555555555555555
 -45 4444444444444444444455667888888888888888888888886520000000000000000000000000000000000000000000000000
 -44 4444444444444444444455567888888888888888888888885500000000000000000000000000000000000000000000000000
 -43 4444444444444444444445567888888888888888888888875500000000000000000000000000000000000000000000000000
 -42 4444444444444444444445556888888888888888888888865500000000000000000000000000000000000000000000000000
 -41 4444444444444444444444455555555555555555555555555500000000000000000000000000000000000000000000000000
 -40 4444444444444444444444443333333333333333333333221000000000000000000000000000000000000000000000000000
 -39 4444444444444444444444332000000000000000000000000000000000000000000000000000000000000000000000000000
 -38 4444444444444444444443321000000000000000000000000000000000000000000000000000000000000000000000000000
 -37 4444444444444444444443321000000000000000000000000000000000000000000000000000000000000000000000000000
 -36 4444444444444444444443321000000000000000000000000000000000000000000000000000000000000000000000000000
 -35 4444444444444444444443321100000000000000000000000000000000000000000000000000000000000000000000000000
 -34 4444444444444444444443322111100000000000000000000000000000000000000000000000000000000000000000000000
 -33 4444444444444444444443322111110000000000000000000000000000000000000000000000000000000000000000000000
 -32 4444444444444444444433322211111000000000000000000000000000000000000000000000000000000000000000000000
 -31 4444444444444444444443332221111110000000000000000000000000000000000000000000000000000000000000000000
 -30 4444444444444444444443332222222222222222220000000000000000000000000000000000000000000000000000000000
 -29 4444444444444444444443332222111111000000000000000000000000000000000000000000000000000000000000000000
 -28 4444444444444444444443333222211111100000000000000000000000000000000000000000000000000000000000000000
 -27 4444444444444444444443333222211111100000000000000000000000000000000000000000000000000000000000000000
 -26 4444444444444444444443333322221111110000000000000000000000000000000000000000000000000000000000000000
 -25 4444444444444444444444333322221111110000000000000000000000000000000000000000000000000000000000000000
 -24 4444444444444444444444333  2221111111000000000000000000000000000000000000000000000000000000000000000
 -23 4444444444444444444444       111111111000000000000000000000000000000000000000000000    0000000000000
 -22 4444444444444444444             1111111000000000000000000000000000000000000000000           00000000
 -21 44444444444444444                 11111000000000000000   0000000000000000000000                  000
 -20   444444444444                      111000001000000         00000000000000000                       
 -19        4444                            10000100                000000000000                         
 -18                                          000                      0000000                           
 -17                                                                      00                             
 -16                                                                                                     
 -15                                                                                                     
 -14                                                                                                     
 -13                                                                                                     
 -12                                                                                                     
 -11                                                                                                     
 -10                                                                                                     
  -9                                                                                                     
  -8                                                                                                     
  -7                                                                                                     
  -6                                                                                                     
  -5                                                                                                     
  -4                                                                                                     
  -3                                                                                                     
  -2                                                                                                     
  -1                                                                                                     
   0                                                                                                     
   1                                                                                                     
   2                                                                                                     
   3                                                                                                     
   4                                                                                                     
   5                                                                                                     
   6                                                                                                     
   7                                                                                                     
   8                                                                                                     
   9                                                                                                     
  10                                                                                                     
  11                                                                                                     
  12                                                                                                     
  13                                                                                                     
  14                                                                                                     
  15                                                                                                     
  16                              00                                                                     
  17                            0000000                      000                                         
  18                          000000000000                00100001                            444        
  19                        00000000000000000         000000100000111                      44444444444   
  20 000                  0000000000000000000000   00000000000000011111                 44444444444444444
  21 00000000           0000000000000000000000000000000000000000001111111             4444444444444444444
  22 0000000000000    000000000000000000000000000000000000000000000111111111       4444444444444444444444
  23 0000000000000000000000000000000000000000000000000000000000000001111111222  3334444444444444444444444
  24 0000000000000000000000000000000000000000000000000000000000000000111111222233334444444444444444444444
  25 0000000000000000000000000000000000000000000000000000000000000000111111222233333444444444444444444444
  26 0000000000000000000000000000000000000000000000000000000000000000011111122223333444444444444444444444
  27 0000000000000000000000000000000000000000000000000000000000000000011111122223333444444444444444444444
  28 0000000000000000000000000000000000000000000000000000000000000000001111112222333444444444444444444444
  29 0000000000000000000000000000000000000000000000000000000000222222222222222222333444444444444444444444
  30 0000000000000000000000000000000000000000000000000000000000000000000111111222333444444444444444444444
  31 0000000000000000000000000000000000000000000000000000000000000000000001111122233344444444444444444444
  32 0000000000000000000000000000000000000000000000000000000000000000000000111112233444444444444444444444
  33 0000000000000000000000000000000000000000000000000000000000000000000000011112233444444444444444444444
  34 0000000000000000000000000000000000000000000000000000000000000000000000000011233444444444444444444444
  35 0000000000000000000000000000000000000000000000000000000000000000000000000001233444444444444444444444
  36 0000000000000000000000000000000000000000000000000000000000000000000000000001233444444444444444444444
  37 0000000000000000000000000000000000000000000000000000000000000000000000000001233444444444444444444444
  38 0000000000000000000000000000000000000000000000000000000000000000000000000002334444444444444444444444
  39 0000000000000000000000000000000000000000000000000001223333333333333333333333444444444444444444444444
  40 0000000000000000000000000000000000000000000000000055555555555555555555555555544444444444444444444444
  41 0000000000000000000000000000000000000000000000000055688888888888888888888886555444444444444444444444
  42 0000000000000000000000000000000000000000000000000055788888888888888888888887655444444444444444444444
  43 0000000000000000000000000000000000000000000000000055888888888888888888888887655544444444444444444444
  44 0000000000000000000000000000000000000000000000000256888888888888888888888887665544444444444444444444
  45 5555555555555555555555555000000000000000000000000258888888888888888888888877665544444444444444444444
  46 6666666666655555555555555000000000000000000000000358888888888888888888888777665544444444444444444444
  47 8888888888888888888888655000000000000000000000000368888888888888888888888777665544444444444444444444
  48 8888888888888888888888865200000000000000000000002478888888888888888888888776655544444444444444444444
  49 8888888888888888888888885300000000000000000000002588877777888888888888888776655544444444444444444444
  50 8888888888888888888888886300000000000000000000003688877777888888888888888776655544444444444444444444
  51 8888888888888888888888887420000000000002222222222688866666888888888888888776655444444444444444444444
  52 8888888888888888888888888530000000000000000000025888866666888888888888888776555444444444555544444444
  53 8888888888888888888888888642000000000000000000035888866666888888888888888766554444444444555544444444
  54 8888888888888888888888888853000000000000000000046888855555888888888888888765544444444445555554444444
  55 8888888888888888888888888865555555555555555555557888855555888888888888888764444444444445555554444444
  56 8888888888888888888888888876655555555555555556678888844444888888888888888754444444444445566554444444
  57 888888888888888888888888888888888888888888888HHHHH88844444888888888888888764444444444445666654444444
  58 888888888888888888888888888888888888888888888HHHHH88833333888888888888888864444444444445666654444444
  59 888888888888888888888888888888888888888888888HH!HH88833333888888888888888876555555555566666666555555
  60 888888888888888888888888888888888888888888888HHHHH88822222888888888888888877777777777777777777777776
  61 888888888888888888888888888888888888888888888HHHHH88822222888888888888888888888888888887777778888888
  62 8888888888888888888888888888888888888888888888888888822222888888888888888888888888888888777788888888
  63 8888888888888888888888888888888888888888888888888888811111888888888888888888888888888888777788888888
  64 8888888888888888888888888888888888888888888888888888811111888888888888888888888888888888888888888888
  65 8888888888888888888888888888888888888888888888888888888888888888888888112223344556667788888888888888
  66 8888888888888888888888888888888888888888888888888888888888888888888888112223344556667788888888aaa888
  67 8888888888888888888888888888888888888888888888888888888888888888888888112223344556667788888aaabbbaa8
  68 888888888888888888888888888888888888888888888888888888888888888888888811222334455666778888abbbdddbb6
  69 88888888888888888888888888888888888888888888888888888888888888888888881122233445566677888abdddeeed86
  70 88888888888888888888888888888888888888888888888888888888888888888888888888888888888888888abdeeggca86
  71 8888888888888888888888888888888888888888888888888888888888888888888888888888HHHHHH8888888abdegheca86
  72 8888888888888888888888888888888888888888888888888888888888888888888888888888HHHHHHHHHH88abdeghgeca86
  73 8888888888888888888888888888888888888888888888888888888888888888888888888888HHHHHHHHHH88abdeghgeca86
  74 8888888888888888888888888888888888888888888888888888888888888888888888888888HHHHHHHHHH88abdeghjeca86
  75 8888888888888888888888888888888888888888888888888888888888888888888888888888HHHHHHHHHH88abdegiiica86
  76 8888888888888888888888888888888888888888888888888888888888888888888888888888HHHHHHHHHH888abdehhhha86
  77 8888888888888888888888888888888888888888888888888888888888888888888888888888HHHHHHHHHH888abdgggggg86
  78 8889999999999999999999aaaaaaaaaaaa999999999999988888899999999999999999999999HHHHHHHHHHH99aceffffffe6
  79 9999999aaaabbbbbbbbbbbbbbbbbbbbbbbbbbbbbbbbbbbb999999bbbbbbbbbbbbbbbbbbbbbbbHHHHHHHHHHHbbbcdeeeeeed6
  80 99aaaaaabbcccccccccccccccdddddddccccccccccccccc999999cccdddddcccccccccccccccHHHHHHHHHHHcccccddddddcc
  81 aaaaabbbcceeeeeeeeeeeeeeeeeeeeeeeeeeeeeeeeeeeeeaaaaaaeeeeeeeeeeeeeeeeeeeeeeeeeeeeeeeeeeeeeeeeeeeeeee
  82 aabbbbbccdeeeeeeeeeeeeeeeeeeeeeeeeeeeeeeeeeeeeeaaaaaaeeeeeeeeeeeeeeeeeeeeeeeeeeeeeeeeeeeeeeeeeeeeeee
  83 bbbbbcccddeeeeeeeeeeeeeeeeeeeeeeeeeeeeeeeeeeeeeababbbeeeeeeeeeeeeeeeeeeeeeeeeeeeeeeeeeeeeeeeeeeeeeee
  84 bbbccccdddeeeeeeeeeeeeeeeeeeeeeeeeeeeeeeeeeeeeebbbbbbeeeeeeeeeeeeeeeeeeeeeeeeeeeeeeeeeeeeeeeeeeeeeee
  85 ccccccdddeeeeeeeeeeeeeeeeeeeeeeeeeeeeeeeeeeeeeebbbbbbeeeeeeeeeeeeeeeeeeeeeeeeeeeeeeeeeeeeeeeeeeeeeee
  86 cccccddddeeeeeeeeeeeeeeeeeeeeeeeeeeeeeeeeeeeeeecccccceeeeeeeeeeeeeeeeeeeeeeeeeeeeeeeeeeeeeeeeeeeeeee
  87 ccccddddeeeeeeeeeeeeeeeeeeeeeeeeeeeeeeeeeeeeeeecccccceeeeeeeeeeeeeeeeeeeeeeeeeeeeeeeeeeeeeeeeeeeeeee
  88 ccddddddeeeeeeeeeeeeeeeeeeeeeeeeeeeeeeeeeeeeeeeddddddeeeeeeeeeeeeeeeeeeeeeeeeeeeeeeeeeeeeeeeeeeeeeee
  89 ccdddddeeeeeeeeeeeeeeeeeeeeeeeeeeeeeeeeeeeeeeeeddddddeeeeeeeeeeeeeeeeeeeeeeeeeeeeeeeeeeeeeeeeeeeeeee
  90 dddddddeeeeeeeeeeeeeeeeeeeeeeeeeeeeeeeeeeeeeeeeeeeeeeeeeeeeeeeeeeeeeeeeeeeeeeeeeeeeeeeeeeeeeeeeeeeee
  91 ddddddeeeeeeeeeeeeeeeeeeeeeeeeeeeeeeeeeeeeeeeeeeeeeeeeeeeeeeeeeeeeeeeeeeeeeeeeeeeeeeeeeeeeeeeeeeeeee
  92 ddddddeeeeeeeeeeeeeeeeeeeeeeeeeeeeeeeeeeeeeeeeeeeeeeeeeeeeeeeeeeeeeeeeeeeeeeeeeeeeeeeeeeeeeeeeeeeeee
  93 dddddeeeeeeeeeeeeeeeeeeeeeeeeeeeeeeeeeeeeeeeeeeeeeeeeeeeeeeeeeeeeeeeeeeeeeeeeeeeeeeeeeeeeeeeeeeeeeee
  94  dddeeeeeeeeeeeeeeeeeeeeeeeeeeeeeeeeeeeeeeeeeeeeeeeeeeeeeeeeeeeeeeeeeeeeeeeeeeeeeeeeeeeeeeeeeeeeeee 
  95   ddeeeeeeeeeeeeeeeeeeeeeeeeeeeeeeeeeeeeeeeeeeeeeeeeeeeeeeeeeeeeeeeeeeeeeeeeeeeeeeeeeeeeeeeeeeeeee  
  96    eeeeeeeeeeeeHHHHHHHHHHeeeeeeeeeeeeeeeeeeeeeeeeeeeeeeeeeeeeeeeeeeeeeeeeeeeeeeeeeeeeeeeeeeeeeeee   
  97     eeeeeeeeeeeHHHHHHHHHHeeeeeeeeeeeeeeeeeeeeHHHHHHHHHHeeeeeeeeeeeeeeeeeeeeeeeeeeeeeeeeeeeeeeeee    
  98      eeeeeeeeeeHHHHHHHHHHeeeeeeeeeeeeeeeeeeeeHHHHHHHHHHeeeeeeeeeeeeeeeeeeeeeeeeeeeeeeeeeeeeeeee     
  99       eeeeeeeeeHHHHHHHHHHeeeeeeeeeeeeeeeeeeeeHHHHHHHHHHeeeeeeeeeeeeeeeeeeeeeeeeeeeeeeeeeeeeeee      
 100        eeeeeeeeHHHHHHHHHHeeeeeeeeeeeeeeeeeeeeHHHHHHHHHHeeeeeeeeeeeeeeeeeeeeeeeeeeeeeeeeeeeeee       
 101         eeeeeeeHHHHHHHHHeeeeeeeeeeeeeeeeeeeeeHHHHHHHHHHeeeeeeeeeeeeeeeeeeeeeeeeeeeeeeeeeeeee        
 102           eeeeeHHHHHHHHHeeeeeeeeeeeeeeeeeeeeeHHHHHHHHHHeeeeeeeeeeeeeeeeeeeeeeeeeeeeeeeeeee          
 103            eeeeeHHHHHHHHeeeeeeeeeeeeeeeeeeeeeHHHHHHHHHHeeeeeeeeeeeeeeeeeeeeeeeeeeeeeeeeee           
 104             eeeeHHHHHHHHeeeeeeeeeeeeeeeeeeeeeHHHHHHHHHHeeeeeeeeeeeeeeeeeeeeeeeeeeeeeeeee            
 105              eeeeeeeeeeeeeeeeeeeeeeeeeeeeeeeeHHHHHHHHHHeeeeeeeeeeeeeeeeeeeeeeeeeeeeeeee             
 106               eeeeeeeeeeeeeeeeeeeeeeeeeeeeeeeHHHHHHHHHHeeeeeeeeeeeeeeeeeeeeeeeeeeeeeee              
 107                eeeeeeeeeeeeeeeeeeeeeeeeeeeeeeeeeeeeeeeeeeeeeeeeeeeeeeeeeeeeeeeeeeeeee               
 108                 eeeeeeeeeeeeeeeeeeeeeeeeeeeeeeeeeeeeeeeeeeeeeeeeeeeeeeeeeeeeeeeeeeee                
 109                  eeeeeeeeeeeeeeeeeeeeeeeeeeeeeeeeeeeeeeeeeeeeeeeeeeeeeeeeeeeeeeeeee                 
low y12, high y31, range 19
