CLAIMS  1 char = 1 block  x -50..49 across, z -110..109 down
KEY  0 free  1 water  2 paving  3 structure  4 tree  5 boulder  6 flora  7 spawn keep-out  8 door approach  9 goal clearance  a wool-room keep-out  b structure keep-out  space void
     5        -4        -3        -2        -1         0         1         2         3         4         
     0987654321098765432109876543210987654321098765432101234567890123456789012345678901234567890123456789
-110                  000000666666660000000777777777777777777777777700000000000000000000                 
-109                 00000000666666000000007777777777777777777777777000000000000000000000                
-108                0004444406666660000000077777777777777777777777770000000000000000000000               
-107               000044444660000000000000777777777777777777777777700000000000000000000004              
-106              00000444446600000000000007777777777777777777777777000000000000000000000444             
-105             00000044444660000000000000777777777bbbbbb77777777770000000000003333333333444            
-104            000000004446660000000000000777777777bbbbbb777777777700000000000033333333334440           
-103           0000000004666660000000000000777777777bbbbbb7777777777000000444000333333333304400          
-102         000000000006666000000000000000777777777bbbbbb777777777700000444440033333333330600000        
-101        0000044000006666000000000000000777777777bbbbbb7777777777000004444400333333333366444000       
-100       60004444400000666600000000000000777777777bbbbbb77777777770000044444003333333333644440000      
 -99      660004444400000006000000000000000777777777777777777777777700000444400033333333336444444000     
 -98     00000444444400000000000000000000007777777777777777777777777000000000000333333333344444440000    
 -97    0000004444440000666000000000000000077777777777227777777777770000000000003333333333644444400000   
 -96   000000664444000006660000000000000000777777777722227777777777700000000000000000006666444440000000  
 -95  00000000004000000066600000000000000007777777777222277777777777000000000000000000066666644000000000 
 -94 0000000000000000000000000000000000000077777777772222777777777770000000000000000000066666660000000000
 -93 0000000000060000000000000000000000000077777777772222777777777770000000000000000000006666660000000000
 -92 0000000000000000000000000000000000000677777777772222777777777770000000000000000000006666666000000000
 -91 0000000000000000000000000000000000006677777777772222777777777770000000000000000000066666666000000000
 -90 00000000000000000000000000000000000066777777777bbbbbb77777777770000000000000000000066666666604440000
 -89 00000000000000000000000000000000000006777777777bbbbbb77777777770000000000000000000066666666644444000
 -88 00000000000000000000000000000000000000777777777bbbbbb77777777770000000000000000000066666666644444000
 -87 00040000000000000000000000000000000000000000088bbbbbb88800000000000000000000000000066606666644444000
 -86 00444400000000000000000004440000000000000000088bbbbbb88800000000000000000000000000066600666664440000
 -85 04444400000000000000000044444000000000000000088bbbbbb88800000000000000000000000000066666666666600000
 -84 04444400000000000000000044440000000000000000088bbbbbb88800000000000000000000000000066666666666600000
 -83 04444400000000000000000044444000000000000000088bbbbbb88800000000000000000000000000066666666666600000
 -82 00444400000000000000000004040000000000000000088bbbbbb88800000000000000000000000000066666000066600000
 -81 00000000000003333333333300000000000000000000088bbbbbb88800000000000000000000000000000000000000000000
 -80 00000000000003333333333300000444000000000000088bbbbbb88800000000000000000000000000000000000000066006
 -79 00000000000003333333333300004444400000000000088bbbbbb88800000000000000000000000000000000000000066666
 -78 00000000000003333333333300004444400000000000088bbbbbb88800000000000000000000000000000000000000066666
 -77 0000000000000333333333330000444400000000000002222222888800000000000000000000000000000000000000066666
 -76 0000000000000333333333330000044000000000000222222220000000000000000000000000000000000000000000006666
 -75 0000000000000333333333330000000000000000022222222200000000000000550000000000000000000000000000000000
 -74 0000000000000333333333330000000000000002222222220000000000000055555000000000000000000000000000044440
 -73 0000000000000333333333330000000000002222222222000000000000000055555000000000000000000000000000444400
 -72 0000000000000333333333330000000000222222222200000000000000000055555000000000000000000000000000444440
 -71 0000000000000000000000000000000222222222220000000000000000000055555000000000000000000000000000444440
 -70 00000000000000bbbbbbbbbbbbbbbb2222222222009999999999999999999995555000000000000000000000000000044400
 -69 00000000000000bbbbbbbbbbbbbbbb2222222000009999999999999999999990000000000000000000000000000000000060
 -68 00000000000000bbbbbbbbbbbbbbbb2222200000009999999999999999999990000000000000000000000000000000000666
 -67 00000000000000bbbbbbbbbbbbbbbb2200000000009999999999999999999990000000000000000000000000000000006666
 -66 00000000000000bbbbbbbbbbbbbbbb0000000000009999999999999999999990000000000000000000000000055000066666
 -65 0000000000002222222222222200000000000000009999999999999999999990000000000000000000000000555556666666
 -64 0000000000022222222222200000000000000000009999999999999999999990000000000000000000000005555555666666
 -63 0000000000222222220000000000000000000000009999999999999999999990000000000000000000000005555555666666
 -62 0000000002222226600000000000000000000000009999999999999999999990000000000000000000000005555555560000
 -61 0000000002222660000000000000000000000000009999999999999999999990000000000000000000006665555555660000
 -60 0000000002222000000000000000000000000000009999999999999999999990000000000000000000006665555555660000
 -59 0000000022220000000000000000000000000000009999999999999999999990000000000000000000006666555566660000
 -58 0000000022220000000000000000000000000000009999999999999999999990000000000000000000000666666666666666
 -57 0000000022220000000000000000000000000000009999999999999999999990000000000000000000000666666666666666
 -56 0000000022220000000000000000000000000000009999999999999999999990000000000000000000000666666666666666
 -55 0000000022220000000000000000000000000000009999999999999999999990000000000000000000000000666666666666
 -54 0000000022220000000000000000000000000000009999999999999999999990000000000000000000000000006666600666
 -53 0000000222220000000000000000000000000000009999999999999999999990000000000000000000000000066666000000
 -52 0000000222200000000000000000000000000000009999999999999999999990000000000000000000006666666666000000
 -51 0000000222200000000000000000000000000000009999999999999999999990000000000000000000066666666660000000
 -50 0000000222200000000000000000000000000000009999999999999999999990000000000000000000666666666600000000
 -49 0000000222200000000000000666000000000000000000000000000000000000000000000000000000666666666000000000
 -48 0000000222200000000000000666555550000000000000000000000000000000000000000000000006666666660000000000
 -47 0000000222200000000000000666555550000000000000000000000000000000000000000000000000000000000000000000
 -46 0000000222200000000000000000555550000000000000000000000000000000000000000000000000000000000000000000
 -45 0000000222200000000000000000555550000000000000000000000000000000000000000000000000000000000000000000
 -44 0000000222200000000000000000555550000000000000000000000000000000000000000000000000000000000000000000
 -43 0000000222200000000000000000050000000000000000000000000000000000000000000000000000000000000000000000
 -42 0000000222200000000000000000000000000000000000000000000000000000000000000000000000000000000000000000
 -41 0000000222200000000000000000000000000000000000000000000000000000000000000000000000000000000000000000
 -40 0000000222200000000000000000000000000000000000000000000000000000000000000000000000000000000000000000
 -39 0000000222200000000000000000000000000000000000000000000000000000000000000000000000000000000000000000
 -38 0000000222200000000000000000000000000000000000000000000000000000000000000000000000000000000000000000
 -37 0000000222200000000000000000000000000000000000000000000000000000000000000000000000000000000000000000
 -36 0000000222220000000000000000000000000000000000000000000000000000000000000000000000000000000000000000
 -35 0000000022220000000000000000000000000000000000000000000000000000000000000000000000000000000000000000
 -34 0000000022222000000000000000000000000000000000000000000000000000000000000000000000000000000000000000
 -33 0000000002222000000000000000000000000000000000000000000000000000000000000000000000000000000000000000
 -32 0000000002222200000000000000000000000000000000000000000000000000000000000000000000000000000000000000
 -31 0000000000222220000000000000000000000000000000000000000000000000000000000000000000000000000000000000
 -30 0000000000022222200000000000bbbbbbbbbbbbbb0000000000000000000000000000000000000000000000000000000000
 -29 0000000000002222220000000000000000000000000000000000000000000000000000000000000000000000000000000000
 -28 0000000000000222222000000000000000000000000000000000000000000000000000000000000000000000000000000000
 -27 0000000000000022222200000000000000000000000000000000000000000000000000000000000000000000000000000000
 -26 0000000000000002222200000000000000000000000000000000000000000000000000000000000000000000000000000000
 -25 0000000000000000022000000000000000000000000000000000000000000000000000000000000000000000000000000000
 -24 0000000000000000000000000  0000000000000000000000000000000000000000000000000000000000000000000000000
 -23 0000000000000000000000       000000000000000000000000000000000000000000000000000000    0000000000000
 -22 0000000000000000000             0000000000000000000000000000000000000000000000000           00000000
 -21 00000000000000000                 00000000000000000000   0000000000000000000000                  000
 -20   000000000000                      000000000000000         00000000000000000                       
 -19        0000                            00000000                000000000000                         
 -18                                          000                      0000000                           
 -17                                                                      00                             
 -16                                                                                                     
 -15                                                                                                     
 -14                                                                                                     
 -13                                                                                                     
 -12                                                                                                     
 -11                                                                                                     
 -10                                                                                                     
  -9                                                                                                     
  -8                                                                                                     
  -7                                                                                                     
  -6                                                                                                     
  -5                                                                                                     
  -4                                                                                                     
  -3                                                                                                     
  -2                                                                                                     
  -1                                                                                                     
   0                                                                                                     
   1                                                                                                     
   2                                                                                                     
   3                                                                                                     
   4                                                                                                     
   5                                                                                                     
   6                                                                                                     
   7                                                                                                     
   8                                                                                                     
   9                                                                                                     
  10                                                                                                     
  11                                                                                                     
  12                                                                                                     
  13                                                                                                     
  14                                                                                                     
  15                                                                                                     
  16                              00                                                                     
  17                            0000000                      000                                         
  18                          000000000000                00000000                            000        
  19                        00000000000000000         000000000000000                      00000000000   
  20 000                  0000000000000000000000   00000000000000000000                 00000000000000000
  21 00000000           0000000000000000000000000000000000000000000000000             0000000000000000000
  22 0000000000000    000000000000000000000000000000000000000000000000000000       0000000000000000000000
  23 0000000000000000000000000000000000000000000000000000000000000000000000000  0000000000000000000000000
  24 0000000000000000000000000000000000000000000000000000000000000000000000000000000002200000000000000000
  25 0000000000000000000000000000000000000000000000000000000000000000000000000000000022222000000000000000
  26 0000000000000000000000000000000000000000000000000000000000000000000000000000000022222200000000000000
  27 0000000000000000000000000000000000000000000000000000000000000000000000000000000002222220000000000000
  28 0000000000000000000000000000000000000000000000000000000000000000000000000000000000222222000000000000
  29 0000000000000000000000000000000000000000000000000000000000bbbbbbbbbbbbbb0000000000022222200000000000
  30 0000000000000000000000000000000000000000000000000000000000000000000000000000000000000222220000000000
  31 0000000000000000000000000000000000000000000000000000000000000000000000000000000000000022222000000000
  32 0000000000000000000000000000000000000000000000000000000000000000000000000000000000000002222000000000
  33 0000000000000000000000000000000000000000000000000000000000000000000000000000000000000002222200000000
  34 0000000000000000000000000000000000000000000000000000000000000000000000000000000000000000222200000000
  35 0000000000000000000000000000000000000000000000000000000000000000000000000000000000000000222220000000
  36 0000000000000000000000000000000000000000000000000000000000000000000000000000000000000000022220000000
  37 0000000000000000000000000000000000000000000000000000000000000000000000000000000000000000022220000000
  38 0000000000000000000000000000000000000000000000000000000000000000000000000000000000000000022220000000
  39 0000000000000000000000000000000000000000000000000000000000000000000000000000000000000000022220000000
  40 0000000000000000000000000000000000000000000000000000000000000000000000000000000000000000022220000000
  41 0000000000000000000000000000000000000000000000000000000000000000000000000000000000000000022220000000
  42 0000000000000000000000000000000000000000000000000000000000000000000000500000000000000000022220000000
  43 0000000000000000000000000000000000000000000000000000000000000000000555550000000000000000022220000000
  44 0000000000000000000000000000000000000000000000000000000000000000000555550000000000000000022220000000
  45 0000000000000000000000000000000000000000000000000000000000666606660555550000000000000000022220000000
  46 0000000000000000000000000000000000000000000000000000000000666666666555550000000000000000022220000000
  47 0666666600000000000000000000000000000000000000000000000000066666666555550000000000000000022220000000
  48 0666666660000000000000000000000000000000000000000000000000006666666666000000000000000000022220000000
  49 0666666600000000000000000000000000000999999999999999999999066666666660000000000000000000022220000000
  50 0666000000000000000000000000000000000999999999999999999999666666666660000000000000000000022220000000
  51 0660000000000000000000000000000000000999999999999999999999666666666600000000000000000000022220000000
  52 0660000000000000000000000000000000000999999999999999999999666666600000000000000000000000222220000000
  53 0000000000000000000000000000000000000999999999999999999999666666000000000000000000000000222200000000
  54 0000000000000000000000000000000000000999999999999999999999666666000000000000000000000000222200000000
  55 0000000000000000000000000000000000000999999999999999999999000000000000000000000000000000222200000000
  56 0000000000000000000000000000000000000999999999999999999999000000000000000000000000000000222200000000
  57 0000000000000000000666000000000000000999999999999999999999000000000000000000000000000000222200000000
  58 0000000055550000006666600000000000000999999999999999999999000000000000000000000000000000222200000000
  59 0000005555555000066666660000000000000999999999999999999999000000000000000000000000000002222000000000
  60 0000005555555000066666660000000000000999999999999999999999000000000000000000000000000002222000000000
  61 0000055555555000066666660000000000000999999999999999999999000000000000000000000000000222222000000000
  62 0000005555555000000666600000000000000999999999999999999999000000000000000000000000222222220000000000
  63 0000005555555000000000000000000000000999999999999999999999000000000000000000022222222222200000000000
  64 0000000555550000000000000000000000000999999999999999999999000000000000000022222222222222000000000000
  65 0000000005500000000000000000000000000999999999999999999999000000000000bbbbbbbbbbbbbbbb00000000000000
  66 0000000000000000000000000000000000000999999999999999999999000000000022bbbbbbbbbbbbbbbb00000000000000
  67 0000000000000000000000000000000000000999999999999999999999000000022222bbbbbbbbbbbbbbbb00000000000000
  68 0000000000000000000000000000000000000999999999999999999999000002222222bbbbbbbbbbbbbbbb00000000000000
  69 0044400000000000000000000000000005555999999999999999999999002222222222bbbbbbbbbbbbbbbb00000000000000
  70 0444440000000000000000000000000005555500000000000000000000222222222220000000000000066000000000000000
  71 0444440000000000000000000000000005555500000000000000000022222222220000000000333333333336000000000000
  72 0044440000000000000000000000000005555500000000000000002222222222000000000000333333333336000000000000
  73 0444400000000000000000000000000005555500000000000000222222222000000000000000333333333336000000000000
  74 0000000000000000000000000000000000550000000000000022222222200000000000000000333333333336000000000000
  75 0000000000000000000000000000000000000000000000000222222220000000000004400000333333333336000000000000
  76 0000000000000000000000000000000000000000000000002222222000000000000044440000333333333336000000000000
  77 00000000000000000000000000000000000000000000088bbbbbb88800000000000444440000333333333336000000000000
  78 00000000000000000000000000000000000000000000088bbbbbb88800000000000444440000333333333336000000000000
  79 00000000000000000000000000000000000000000000088bbbbbb88800000000000044400000333333333330000000000000
  80 00000000000000000000000000000000000000000000088bbbbbb88800000000000000000000333333333330000000000000
  81 00000000000000000000000000000000666600000000088bbbbbb88800000000000000004040000000000000000000444400
  82 00000000000000000000000000000000666600000000088bbbbbb88800000000000000044444000000000000000000444440
  83 66660000000000000000000000000006666600000000088bbbbbb88800000000000000004444000000000000000000444440
  84 66666000000000000000000000000006666600000000088bbbbbb88800000000000000044444000000000000000000444440
  85 66664440000000000000000000000006666600000000088bbbbbb88800000000000000004440000000000000000000444400
  86 66644444000000000000000000000000666660006660088bbbbbb88800000000000000000000000000000000000000004000
  87 60044444000000000000000000000000066666066660088bbbbbb88800000000000000000000000000000000000000000000
  88 60044444600006660000000000000000006660777777777bbbbbb77777777770000000000000000000000000000000000000
  89 00004446666666660000000000000000000000777777777bbbbbb77777777770000000000000000000000000000000000000
  90 0000066666666666000000000000000000000077777777772222777777777770000000000000000000000000000000000000
  91 0000066666666666000000000000000000000077777777772222777777777770000000000000000000000000000000000000
  92 6666666666666666000000000000000000000077777777772222777777777770000000000000000000000060000000000000
  93 6666666666666666000000000000000000000077777777772222777777777770000000000000000000000000000000000000
  94  66666666644006000000000000000000000007777777777222277777777777000000000000000000000000040000000000 
  95   006666044444000000000000000000000000777777777722227777777777700000000000000000000000444400000000  
  96    0666644444403333333333000000000000077777777777227777777777776000000000000000000000444444000000   
  97     66664444444333333333300000000000007777777777777777777777777000000000000000000000444444400000    
  98      666444444033333333330004444000000777777777777777777777777700000000000000000000004444400000     
  99       66004444033333333330044444000000777777777bbbbbb77777777770000000000000000000000444440000      
 100        6604440033333333330044444000000777777777bbbbbb7777777777000000000000000000000004400000       
 101         000000033333333336644444000000777777777bbbbbb777777777700000000000000000000000000000        
 102           0044033333333336664440000000777777777bbbbbb7777777777000000000000000004000000000          
 103            044433333333336666000000000777777777bbbbbb777777777700000000000000044400000000           
 104             44433333333336600000000000777777777bbbbbb77777777770000000000000044444000000            
 105              44400000000000000000000007777777777777777777777777000000000000004444400000             
 106               400000000000000000000000777777777777777777777777700000000000006444440000              
 107                0000000000000000000000077777777777777777777777770000000000000644444000               
 108                 00000000000000000000007777777777777777777777777000000006600066000000                
 109                  000000000000000000000777777777777777777777777700000000066066600000                 
placed 36, declined 0
