CLAIMS  1 char = 1 block  x -32..31 across, z -104..103 down
KEY  0 free  1 water  2 paving  3 structure  4 tree  5 boulder  6 flora  7 spawn keep-out  8 door approach  9 goal clearance  a wool-room keep-out  b structure keep-out  space void
      -3        -2        -1         0         1         2         3 
     2109876543210987654321098765432101234567890123456789012345678901
-104         aaaaabbbbba0000000000000                                
-103         aaaaabbbbba8888888000000                                
-102         aaaaabbbbba888888800bbb0                                
-101         abbbbbbbbba8888888000bb0                                
-100         abbbbbbbbba88888880000bb                                
 -99         abbbbbbbbba88888880000bb                                
 -98         abbbbbbbbba88888880000bb                                
 -97         abbbbbbbbba88888880000bb                                
 -96         abbbbbbbbba88bbbbbbbb0bb                                
 -95         aaaaabbbbba88bbbbbbbb0bb                                
 -94         aaaaabbbbba88bbbbbbbb0bb                                
 -93         aaaaabbbbba88bbbbbbbb0bb                                
 -92                     0bbbbbbbb000                                
 -91                     0bbbbbbbb000                                
 -90                     0bbbbbbbbb00                                
 -89                      bbbbbbbb00                                 
 -88                      bbbbbbbb00                                 
 -87                      bbbbbbbb00                                 
 -86                      000000bb00                                 
 -85                      000000bbb0                                 
 -84                      0000000bb0                                 
 -83                      00000000b0                                 
 -82                      00000000bb                                 
 -81                      00000000bb                                 
 -80                      000220000bb                777          777
 -79                     bbb2222bbbbb                7777777777777777
 -78                     bbb2222bbbbb                7777777777777777
 -77                     bbbbbbbbbbbb                7777777777777777
 -76     4444        00bbbbbbbbbbbbbbbb            7777aaaaa777777777
 -75     44444444000000bbbbbbb2222bbbbbb888888888887777aaaaa777777777
 -74     44444440000000bbbbbbb222222bbbb888888888887777aaaaa77777777 
 -73     44444440000000bbbbbbbbbbbbbbbbb888888888887777aaabbbbbb7777 
 -72     4444440000000000000000022222222222222222222222aaabbbbbb7777 
 -71     4440000000000000000000002222222222222222222222277bbbbbb7777 
 -70     4440000000000000555000000022222222222222222222277bbbbbb7777 
 -69     0000000000000005555000000222222222222222222222777bbbbbb7777 
 -68     0000000000000000555005522222222288888888887777777bbbbbb7777 
 -67      0000000000000000000022222222228888888888877777777777777777 
 -66     000000000000000000022222222228888888888888777777777777777777
 -65     000000000000000002222222220888888888888888777777777777777777
 -64     000000000000                    0000111000777777777777777777
 -63     000000000000                    0001111100777777777777777777
 -62     000000000000                    0011111111777777777777777777
 -61     000000000000                    011111111177777          777
 -60     000000000000                    111111111177                
 -59     000000000000                    111111111177                
 -58     000000000000                    11111111117                 
 -57     000000000002                    11111111111                 
 -56     444000000002                    11111111111                 
 -55     440400000002                    11111111111                 
 -54     444440000002                    11111111111                 
 -53     440444000002                    0000000000                  
 -52     444404000002222000000000000000000000000000                  
 -51     444444000002222200000000000000000000000000                  
 -50     444444000000222200000000000000000000000000                  
 -49     444444000000222220000000000000000000000000                  
 -48     444444000004422222000000000000555000000044                  
 -47     444444400004442222200000000000555000000444                  
 -46     444404444044442222222220000000555000004444                  
 -45     444444444444000222222222222200000000004444                  
 -44     440040444400000002222222222220000000004444                  
 -43     444044044000000000022222222220000000040444                  
 -42     000444444444400000000002222200000000444440                  
 -41     000440444444444000000000000000000000444444                  
 -40         00000444044000000000000000000000444444                  
 -39         04444400440000000000000000000000444444                  
 -38         444404044400000000000000000000004044400                 
 -37         444440000000000000000000000000000440000                 
 -36         044440000000000000000000000000000000000                 
 -35          44000000000000000000000000000000000000                 
 -34          04000000000000000000000000000000000000                 
 -33          00000000000000000000000000000000000000                 
 -32          00000000000000000000000000000000000000                 
 -31          000000000000000000000000000000000000000                
 -30          000000000000000000000000000000000000000                
 -29          00000000000000000            0000000000                
 -28          000000000000000                0000000000000000        
 -27          000000000000000                0000000000000000        
 -26          000000000000000                0000000000000000        
 -25         0000000000000000                0000000000000000        
 -24         0000000000000000                0000000000000000        
 -23         0000000000000000                0000000000000000        
 -22         0000000000000000                0000000000000000        
 -21         000          000                000          000        
 -20                                                                 
 -19                                                                 
 -18                                                                 
 -17                                                                 
 -16                                                                 
 -15                                                                 
 -14                                                                 
 -13                                                                 
 -12                                                                 
 -11                                                                 
 -10                                                                 
  -9                                                                 
  -8                     000000000000000000000000                    
  -7                     000000000000000000000000                    
  -6                     000000000000000000000000                    
  -5                     000000000000000000000000                    
  -4                     000000000000000000000000                    
  -3                     000000000000000000000000                    
  -2                     000000000000000000000000                    
  -1                     000000000000000000000000                    
   0                     000000000000000000000000                    
   1                     000000000000000000000000                    
   2                     000000000000000000000000                    
   3                     000000000000000000000000                    
   4                     000000000000000000000000                    
   5                     000000000000000000000000                    
   6                     000000000000000000000000                    
   7                     000000000000000000000000                    
   8                                                                 
   9                                                                 
  10                                                                 
  11                                                                 
  12                                                                 
  13                                                                 
  14                                                                 
  15                                                                 
  16                                                                 
  17                                                                 
  18                                                                 
  19                                                                 
  20         000          000                000          000        
  21         0000000000000000                0000000000000000        
  22         0000000000000000                0000000000000000        
  23         0000000000000000                0000000000000000        
  24         0000000000000000                0000000000000000        
  25         0000000000000000                000000000000000         
  26         0000000000000000                000000000000000         
  27         0000000000000000                000000000000000         
  28                 0000000000            00000000000000000         
  29                 000000000000000000000000000000000000000         
  30                 000000000000000000000000000000000000000         
  31                  00000000000000000000000000000000000000         
  32                  00000000000000000000000000000000000000         
  33                  00000000000000000000000000000000000040         
  34                  00000000000000000000000000000000000044         
  35                  000000000000000000000000000000000044440        
  36                  000044000000000000000000000000000044444        
  37                  004440400000000000000000000004440404444        
  38                   44444400000000000000000000004400444440        
  39                   44444400000000000000000000044044400000        
  40                   444444000000000000000000000444444444044000    
  41                   044444000000002222200000000004444444444000    
  42                   444040000000022222222220000000000440440444    
  43                   444400000000022222222222200000004444040044    
  44                   444400000000002222222222222000444444444444    
  45                   444400000555000000022222222244440444404444    
  46                   444000000555000000000002222244400004444444    
  47                   440000000555000000000000222224400000444444    
  48                   000000000000000000000000022222000000444444    
  49                   000000000000000000000000002222000000444444    
  50                   000000000000000000000000002222200000444444    
  51                   000000000000000000000000000222200000404444    
  52                   0000000000                    200000444044    
  53                  11111111111                    200000044444    
  54                  11111111111                    200000004044    
  55                  11111111111                    200000000444    
  56                  11111111111                    200000000000    
  57                  11111111111                    000000000000    
  58                 771111111111                    000000000000    
  59                 771111111111                    000000000000    
  60 777          777771111111110                    000000000000    
  61 7777777777777777777111111100                    000000000000    
  62 7777777777777777777011111000                    000000000000    
  63 7777777777777777777001110000                    000000000000    
  64 777777777aaaaa7777700000000000000022222222200000000000000000    
  65 777777777aaaaa7777788888888888822222222220000000000000000000    
  66  77777777aaaaa777778888888888222222222200000000000000000000     
  67  7777bbbbbbaaa7777788888888822222222255005550000000000000000    
  68  7777bbbbbbaaa2222222222222222222220000005555000000000000000    
  69  7777bbbbbb7722222222222222222222200000005550000000000000444    
  70  7777bbbbbb7722222222222222222222222000000000000000000000444    
  71  7777bbbbbb7772222222222222222222222200000000000000000444444    
  72  7777bbbbbb7777777788888888888822222220000000000000004444444    
  73  77777777777777777788888888888bbb222222bbbbbbbb0000004444444    
  74 777777777777777777788888888888bbbbb2222bbbbbbbb0000044444444    
  75 777777777777777777            bbbbbbbbbbbbbbbbb0        4444    
  76 7777777777777777                bbbbbbbbbbbb                    
  77 7777777777777777                bbbbb2222bbb                    
  78 7777777777777777                bbbbb2222bbb                    
  79 777          777                bbbbbbbbbbb                     
  80                                  bb00000000                     
  81                                  bb00000000                     
  82                                  0b00000000                     
  83                                  0bb0000000                     
  84                                  0bbb000000                     
  85                                  00bb000000                     
  86                                  00bbbbbbbb                     
  87                                  00bbbbbbbb                     
  88                                  00bbbbbbbb                     
  89                                 00bbbbbbbbb0                    
  90                                 000bbbbbbbb0                    
  91                                 000bbbbbbbb0                    
  92                                 bb0bbbbbbbb000bbbbbaaaaa        
  93                                 bb0bbbbbbbb888bbbbbaaaaa        
  94                                 bb0bbbbbbbb888bbbbbaaaaa        
  95                                 bb0bbbbbbbb888bbbbbbbbba        
  96                                 bb000008888888bbbbbbbbba        
  97                                 bb000008888888bbbbbbbbba        
  98                                 bb000008888888bbbbbbbbba        
  99                                 bb000008888888bbbbbbbbba        
 100                                 0bb00008888888bbbbbbbbba        
 101                                 0bbb0008888888bbbbbaaaaa        
 102                                 00000008888888bbbbbaaaaa        
 103                                 00000008888888bbbbbaaaaa        
placed 20, declined 0
