CLAIMS  1 char = 1 block  x -40..39 across, z -110..109 down
KEY  0 free  1 water  2 paving  3 structure  4 tree  5 boulder  6 flora  7 spawn keep-out  8 door approach  9 goal clearance  a wool-room keep-out  b structure keep-out  space void
     4        -3        -2        -1         0         1         2         3         
     09876543210987654321098765432109876543210123456789012345678901234567890123456789
-110                          777777777777777777777777777777                         
-109                          777777777777777777777777777777                         
-108                          777777777777777777777777777777                         
-107                          777777777777777777777777777777                         
-106                          777777777777777777777777777777                         
-105                          777777777777bbbbbb777777777777                         
-104                          777777777777bbbbbb777777777777                         
-103                          777777777777bbbbbb777777777777                         
-102                          777777777777bbbbbb777777777777                         
-101                          777777777777b2222b777777777777                         
-100                          777777777777b2222b777777777777                         
 -99                          777777777777722227777777777777                         
 -98                          777777777777772222777777777777                         
 -97                          777777777777772222777777777777                         
 -96                          777777777777772222777777777777                         
 -95 00000000000000000000000777777777777777722227777777777777770000000000000000000000
 -94 00000000000000000000000777777777777777722222777777777777770000000040040000000000
 -93 00000000000000000000000777777777777777772222777777777777770000000044444000000000
 -92 00000000000000000000000000000008888888882222888888000000000000004444440000000000
 -91 0000000000000000000000000000000888888888222288888800000000000000444440000000000 
 -90  000000000000000000000000000000888888888222288888800000000000000004440000000000 
 -89  000000000000000000000000000000888888888222288888800000000000000044444000000000 
 -88  000000000000000000000000000000888888888222288888800000000000000004040004400000 
 -87  000000000000000000000000000000888888888222288888800000000000000000000004440000 
 -86  000000000000000000000000000000888888888222288888800000000000000000000444444400 
 -85  000000000000000000000000000000888888882222888888800000000000000000004444444400 
 -84  00000000000000000000000000000088888888222288888880000000000000000000044444400  
 -83  00000000000000000000000000000088888888222288888880000000000000000000000444000  
 -82  00000000000000000000000000000088888882222288888880000000000000000000000040000  
 -81   0000000000000000000000000000088888882222888888880000000000000000000000000000  
 -80   0000000000000000000000000000088888882222888888880000000000000000000000000000  
 -79   0000000000000000000000000000088888822222888888880000000000000000000000000000  
 -78   0000000000000000000000000000088888822228882222222222200000000000000000000000  
 -77   0000000000000000000000000000088888822222222222222222222200000000000005555000  
 -76   000000000000000000000000000000000022222222222222222222222200000000055555555   
 -75   000000000000000040000000000000000022222222222222222222222222000000555555555   
 -74   000000000000000444000000000000000022222222200000000022222222200000555555555   
 -73   000000000000004444444000000000000222220000000000000000022222220005555555555   
 -72   000000000000044444440000000000000222200000000000000000000222222005555555555   
 -71   000000000000444444400000000000000222200000000000000000000022222205555555555   
 -70   000000000000444444400000000000002222200000055500000000000000222220555555550   
 -69    00000000000044444440000000000002222000000555555000000000000022220055555500   
 -68    00000000000004044440000000000022222000005555555500000000000022222000050000   
 -67    00000000000000040000999999999922229999995555555500000000000002222000000000   
 -66    00000000000000000000999999999922229999995555555500000000000002222200000000   
 -65    0000000000000000000099999999992222999999955555500000000000000022220000000    
 -64    0000000000000000000099999999922229999999905555500000000000000022222000000    
 -63    0000000000000000000099999999922229999999900000000000000000000002222000000    
 -62    0000000000000000000099999999922229999999900000000333333333333332222000000    
 -61    0000000000000000000099999999922229999999903333333333333333333332222000000    
 -60    0000000000000000000099999999922229999999903333333333333333333332222000000    
 -59    0000000000000000000099999999922229999999903333333333333333333332222000000    
 -58    0000000000000000000099999999922229999999903333333333333333333322222000000    
 -57    0000000000000000000099999999922229999999903333333333333333333322222000000    
 -56     000000000000000000099999999922229999999903333333333333333332222220000000    
 -55     000040000000000000099999999922229999999903333333333333333322222200000000    
 -54     000444000000000000099999999922229999999903333333333333333222222000000000    
 -53     004440400000000000099999999922229999999903333333333333332222223000555555    
 -52     004444440000000000099999999922229999999900000000333333332222233055555555    
 -51     04444444000000000009999999992222999999990000000033333333322333355555555     
 -50     44444444000000000009999999992222999999990000000033333333333333355555555     
 -49     00444400000000000009999999999229999999990000000000000000000000555555555     
 -48     00044000000000000009999999999229999999990000000000000000000440455555555     
 -47     00004000000000000009999999992222999999990000000000000000004444455555555     
 -46    000000000000000000000000000bbbbbbbb0000000000000000000000000444405555555     
 -45    000000000000000000000000000bbbbbbbb0000000000000000000000044444400005550     
 -44    000000000000000000000000000bbbbbbbb0000000000000000000000444444440000000     
 -43    000000000000000000000000000bbbbbbbb0000000000000000000000044404440000000     
 -42    000000000000000000000000000bbbbbbbb00000000000000000000000040440000000000    
 -41    000000000000000000000000000bbbbbbbb00000000000000000000000000400000000000    
 -40    000000000000000000000000000bbbbbbbb00000000000000000000000000000000000000    
 -39   0000000000000000000000000000bbbbbbbb00000000000000500000000000000000000000    
 -38   0000000000000500000000000000bbbbbbbb00000000000055555550000000000000000000    
 -37   0000000000055555000000000000bbbbbbbb000000000005555555550000000000000000000   
 -36   0000000000555555500000000002bbbbbbbb022000000055555555550000000000000000000   
 -35   2000000000555555500000002220bbbbbbbb000000200055555555550000000000000000000   
 -34   002200000055555550002000020000022222000220002055555555555000000000000222000   
 -33   200020020055555550000020022000022220020200000022555525220220000000200020202   
 -32   0220020000025252200020002200000222222000220000022552225200020000000000200000  
 -31  20020000202000022000002020002020222222220202002225525222002020000202220000000  
 -30  02022202200000222220000020020202022222000022000020020000002000000020000220000  
 -29  02220022002022220020000022002020022222222022002020220002000200020202000000000  
 -28  00000220000000002022022020000002222222222220220022022022202022020200022220002  
 -27  200200022022020000000002222222222222222222222222002200000000200220020022202222 
 -26  222220200200220002200002222222222222222222222222222220220222020202222222222222 
 -25  222222222202200020222222222222222222222222222222222222222222222222222222222222 
 -24 2222222222222222222222222222222222222222222222222222222222222222222222222222222 
 -23 2222222222222222222222222222222222222222222222222222222222222222222222222222222 
 -22 22222222222222222222222222222222222222222222222222222222222222222222222222222222
 -21 2222222222222222222222222222222222222222222222222222222  22222222222222222222222
 -20  22222222222222222222222  222222222222222222222222222      22222222222222222222 
 -19    222222222222222222       222222222222222222222222        222222222222222222  
 -18      22222222222222           22000000000022222222            22222222222222    
 -17       22222222222               0000000000000002                22222222222     
 -16         222222                   0000000000000                    22000000      
 -15           22                       000000000                       00000        
 -14                                      000000                          00         
 -13                                        00                                       
 -12                                                                                 
 -11                                                                                 
 -10                                                                                 
  -9                                                                                 
  -8                                                                                 
  -7                                                                                 
  -6                                                                                 
  -5                                                                                 
  -4                                                                                 
  -3                                                                                 
  -2                                                                                 
  -1                                                                                 
   0                                                                                 
   1                                                                                 
   2                                                                                 
   3                                                                                 
   4                                                                                 
   5                                                                                 
   6                                                                                 
   7                                                                                 
   8                                                                                 
   9                                                                                 
  10                                                                                 
  11                                                                                 
  12                                        00                                       
  13          00                          000000                                     
  14         00000                       000000000                       22          
  15       00000022                    0000000000000                  2222222        
  16      22222222222                2000000000000000               22222222222      
  17     22222222222222            22222222000000000022           22222222222222     
  18   222222222222222222        222222222222222222222222      2222222222222222222   
  19  22222222222222222222      222222222222222222222222222  22222222222222222222222 
  20 22222222222222222222222  2222222222222222222222222222222222222222222222222222222
  21 22222222222222222222222222222222222222222222222222222222222222222222222222222222
  22  2222222222222222222222222222222222222222222222222222222222222222222222222222222
  23  2222222222222222222222222222222222222222222222222222222222222222222222222222222
  24  222222222222222222222222222222222222222222222222222222222222020002202222222222 
  25  222222222222202020222022022222222222222222222222222222200002200022002002022222 
  26  222202220020022002000000002200222222222222222222222222200000000020220220002002 
  27   20002222000202022020222022022002202222222222220000002022022020000000002200000 
  28   00000000020202000200020002202020022022222222002020022000002002222020022002220 
  29   00002200002000000020000002002000022000022222020202002000002222200000220222020 
  30   00000002220200002020022252552220020202222222202020002020000022000020200002002 
  31   0000020000000000200025222552200000220002222220000022000200022525200000200220  
  32    202020002000000022022525555220000002020022220000220020000055555550020020002  
  33    000222000000000000555555555550200022000222220000020000200055555550000002200  
  34    000000000000000000055555555550002000000bbbbbbbb0222000000055555550000000002  
  35    000000000000000000055555555550000000220bbbbbbbb2000000000055555550000000000  
  36    000000000000000000055555555500000000000bbbbbbbb0000000000005555500000000000  
  37     00000000000000000005555555000000000000bbbbbbbb0000000000000050000000000000  
  38     00000000000000000000000500000000000000bbbbbbbb0000000000000000000000000000  
  39     00000000000000000000000000000000000000bbbbbbbb000000000000000000000000000   
  40     00000000000400000000000000000000000000bbbbbbbb000000000000000000000000000   
  41     00000000004404000000000000000000000000bbbbbbbb000000000000000000000000000   
  42      0000000444044400000000000000000000000bbbbbbbb000000000000000000000000000   
  43      0000000444444440000000000000000000000bbbbbbbb000000000000000000000000000   
  44      0555000044444400000000000000000000000bbbbbbbb000000000000000000000000000   
  45      5555555044440000000000000000000000000bbbbbbbb000000000000000000000000000   
  46      55555555444440000000000000000009999999922229999999990000000000000040000    
  47      55555555404400000000000000000009999999992299999999990000000000000044000    
  48      55555555500000000000000000000009999999992299999999990000000000000444400    
  49      55555555333333333333333000000009999999922229999999990000000000044444444    
  50      55555555333322333333333000000009999999922229999999990000000000044444440    
  51     555555550332222233333333000000009999999922229999999990000000000044444400    
  52     555555000322222233333333333333309999999922229999999990000000000004044400    
  53     000000000222222333333333333333309999999922229999999990000000000000444000    
  54     000000002222223333333333333333309999999922229999999990000000000000040000    
  55     000000022222233333333333333333309999999922229999999990000000000000000000    
  56     000000222223333333333333333333309999999922229999999990000000000000000000    
  57     0000002222233333333333333333333099999999222299999999900000000000000000000   
  58     0000002222333333333333333333333099999999222299999999900000000000000000000   
  59     0000002222333333333333333333333099999999222299999999900000000000000000000   
  60     0000002222333333333333333333333099999999222299999999900000000000000000000   
  61     0000002222333333333333330000000099999999222299999999900000000000000000000   
  62     0000002222000000000000000000000099999999222299999999900000000000000000000   
  63     0000002222200000000000000055555099999999222299999999900000000000000000000   
  64     0000000222200000000000000055555599999992222999999999900000000000000000000   
  65    00000000222220000000000000555555559999992222999999999900000000000000000000   
  66    00000000022220000000000000555555559999992222999999999900004000000000000000   
  67    00005000022222000000000000555555550000022222000000000004444040000000000000   
  68    00555555002222000000000000055555500000022220000000000004444444000000000000   
  69    05555555502222200000000000000555000000222220000000000000444444400000000000   
  70    555555555502222220000000000000000000002222000000000000004444444000000000000  
  71    555555555500222222000000000000000000002222000000000000044444440000000000000  
  72    555555555500022222220000000000000000022222000000000000444444400000000000000  
  73    555555555000002222222220000000002222222220000000000000000444000000000000000  
  74    555555555000000222222222222222222222222220000000000000000040000000000000000  
  75    555555550000000002222222222222222222222220000000000000000000000000000000000  
  76   0005555000000000000022222222222222222222200000000000000000000000000000000000  
  77   0000000000000000000000022222222222888222288888880000000000000000000000000000  
  78   0000000000000000000000000000088888882222288888880000000000000000000000000000  
  79   0000000000000000000000000000088888882222888888880000000000000000000000000000  
  80   0000000000000000000000000000088888882222888888880000000000000000000000000000  
  81   00004000000000000000000000000888888222228888888800000000000000000000000000000 
  82   00044400000000000000000000000888888222288888888800000000000000000000000000000 
  83  000444444000000000000000000000888888222288888888800000000000000000000000000000 
  84  004444444400000000000000000000888888222288888888800000000000000000000000000000 
  85  004444444000000000000000000000888882222888888888800000000000000000000000000000 
  86  000044400000000000000000000000888882222888888888800000000000000000000000000000 
  87  000004400040400000000000000000888882222888888888800000000000000000000000000000 
  88  000000000444440000000000000000888882222888888888800000000000000000000000000000 
  89  000000000044400000000000000000888882222888888888800000000000000000000000000000 
  90  0000000000444440000000000000008888822228888888888000000000000000000000000000000
  91 00000000004444440000000000000008888822228888888888000000000000000000000000000000
  92 00000000044444000000000000000008888822228888888888000000000000000000000000000000
  93 00000000004004000000000777777777777722222777777777777777770000000000000000000000
  94 00000000000000000000000777777777777772222777777777777777770000000000000000000000
  95                          777777777777222277777777777777                         
  96                          777777777777222277777777777777                         
  97                          777777777777222277777777777777                         
  98                          777777777777722227777777777777                         
  99                          777777777777b2222b777777777777                         
 100                          777777777777b2222b777777777777                         
 101                          777777777777bbbbbb777777777777                         
 102                          777777777777bbbbbb777777777777                         
 103                          777777777777bbbbbb777777777777                         
 104                          777777777777bbbbbb777777777777                         
 105                          777777777777777777777777777777                         
 106                          777777777777777777777777777777                         
 107                          777777777777777777777777777777                         
 108                          777777777777777777777777777777                         
 109                          777777777777777777777777777777                         
placed 32, declined 0
