CLAIMS  1 char = 1 block  x -54..53 across, z -50..49 down
KEY  0 free  1 water  2 paving  3 structure  4 tree  5 boulder  6 flora  7 spawn keep-out  8 door approach  9 goal clearance  a wool-room keep-out  b structure keep-out  space void
        -5        -4        -3        -2        -1         0         1         2         3         4         5   
     432109876543210987654321098765432109876543210987654321012345678901234567890123456789012345678901234567890123
 -50                                             77777777777777777777                                            
 -49                                             77777777777777777777                                            
 -48                                             77777777777777777777                                            
 -47                                             7777777bbbbbb7777777                                            
 -46                                             7777777bbbbbb7777777                                            
 -45                                             7777777bbbbbb7777777                                            
 -44                                             7777777bbbbbb7777777                                            
 -43                                             7777777bbbbbb7777777                                            
 -42                                             7777777bbbbbb7777777                                            
 -41                                             77777777777777777777                                            
 -40                                             77777777777777777777                                            
 -39                                             77777777777777777777                                            
 -38 000000000000000000000000000000000000000000777777777777777777777777700000000000000000000000000000000000000000
 -37 000000000000000000000000000000000000000000777777777777777777777777700000000000000000000000000000000000000000
 -36 000000000000000000000000000000000000000000777777777777777777777777700000000000000000000000000000000000000000
 -35 000000000000000000000000000000000000000000000888888888888888888800000000000000000000000000000000000000000000
 -34 000000000000000000000000000000000000000000000888888888888888888800000000000000000000000000000000000000000000
 -33 000000000000000000000000000000000000000000000888888888888888888800000000000000000000000000000000000000000000
 -32 000000000000000000000000000000000000000000000888888888888888888800000000000000000000000000000000000000000000
 -31 000000000000000000000000000000000000000000000888888888888888888800000000000000000000000000000000000000000000
 -30 000000000000000000000000000000000000000000000888888888888888888800000000000000000000000000000000000000000000
 -29 000000000000000000000000000000000000000000000888888888888888888800000000000000000000000000000000000000000000
 -28 000000000000000000000000000000000000000000000888888888888888888800000000000000000000000000000000000000000000
 -27 000000000000000000000000000000000000000000000888888888888888888800000000000000000000000000000000000000000000
 -26 000000000000000000000000000000000000000000000888888888888888888800000000000000000000000000000000000000000000
 -25 000000000000000000000000000000000000000000000888888888888888888800000000000000000000000000000000000000000000
 -24 000000000000000000000000000000000000000000000888888888888888888800000000000000000000000000000000000000000000
 -23 000000000000000000000000000000000000000000000888888888888888888800000000000000000000000000000000000000000000
 -22 000000000000000000000000000000000000000000000888888888888888888800000000000000000000000000000000000000000000
 -21 000000000000000000000000000000000000000000000888888888888888888800000000000000000000000000000000000000000000
 -20 000000000000000000000000000000000000000000000000000000000000000000000000000000000000000000000000000000000000
 -19 000000000000000000000000000000000000000000000000000000000000000000000000000000000000000000000000000000000000
 -18 000000000000000000000000000000000000000000000000000000000000000000000000000000000000000000000000000000000000
 -17 000000000000000000000000000000000000000000000000000000000000000000000000000000000000000000000000000000000000
 -16 000000000000000000000000000000000000000000000000000000000000000000000000000000000000000000000000000000000000
 -15 000000000000000000000000000000000000000000000000000000000000000000000000000000000000000000000000000000000000
 -14 000000000000000000000000000000000000000000000000000000000000000000000000000000000000000000000000000000000000
 -13 000000000000000000000000000000000000000000000000000000000000000000000000000000000000000000000000000000000000
 -12 000000000000000000000000000000000000000000000000000000000000000000000000000000000000000000000000000000000000
 -11 000000000000000000000000000000000000000000000000000000000000000000000000000000000000000000000000000000000000
 -10 000000000000000000000000000000000000000000000000000000000000000000000000000000000000000000000000000000000000
  -9 000000000000000000000000000000000000000000000000000000000000000000000000000000000000000000000000000000000000
  -8 000000000000000000000000000000000000000000000000000000000000000000000000000000000000000000000000000000000000
  -7 000000000000000000000000000000000000000000000000000000000000000000000000000000000000000000000000000000000000
  -6 000000000000000000000000000000000000000000000000000000000000000000000000000000000000000000000000000000000000
  -5 000000000000000000000000000000000000000000000000000000000000000000000000000000000000000000000000000000000000
  -4 000000000000000000000000000000000000000000000000000000000000000000000000000000000000000000000000000000000000
  -3 000000000000000000000000000000000000000000000000000000000000000000000000000000000000000000000000000000000000
  -2 000000000000000000000000000000000000000000000000000000000000000000000000000000000000000000000000000000000000
  -1 000000000000000000000000000000000000000000000000000000000000000000000000000000000000000000000000000000000000
   0 000000000000000000000000000000000000000000000000000000000000000000000000000000000000000000000000000000000000
   1 000000000000000000000000000000000000000000000000000000000000000000000000000000000000000000000000000000000000
   2 000000000000000000000000000000000000000000000000000000000000000000000000000000000000000000000000000000000000
   3 000000000000000000000000000000000000000000000000000000000000000000000000000000000000000000000000000000000000
   4 000000000000000000000000000000000000000000000000000000000000000000000000000000000000000000000000000000000000
   5 000000000000000000000000000000000000000000000000000000000000000000000000000000000000000000000000000000000000
   6 000000000000000000000000000000000000000000000000000000000000000000000000000000000000000000000000000000000000
   7 000000000000000000000000000000000000000000000000000000000000000000000000000000000000000000000000000000000000
   8 000000000000000000000000000000000000000000000000000000000000000000000000000000000000000000000000000000000000
   9 000000000000000000000000000000000000000000000000000000000000000000000000000000000000000000000000000000000000
  10 000000000000000000000000000000000000000000000000000000000000000000000000000000000000000000000000000000000000
  11 000000000000000000000000000000000000000000000000000000000000000000000000000000000000000000000000000000000000
  12 000000000000000000000000000000000000000000000000000000000000000000000000000000000000000000000000000000000000
  13 000000000000000000000000000000000000000000000000000000000000000000000000000000000000000000000000000000000000
  14 000000000000000000000000000000000000000000000000000000000000000000000000000000000000000000000000000000000000
  15 000000000000000000000000000000000000000000000000000000000000000000000000000000000000000000000000000000000000
  16 000000000000000000000000000000000000000000000000000000000000000000000000000000000000000000000000000000000000
  17 000000000000000000000000000000000000000000000000000000000000000000000000000000000000000000000000000000000000
  18 000000000000000000000000000000000000000000000000000000000000000000000000000000000000000000000000000000000000
  19 000000000000000000000000000000000000000000000000000000000000000000000000000000000000000000000000000000000000
  20 000000000000000000000000000000000000000000000000000000000000000000000000000000000000000000000000000000000000
  21 000000000000000000000000000000000000000000000888888888888888888800000000000000000000000000000000000000000000
  22 000000000000000000000000000000000000000000000888888888888888888800000000000000000000000000000000000000000000
  23 000000000000000000000000000000000000000000000888888888888888888800000000000000000000000000000000000000000000
  24 000000000000000000000000000000000000000000000888888888888888888800000000000000000000000000000000000000000000
  25 000000000000000000000000000000000000000000000888888888888888888800000000000000000000000000000000000000000000
  26 000000000000000000000000000000000000000000000888888888888888888800000000000000000000000000000000000000000000
  27 000000000000000000000000000000000000000000000888888888888888888800000000000000000000000000000000000000000000
  28 000000000000000000000000000000000000000000000888888888888888888800000000000000000000000000000000000000000000
  29 000000000000000000000000000000000000000000000888888888888888888800000000000000000000000000000000000000000000
  30 000000000000000000000000000000000000000000000888888888888888888800000000000000000000000000000000000000000000
  31 000000000000000000000000000000000000000000000888888888888888888800000000000000000000000000000000000000000000
  32 000000000000000000000000000000000000000000000888888888888888888800000000000000000000000000000000000000000000
  33 000000000000000000000000000000000000000000000888888888888888888800000000000000000000000000000000000000000000
  34 000000000000000000000000000000000000000000000888888888888888888800000000000000000000000000000000000000000000
  35 000000000000000000000000000000000000000000000888888888888888888800000000000000000000000000000000000000000000
  36 000000000000000000000000000000000000000000777777777777777777777777700000000000000000000000000000000000000000
  37 000000000000000000000000000000000000000000777777777777777777777777700000000000000000000000000000000000000000
  38                                             77777777777777777777                                            
  39                                             77777777777777777777                                            
  40                                             77777777777777777777                                            
  41                                             7777777bbbbbb7777777                                            
  42                                             7777777bbbbbb7777777                                            
  43                                             7777777bbbbbb7777777                                            
  44                                             7777777bbbbbb7777777                                            
  45                                             7777777bbbbbb7777777                                            
  46                                             7777777bbbbbb7777777                                            
  47                                             77777777777777777777                                            
  48                                             77777777777777777777                                            
  49                                             77777777777777777777                                            
placed 0, declined 0
