## tree
SEATS  tree, footprint 1x1, 3 blocks off a route  1 char = 1 block  x -54..53 across, z -99..98 down
KEY  1 the footprint seats with its minimum corner here  0 refused  space void
        -5        -4        -3        -2        -1         0         1         2         3         4         5   
     432109876543210987654321098765432109876543210987654321012345678901234567890123456789012345678901234567890123
 -99                                              11111111111                                                    
 -98                             11111111000000000000000000000000000000000111                                    
 -97              1111111111111111111111100000000000000000000000000000000011111111111111111111                   
 -96   00000000000000001100000000000000000000000000000000000000000000000001000000000000000011000000000000000011  
 -95   00000000000000001100000000000000000000000000000000000000000000000001000000000000000011000000000000000011  
 -94   00000000000000001100000000000000000000000000000000000000000000000001000000000000000011000000000000000011  
 -93   00000000000000001100000000000000000000000000000000000000000000000001000000000000000011000000000000000011  
 -92   00000000000000001100000000000000000000000000000000000000000000000001000000000000000011000000000000000011  
 -91   00000000000000001100000000000000000000000000000000000000000000000001000000000000000011000000000000000011  
 -90   00000000000000001100000000000000000000000000000000000000000000000001000000000000000011000000000000000011  
 -89   00000000000000001100000000000000000000000000000000000000000000000001000000000000000011000000000000000011  
 -88   00000000000000001100000000000000000000000000000000000000000000000001000000000000000011000000000000000011  
 -87   00000000000000001100000000000000000000000000000000000000000000000001000000000000000011000000000000000011  
 -86   00000000000000001100000000000000000000000000000000000000000000000001000000000000000011000000000000000011  
 -85   00000000000000001100000000000000000000000000000000000000000000000001000000000000000011000000000000000011  
 -84   00000000000000001100000000000000000000000000000000000000000000000001000000000000000011000000000000000011  
 -83   11111111111110001111110111111111110000000000000000000000000000000001111111111111111111111111111000001111  
 -82   11111111111100100011000001111111110000000000000000000000000000000001111111111111111111111110001000001111  
 -81   11111111111000000011000000111111110000000000000000000000000000000001111111111111111111111100000000001111  
 -80   11111111110000000001000000111111110000000000000000000000000000000001111111111111111111111100000000011111  
 -79   11111111110000000001000000111111110000000000000000000000000000000001111111111111101111111100000000000011  
 -78   11111111110000000011100001111111110000000000000000000000000000000001111111111111000001111100000000000011  
 -77   11111111111000000001111111111111110000000000000000000000000000000001111111111110000000011111100000000001  
 -76  000000000000000000001111111111000000000000000000000000000000000000001111111111110000100001111100100000011  
 -75  000000000000000000011111111111000000000000000000000000000000000000001111111111111000000001111110000000011  
 -74  000000000000000000011111111111000000000000000000000000000000000000001111111111111000000001111111000001111  
 -73  000000000000000000111111111111000000000000000000000000000000111111111111111111111100000011111111000001100  
 -72  0000000000000001111111111111110000000000000000000000000000001111111111111111111111000000111111111000100000 
 -71  0000000000000001111111111111110000000000000000000000000000001111111111111111111111111001111111111111000000 
 -70  0000000000000000000000000000000000000000000000000000000000001111111111111111111111111111111111111000000000 
 -69  1000000000000000000000000000001000000000000000000000000000001111111111111111111111111111111111110000000000 
 -68  1100000000000000000000000000001100000000000000000000000000001111111111111111111111111111111111110000000000 
 -67 11100000000000000000000000000001100000000000000000000000000001111111111111111111111111111111111110000000000 
 -66 11110000000000000000000000000001110000000000000000000000000001111111111111111111111111111111111110000000000 
 -65 11111100000000000000000000000001111100000000000000000000000001111111111111111111111111111111111100000000111 
 -64 11111111110000000000000000000001111110000000000000000000000001111111111111111111111111111111111000000000111 
 -63 11111111110000000000000000000001110000000000000000000000000001111111111111111111111111111111111000000000011 
 -62 11111111110000000000000000000000000000000000000000000000000001111111111111111111111111111111111001000000111 
 -61  1111111110000000000000000000000000000000000000000000000000000001111111111111111111111111111111100000000111 
 -60  1111111110000000000000000000000000000000000000000000000000000000001111111111111111111111111111110000011111 
 -59  1111111000000000000000000000000000000000000000000000000000000000000011111111111111111111111111110000011111 
 -58  1111100000000000000000000000000000000000000000000000000000000000000011111111111111111111111111111000111111 
 -57  1111000000000000000000000000000000000000000000000000000000000000000011111100111111111111111111111111111111 
 -56  111000000000000000000000000000000000000000000000000000000000000000000000010011111111111111111111111111111  
 -55   11000000000000000000000000000000000001111111100000000000000000000000000010011111111111111111111111111111  
 -54   11000000000000000000000000000111111111111111111111110000000000000000000010011111111111111111111111111111  
 -53   11000000000000000000000000000111111111111111111111111110010000000000000010011111111111111111111111111111  
 -52   11100000000000000000000000000111111111111111111111111110010000000000000010011111111111111111111111111111  
 -51   11110011000000000000000000000111111111111111111111111110010000000000000010011111111111111111111111111111  
 -50   11111111000000000000000000000111111111111111111111111110010000000000000010011111111111111111111111111111  
 -49   11111111111111111111111111111111111111111111111111111110010000000000000010011111111111111111111111111111  
 -48   11111111111111111111111111111111111100000000111111111110010000000000000010011111111111111111111111111111  
 -47   11111111111111111111111111111111111100000000111100111110010000000000000010011111111111111111111110111111  
 -46   11111111111111111111111111111111111100000000111000011110010000000000000010011111111111111111111100000111  
 -45   11111011111111111111111111011111111100000000110000011110010000000000000010011111111111111111111000000001  
 -44   11110000011111111111111100001110000000000000100000001110010000000000000010011100001111111111111000010000  
 -43   11100000000111111111111100000100000000000000110000011110010000000000000010011000000111111111111100000000  
 -42   11100001000011111111111000000100000000000000111000011110010000000000000010011000000111111111111100000000  
 -41   11110000000011111111111000000100000000000000111101111110010000000000000010011100000111111111111110000001  
 -40   11110000000011111111111100001100000000111111111111111110010000000000000010011100001111111111111110000001  
 -39   11111000000111111111111111111100000000111111111111111110010000000000000010011111111111111111111111110011  
 -38   11111000000111111111111111110000000000001111111111111110010000000000000010011111111111111111111111111111  
 -37   11110000000000111111111111110000000000001111111111111110010000000000000010011111111111111100000000001111  
 -36   11110000000000111111111111110000000000001111111111111111110000000000000011111111111111111100000000001111  
 -35   11110000000000111111111111110000000000001111111111111111110000000000000011111111111111111100000000001111  
 -34   11110000000000111111111111110000000000001111111111111111111111000000111111111111111111111100000000001111  
 -33   11110000000000111111111111110000000000001111111111111111111111000000111111111111111111111100000000001111  
 -32   11110000000000111111111111110000000000001111111111111111111111000000111111111111111111111100000000001111  
 -31   11110000000000111111111111110000000000001111111111111111111111111111111111111111111111111100000000001111  
 -30   11110000000000111111111111110000000000000000011111111111111111111111111111111111111111111100000000001111  
 -29   11110000000000100000000111110000000000000000001111111111111111111111111111111111111111111100000000001111  
 -28   11110000000000100000000011110000000000000000000111111111111111111111111111111111000001111100000000001111  
 -27   11100000000000000000000011110000000000000000000111111111111111111111111111111111000001111100000000001111  
 -26   11100000000000000000000011000000000000000000000111111111111111111111111111111110000000111100000000001111  
 -25   11100000000001000000000011000000000000000000000111111111000000001111111111111110000000111100000001111111  
 -24   11100000000001000000000011000000000000000000000111111110000000000111111111111100000000011000000000111111  
 -23   11100000000001000000000011000000000000000000000111111110000000000110000000011000000000011000000000011111  
 -22   11110000000000000000000011000000000000000000001111111110000000000110000000000000000000011000000000011111  
 -21   11111111111000000000000011110000000011000000001111111110000000000100000000000000000000011000000000011111  
 -20   11111111110000000000000111110000000011111100100011111110000000000100000000000000000000011000000000011111  
 -19   11111111110000000000111111111000000111111000000011111110000000000100000000000000000000011000000000011111  
 -18   11000001110000000001111111111111111111110000000001111110000000000100000000000000000000011000000000011111  
 -17   11000001110000000001111111111111111111110000000001111110000000000100000000000000000000011000000000111111  
 -16   11000000111000000011111111111111111111110000000011111111000000001100000000000000000000111100000001111111  
 -15   11000000111100111111111111111111111111111000000001111111111111111110000000000000000111111111111111111111  
 -14   11100001111111111111111111111111111111111000000001111111111111111111000000010000001111111111111111111111  
 -13   11111111111111111111111111111111111111111110000011111111111111111111111111000000001111111111111111111111  
 -12           1111111111111111111111111111111111100000111111111111111111111111111000001111111111111111          
 -11           1111111111111111111111111111111111110001111111111111111111111111111000001111111111111111          
 -10           1111111111111111111111111111111111111111111111111111111111111111111100011111111111111111          
  -9          111111111111111111111111111111111111111111111111111111111111111111111111111111111111111111         
  -8          111111111111111111111111111111111111111111111111111111111111111111111111111111111111111111         
  -7          111111111111111111111111111111111111111111111111111111111111111111111111111111111111111111         
  -6          111111111111111111111111111111111111111111111111111111111111111111111111111111111111111111         
  -5          111111111111111111111111111111111111111111111111111111111111111111111111111111111111111111         
  -4          111111111111111111111111111111111111111111111111111111111111111111111111111111111111111111         
  -3          111111111111111111111111111111111111111111111111111111111111111111111111111111111111111111         
  -2          111111111111111111111111111111111111111111111111111111111111111111111111111111111111111111         
  -1         11111111111111111111111111111111111111111111111111111111111111111111111111111111111111111111        
   0         11111111111111111111111111111111111111111111111111111111111111111111111111111111111111111111        
   1          111111111111111111111111111111111111111111111111111111111111111111111111111111111111111111         
   2          111111111111111111111111111111111111111111111111111111111111111111111111111111111111111111         
   3          111111111111111111111111111111111111111111111111111111111111111111111111111111111111111111         
   4          111111111111111111111111111111111111111111111111111111111111111111111111111111111111111111         
   5          111111111111111111111111111111111111111111111111111111111111111111111111111111111111111111         
   6          111111111111111111111111111111111111111111111111111111111111111111111111111111111111111111         
   7          111111111111111111111111111111111111111111111111111111111111111111111111111111111111111111         
   8          111111111111111111111111111111111111111111111111111111111111111111111111111111111111111111         
   9           1111111111111111100011111111111111111111111111111111111111111111111111111111111111111111          
  10           1111111111111111000001111111111111111111111111111000111111111111111111111111111111111111          
  11           1111111111111111000001111111111111111111111111110000011111111111111111111111111111111111          
  12   11111111111111111111110000000011111111111111111111111111000001111111111111111111111111111111111111111111  
  13   11111111111111111111110000001000000011111111111111111110000000011111111111111111111111111111111110000111  
  14   11111111111111111111100000000000000001111111111111111110000000011111111111111111111111111100111100000011  
  15   11111110000000111100000000000000000000110000000011111111000000001111111111111111111111000000011100000011  
  16   11111100000000011000000000000000000000100000000001111110000000001111111111111111111110000000001110000011  
  17   11111000000000011000000000000000000000100000000001111110000000001111111111111111111110000000001110000011  
  18   11111000000000011000000000000000000000100000000001111111000000011111100000011111111100000000001111111111  
  19   11111000000000011000000000000000000000100000000001111111000100111111000000001111100000000000001111111111  
  20   11111000000000011000000000000000000000100000000001111111110000000011000000001111000000000000011111111111  
  21   11111000000000011000000000000000000001100000000001111111110000000000000000000011000000000000000000001111  
  22   11111000000000011000000000011000000001100000000001111111100000000000000000000011000000000010000000000111  
  23   11111100000000011000000000111111111111100000000001111111100000000000000000000011000000000010000000000111  
  24   11111110000000111100000001111111111111110000000011111111100000000000000000000011000000000010000000000111  
  25   11110000000000111100000001111111111111111111111111111111100000000000000000000011000000000000000000000111  
  26   11110000000000111110000011111111111111111111111111111111100000000000000000001111000000000000000000000111  
  27   11110000000000111110000011111111111111111111111111111111100000000000000000001111000000000100000000001111  
  28   11110000000000111111111111111111111111111111111111111111110000000000000000001111100000000100000000001111  
  29   11110000000000111111111111111111111111111111111111111111111000000000000000001111111111111100000000001111  
  30   11110000000000111111111111111111111111111111111111111111111111110000000000001111111111111100000000001111  
  31   11110000000000111111111111111111111100000011111111111111111111110000000000001111111111111100000000001111  
  32   11110000000000111111111111111111111100000011111111111111111111110000000000001111111111111100000000001111  
  33   11110000000000111111111111111111111100000011111111111111111111110000000000001111111111111100000000001111  
  34   11110000000000111111111111111111000000000000001111111111111111110000000000001111111111111100000000001111  
  35   11110000000000111111111111111111000000000000001111111111111111110000000000001111111111111100000000001111  
  36   11110000000000111111111111111001000000000000001001111111111111110000000000001111111111111100000000001111  
  37   11111111111111111111111111111001000000000000001001111111111111110000000000001111111111111111100000011111  
  38   11001111111111111111111111111001000000000000001001111111111111111100000000111111111111111111100000011111  
  39   10000001111111111111110000111001000000000000001001111111111111111100000000110000111111111111000000001111  
  40   10000001111111111111100000111001000000000000001001111110111100000000000000100000011111111111000000001111  
  41   00000000111111111111100000011001000000000000001001111000011100000000000000100000011111111111000010000111  
  42   00000000111111111111100000011001000000000000001001111000001100000000000000100000111111111111100000000111  
  43   00001000011111111111110000111001000000000000001001110000000100000000000001110000111111111111111000001111  
  44   10000000011111111111111111111001000000000000001001111000001100000000111111111011111111111111111111011111  
  45   11100000111111111111111111111001000000000000001001111000011100000000111111111111111111111111111111111111  
  46   11111101111111111111111111111001000000000000001001111100111100000000111111111111111111111111111111111111  
  47   11111111111111111111111111111001000000000000001001111111111100000000111111111111111111111111111111111111  
  48   11111111111111111111111111111001000000000000001001111111111111111111111111111111111111111111111111111111  
  49   11111111111111111111111111111001000000000000001001111111111111111111111111100000000000000000000011111111  
  50   11111111111111111111111111111001000000000000001001111111111111111111111111100000000000000000000011001111  
  51   11111111111111111111111111111001000000000000001001111111111111111111111111100000000000000000000000000111  
  52   11111111111111111111111111111001000000000000001001111111111111111111111111100000000000000000000000000011  
  53   11111111111111111111111111111001000000000000000000001111111111111111111111100000000000000000000000000011  
  54   11111111111111111111111111111001000000000000000000000000000111111110000000000000000000000000000000000011  
  55   111111111111111111111111111110010000000000000000000000000000000000000000000000000000000000000000000000111 
  56  1111111111111111111111111111110011111100000000000000000000000000000000000000000000000000000000000000001111 
  57  1111110001111111111111111111111111111100000000000000000000000000000000000000000000000000000000000000011111 
  58  1111100000111111111111111111111111111100000000000000000000000000000000000000000000000000000000000001111111 
  59  1111100000111111111111111111111111111111000000000000000000000000000000000000000000000000000000000111111111 
  60  1110000000011111111111111111111111111111111000000000000000000000000000000000000000000000000000000111111111 
  61  11100000010011111111111111111111111111111111111000000000000000000000000000000000000000000000000001111111111
  62  11000000000011111111111111111111111111111111111000000000000000000000000001110000000000000000000001111111111
  63  11100000000011111111111111111111111111111111111000000000000000000000001111110000000000000000000001111111111
  64  11100000000111111111111111111111111111111111111000000000000000000000000111110000000000000000000000000111111
  65  00000000001111111111111111111111111111111111111000000000000000000000000001110000000000000000000000000001111
  66  00000000001111111111111111111111111111111111111000000000000000000000000000110000000000000000000000000000111
  67  0000000000111111111111111111111111111111111111100000000000000000000000000011000000000000000000000000000011 
  68  0000000000111111111111111111111111111111111111100000000000000000000000000001000000000000000000000000000001 
  69  0000000001111111111111111111111111111111111111100000000000000000000000000000000000000000000000000000000000 
  70  0000001111111111111001111111111111111111111111100000000000000000000000000000111111111111111000000000000000 
  71  0000010001111111110000001111111111111111111111100000000000000000000000000000111111111111111000000000000000 
  72   001100000111111110000001111111111111111111111100000000000000000000000000000111111111111000000000000000000 
  73   111100000111111100000000111111111111111111111100000000000000000000000000000111111111110000000000000000000 
  74   110000000011111100000000111111111111110000000000000000000000000000000000000111111111110000000000000000000 
  75   110000001001111100001000011111111111110000000000000000000000000000000000000111111111100000000000000000000 
  76   10000000000111111000000001111111111111000000000000000000000000000000000111111111111110000000011111111111  
  77   11000000000000111110000011111111111111000000000000000000000000000000000111111110000111000000001111111111  
  78   11000000000000111111110111111111111111000000000000000000000000000000000111111100000010000000001111111111  
  79   11111000000000111111111111111111111111000000000000000000000000000000000111111100000010000000001111111111  
  80   11110000000000111111111111111111111111000000000000000000000000000000000111111100000011000000011111111111  
  81   11110000010001111111111111111111111111000000000000000000000000000000000111111110000011000100111111111111  
  82   11110000011111111111111111111111111111000000000000000000000000000000000111111111101111110001111111111111  
  83   11000000000000000011000000000000000011000000000000000000000000000000000000000000000000110000000000000000  
  84   11000000000000000011000000000000000011000000000000000000000000000000000000000000000000110000000000000000  
  85   11000000000000000011000000000000000011000000000000000000000000000000000000000000000000110000000000000000  
  86   11000000000000000011000000000000000011000000000000000000000000000000000000000000000000110000000000000000  
  87   11000000000000000011000000000000000011000000000000000000000000000000000000000000000000110000000000000000  
  88   11000000000000000011000000000000000011000000000000000000000000000000000000000000000000110000000000000000  
  89   11000000000000000011000000000000000011000000000000000000000000000000000000000000000000110000000000000000  
  90   11000000000000000011000000000000000011000000000000000000000000000000000000000000000000110000000000000000  
  91   11000000000000000011000000000000000011000000000000000000000000000000000000000000000000110000000000000000  
  92   11000000000000000011000000000000000011000000000000000000000000000000000000000000000000110000000000000000  
  93   11000000000000000011000000000000000011000000000000000000000000000000000000000000000000110000000000000000  
  94   11000000000000000011000000000000000011000000000000000000000000000000000000000000000000110000000000000000  
  95   11000000000000000011000000000000000011000000000000000000000000000000000000000000000000110000000000000000  
  96                    1111111111111111111110000000000000000000000000000000001111111111111111111111             
  97                                     11110000000000000000000000000000000001111111                            
  98                                                     00000000000                                             
seats 9679; refused 4346 DR-CLAIM, 4126 DR-KEEP, 1079 DR-ROAD, 742 OB19

## boulder
SEATS  boulder, footprint 1x1, 2 blocks off a route  1 char = 1 block  x -54..53 across, z -99..98 down
KEY  1 the footprint seats with its minimum corner here  0 refused  space void
        -5        -4        -3        -2        -1         0         1         2         3         4         5   
     432109876543210987654321098765432109876543210987654321012345678901234567890123456789012345678901234567890123
 -99                                              11111111111                                                    
 -98                             11111111000000000000000000000000000000000111                                    
 -97              1111111111111111111111100000000000000000000000000000000011111111111111111111                   
 -96   00000000000000001100000000000000000000000000000000000000000000000001000000000000000011000000000000000011  
 -95   00000000000000001100000000000000000000000000000000000000000000000001000000000000000011000000000000000011  
 -94   00000000000000001100000000000000000000000000000000000000000000000001000000000000000011000000000000000011  
 -93   00000000000000001100000000000000000000000000000000000000000000000001000000000000000011000000000000000011  
 -92   00000000000000001100000000000000000000000000000000000000000000000001000000000000000011000000000000000011  
 -91   00000000000000001100000000000000000000000000000000000000000000000001000000000000000011000000000000000011  
 -90   00000000000000001100000000000000000000000000000000000000000000000001000000000000000011000000000000000011  
 -89   00000000000000001100000000000000000000000000000000000000000000000001000000000000000011000000000000000011  
 -88   00000000000000001100000000000000000000000000000000000000000000000001000000000000000011000000000000000011  
 -87   00000000000000001100000000000000000000000000000000000000000000000001000000000000000011000000000000000011  
 -86   00000000000000001100000000000000000000000000000000000000000000000001000000000000000011000000000000000011  
 -85   00000000000000001100000000000000000000000000000000000000000000000001000000000000000011000000000000000011  
 -84   00000000000000001100000000000000000000000000000000000000000000000001000000000000000011000000000000000011  
 -83   11111111111111111111110111111111110000000000000000000000000000000001111111111111111111111111111111111111  
 -82   11111111111111111111000001111111110000000000000000000000000000000001111111111111111111111110001111111111  
 -81   11111111111111111111000000111111110000000000000000000000000000000001111111111111111111111100000111111111  
 -80   11111111111111111111000000111111110000000000000000000000000000000001111111111111111111111100000111111111  
 -79   11111111111111111111000000111111110000000000000000000000000000000001111111111111111111111100000111111111  
 -78   11111111111111111111100001111111110000000000000000000000000000000001111111111111111111111100001111111111  
 -77   11111111111111111111111111111111110000000000000000000000000000000001111111111111111111111111111111111111  
 -76  000000000000111111111111111111000000000000000000000000000000000000001111111111111111111111111111111111111  
 -75  000000000000001111111111111111000000000000000000000000000000000000001111111111111111111111111111111111111  
 -74  000000000000001111111111111111000000000000000000000000000000000000001111111111111111111111111111111111111  
 -73  000000000000000111111111111111000000000000000000000000000000111111111111111111111111111111111111111111111  
 -72  0000000000000001111111111111110000000000000000000000000000001111111111111111111111111111111111111111111111 
 -71  0000000000000001111111111111110000000000000000000000000000001111111111111111111111111111111111111111111111 
 -70  0000000000000000000000000000000000000000000000000000000000001111111111111111111111111111111111111111111111 
 -69  1000000000000000000000000000001000000000000000000000000000001111111111111111111111111111111111111111111111 
 -68  1100000000000000000000000000001100000000000000000000000000001111111111111111111111111111111111111111111111 
 -67 11100000000000000000000000000001100000000000000000000000000001111111111111111111111111111111111111111111111 
 -66 11110000000000000000000000000001110000000000000000000000000001111111111111111111111111111111111111111111111 
 -65 11111100000000000000000000000001111100001000000000000000000001111111111111111111111111111111111111111111111 
 -64 11111111110000000000000000000001111111110000000000000000000001111111111111111111111111111111111111111111111 
 -63 11111111110000000000000000000001111111000000000000000000000001111111111111111111111111111111111111111111111 
 -62 11111111110000000000000000000001111000000000000000000000000001111111111111111111111111111111111111111111111 
 -61  1111111110000000000000000000000000000000000000000000000000001111111111111111111111111111111111111111111111 
 -60  1111111110000000000000000000000000000000000000000000000000000011111111111111111111111111111111111111111111 
 -59  1111111111000000000000000000000000000000000000000000000000000000011111111111111111111111111111111111111111 
 -58  1111111111110000000000000000000000000000000000000000000000000000000111111111111111111111111111111111111111 
 -57  1111111111110000000000000000000000000000100000000000000000000000000111111100111111111111111111111111111111 
 -56  111111111111100000000000000000000000011111111110000000000000000000000000010011111111111111111111111111111  
 -55   11111111111100000000000000000111111111111111111111111000000000000000000010011111111111111111111111111111  
 -54   11111111111000000000000000000111111111111111111111111110010000000000000010011111111111111111111111111111  
 -53   11111111111000000000000000000111111111111111111111111110010000000000000010011111111111111111111111111111  
 -52   11111111110000000000000000000111111111111111111111111110010000000000000010011111111111111111111111111111  
 -51   11111111000000000000000000000111111111111111111111111110010000000000000010011111111111111111111111111111  
 -50   11111111000000000000000000000111111111111111111111111110010000000000000010011111111111111111111111111111  
 -49   11111111111111111111111111111111111111111111111111111110010000000000000010011111111111111111111111111111  
 -48   11111111111111111111111111111111111100000000111111111110010000000000000010011111111111111111111111111111  
 -47   11111111111111111111111111111111111100000000111100111110010000000000000010011111111111111111111111111111  
 -46   11111111111111111111111111111111111100000000111000011110010000000000000010011111111111111111111111111111  
 -45   11111111111111111111111111011111111100000000110000011110010000000000000010011111111111111111111111111111  
 -44   11111111111111111111111100001111111100000000100000001110010000000000000010011100001111111111111111111111  
 -43   11111111111111111111111100000111000000000000110000011110010000000000000010011000000111111111111111111111  
 -42   11111111111111111111111000000110000000000000111000011110010000000000000010011000000111111111111111111111  
 -41   11111111111111111111111000000110000000000000111101111110010000000000000010011100000111111111111111111111  
 -40   11111111111111111111111100001110000001111111111111111110010000000000000010011100001111111111111111111111  
 -39   11111111111111111111111111111110000001111111111111111110010000000000000010011111111111111111111111111111  
 -38   11111111111111111111111111110000000000001111111111111110010000000000000010011111111111111111111111111111  
 -37   11110000110000111111111111110000000000001111111111111110010000000000000010011111111111111100000000001111  
 -36   11110000000000111111111111110000000000001111111111111111110000000000000011111111111111111100000000001111  
 -35   11110000000000111111111111110000000000001111111111111111110000000000000011111111111111111100000000001111  
 -34   11110000000000111111111111110000000000001111111111111111111111100001111111111111111111111100000000001111  
 -33   11110000000000111111111111110000000000001111111111111111111111100001111111111111111111111100000000001111  
 -32   11110000000000111111111111110000000000001111111111111111111111111111111111111111111111111100000000001111  
 -31   11110000000000111111111111110000000000001111111111111111111111111111111111111111111111111100000000001111  
 -30   11110000000000111111111111110000000000001111111111111111111111111111111111111111111111111100000000001111  
 -29   11110000000000111111111111110000000000000000111111111111111111111111111111111111111111111100000000001111  
 -28   11110000000000110000001111110000000000000000011111111111111111111111111111111111000001111100000000001111  
 -27   11110000000000110000000111110000000000000000001111111111111111111111111111111111000001111100000000001111  
 -26   11110000000000100000000111110000000000000000001111111111111111111111111111111110000000111100000000001111  
 -25   11110000000011100000000111100000000000000000001111111111111111111111111111111110000001111111111111111111  
 -24   11110000000011100000000111100000000011000000001111111111100000011111111111111111000001111110000011111111  
 -23   11111000000111100000000111100000000011000000011111111111000000001111111111111110000000111100000001111111  
 -22   11111111111111110000000111111000000111100000111111111111000000001111000000111100000000111100000000111111  
 -21   11111111111111111000001111111000000111111111111111111111000000001111000000011100000000111100000000111111  
 -20   11111111111111111111111111111100001111111111111111111111000000001110000000011100000000111100000000111111  
 -19   11111111111111111111111111111111111111111111111111111111000000001110000000011100000000111100000000111111  
 -18   11000001111111111111111111111111111111111111111111111111000000001110000000011110000000111100000001111111  
 -17   11000001111111111111111111111111111111111111111111111111100000011110000000011111000001111110000011111111  
 -16   11000000111111111111111111111111111111111111111111111111111111111111000000011111111111111111111111111111  
 -15   11000000111111111111111111111111111111111111111111111111111111111111100000111111111111111111111111111111  
 -14   11100001111111111111111111111111111111111111111111111111111111111111111111111111111111111111111111111111  
 -13   11111111111111111111111111111111111111111111111111111111111111111111111111111111111111111111111111111111  
 -12           1111111111111111111111111111111111111111111111111111111111111111111111111111111111111111          
 -11           1111111111111111111111111111111111111111111111111111111111111111111111111111111111111111          
 -10           1111111111111111111111111111111111111111111111111111111111111111111111111111111111111111          
  -9          111111111111111111111111111111111111111111111111111111111111111111111111111111111111111111         
  -8          111111111111111111111111111111111111111111111111111111111111111111111111111111111111111111         
  -7          111111111111111111111111111111111111111111111111111111111111111111111111111111111111111111         
  -6          111111111111111111111111111111111111111111111111111111111111111111111111111111111111111111         
  -5          111111111111111111111111111111111111111111111111111111111111111111111111111111111111111111         
  -4          111111111111111111111111111111111111111111111111111111111111111111111111111111111111111111         
  -3          111111111111111111111111111111111111111111111111111111111111111111111111111111111111111111         
  -2          111111111111111111111111111111111111111111111111111111111111111111111111111111111111111111         
  -1         11111111111111111111111111111111111111111111111111111111111111111111111111111111111111111111        
   0         11111111111111111111111111111111111111111111111111111111111111111111111111111111111111111111        
   1          111111111111111111111111111111111111111111111111111111111111111111111111111111111111111111         
   2          111111111111111111111111111111111111111111111111111111111111111111111111111111111111111111         
   3          111111111111111111111111111111111111111111111111111111111111111111111111111111111111111111         
   4          111111111111111111111111111111111111111111111111111111111111111111111111111111111111111111         
   5          111111111111111111111111111111111111111111111111111111111111111111111111111111111111111111         
   6          111111111111111111111111111111111111111111111111111111111111111111111111111111111111111111         
   7          111111111111111111111111111111111111111111111111111111111111111111111111111111111111111111         
   8          111111111111111111111111111111111111111111111111111111111111111111111111111111111111111111         
   9           1111111111111111111111111111111111111111111111111111111111111111111111111111111111111111          
  10           1111111111111111111111111111111111111111111111111111111111111111111111111111111111111111          
  11           1111111111111111111111111111111111111111111111111111111111111111111111111111111111111111          
  12   11111111111111111111111111111111111111111111111111111111111111111111111111111111111111111111111111111111  
  13   11111111111111111111111111111111111111111111111111111111111111111111111111111111111111111111111110000111  
  14   11111111111111111111111111111100000111111111111111111111111111111111111111111111111111111111111100000011  
  15   11111111111111111111111111111000000011111111111111111111111111111111111111111111111111111111111100000011  
  16   11111111000001111110000011111000000001111000000111111111111111111111111111111111111111111111111110000011  
  17   11111110000000111100000001111000000001110000000011111111111111111111111111111111111111111111111110000011  
  18   11111100000000111100000000111000000001110000000011111111111111111111111111111111111111111111111111111111  
  19   11111100000000111100000000111000000001110000000011111111111111111111110000111111111111111111111111111111  
  20   11111100000000111100000000111000000011110000000011111111111111111111100000011111110000011111111111111111  
  21   11111100000000111100000000111100000011110000000011111111111100000111100000011111100000001111111111111111  
  22   11111110000000111100000001111111111111110000000011111111111000000011000000000111100000000111100000011111  
  23   11111111000001111110000011111111111111111000000111111111110000000011000000000111100000000111000000001111  
  24   11111111111111111110000001111111111111111111111111111111110000000000000000000111100000000111000000001111  
  25   11110000000000111100000001111111111111111111111111111111110000000000000000001111100000000100000000001111  
  26   11110000000000111110000011111111111111111111111111111111110000000000000000001111100000001100000000001111  
  27   11110000000000111110000011111111111111111111111111111111111000000000000000001111110000001100000000001111  
  28   11110000000000111111111111111111111111111111111111111111111100000000000000001111111111111100000000001111  
  29   11110000000000111111111111111111111111111111111111111111111111110000000000001111111111111100000000001111  
  30   11110000000000111111111111111111111111111111111111111111111111110000000000001111111111111100000000001111  
  31   11110000000000111111111111111111111111111111111111111111111111110000000000001111111111111100000000001111  
  32   11110000000000111111111111111111111110000111111111111111111111110000000000001111111111111100000000001111  
  33   11110000000000111111111111111111111110000111111111111111111111110000000000001111111111111100000000001111  
  34   11110000000000111111111111111111000000000000001111111111111111110000000000001111111111111100000000001111  
  35   11110000000000111111111111111111000000000000001111111111111111110000000000001111111111111100000000001111  
  36   11110000000000111111111111111001000000000000001001111111111111110000000000001111111111111100001100001111  
  37   11111111111111111111111111111001000000000000001001111111111111110000000000001111111111111111111111111111  
  38   11111111111111111111111111111001000000000000001001111111111111111110000001111111111111111111111111111111  
  39   11111111111111111111110000111001000000000000001001111111111111111110000001110000111111111111111111111111  
  40   11111111111111111111100000111001000000000000001001111110111100000000000001100000011111111111111111111111  
  41   11111111111111111111100000011001000000000000001001111000011100000000000001100000011111111111111111111111  
  42   11111111111111111111100000011001000000000000001001111000001100000000000011100000111111111111111111111111  
  43   11111111111111111111110000111001000000000000001001110000000100000000111111110000111111111111111111111111  
  44   11111111111111111111111111111001000000000000001001111000001100000000111111111011111111111111111111111111  
  45   11111111111111111111111111111001000000000000001001111000011100000000111111111111111111111111111111111111  
  46   11111111111111111111111111111001000000000000001001111100111100000000111111111111111111111111111111111111  
  47   11111111111111111111111111111001000000000000001001111111111100000000111111111111111111111111111111111111  
  48   11111111111111111111111111111001000000000000001001111111111111111111111111111111111111111111111111111111  
  49   11111111111111111111111111111001000000000000001001111111111111111111111111100000000000000000000011111111  
  50   11111111111111111111111111111001000000000000001001111111111111111111111111100000000000000000000011111111  
  51   11111111111111111111111111111001000000000000001001111111111111111111111111100000000000000000001111111111  
  52   11111111111111111111111111111001000000000000001001111111111111111111111111100000000000000000011111111111  
  53   11111111111111111111111111111001000000000000001001111111111111111111111111100000000000000000011111111111  
  54   11111111111111111111111111111001000000000000000000011111111111111111111111100000000000000000111111111111  
  55   111111111111111111111111111110010000000000000000000000000011111111110000000000000000000000001111111111111 
  56  1111111111111111111111111111110011111110000000000000000000000000010000000000000000000000000000111111111111 
  57  1111111111111111111111111111111111111110000000000000000000000000000000000000000000000000000000111111111111 
  58  1111111111111111111111111111111111111111100000000000000000000000000000000000000000000000000000001111111111 
  59  1111111111111111111111111111111111111111111100000000000000000000000000000000000000000000000000000111111111 
  60  1111111111111111111111111111111111111111111111100000000000000000000000000000000000000000000000000111111111 
  61  11111111111111111111111111111111111111111111111000000000000000000000000011110000000000000000000001111111111
  62  11111111111111111111111111111111111111111111111000000000000000000000011111110000000000000000000001111111111
  63  11111111111111111111111111111111111111111111111000000000000000000001111111110000000000000000000001111111111
  64  11111111111111111111111111111111111111111111111000000000000000000010000111110000000000000000000000000111111
  65  11111111111111111111111111111111111111111111111000000000000000000000000001110000000000000000000000000001111
  66  11111111111111111111111111111111111111111111111000000000000000000000000000110000000000000000000000000000111
  67  1111111111111111111111111111111111111111111111100000000000000000000000000011000000000000000000000000000011 
  68  1111111111111111111111111111111111111111111111100000000000000000000000000001000000000000000000000000000001 
  69  1111111111111111111111111111111111111111111111100000000000000000000000000000000000000000000000000000000000 
  70  1111111111111111111111111111111111111111111111100000000000000000000000000000111111111111111000000000000000 
  71  1111111111111111111111111111111111111111111111100000000000000000000000000000111111111111111000000000000000 
  72   111111111111111111111111111111111111111111111100000000000000000000000000000111111111111111000000000000000 
  73   111111111111111111111111111111111111111111111100000000000000000000000000000111111111111111100000000000000 
  74   111111111111111111111111111111111111110000000000000000000000000000000000000111111111111111100000000000000 
  75   111111111111111111111111111111111111110000000000000000000000000000000000000111111111111111111000000000000 
  76   11111111111111111111111111111111111111000000000000000000000000000000000111111111111111111111111111111111  
  77   11111111110000111111111111111111111111000000000000000000000000000000000111111110000111111111111111111111  
  78   11111111100000111111111111111111111111000000000000000000000000000000000111111100000011111111111111111111  
  79   11111111100000111111111111111111111111000000000000000000000000000000000111111100000011111111111111111111  
  80   11111111100000111111111111111111111111000000000000000000000000000000000111111100000011111111111111111111  
  81   11111111110001111111111111111111111111000000000000000000000000000000000111111110000011111111111111111111  
  82   11111111111111111111111111111111111111000000000000000000000000000000000111111111101111111111111111111111  
  83   11000000000000000011000000000000000011000000000000000000000000000000000000000000000000110000000000000000  
  84   11000000000000000011000000000000000011000000000000000000000000000000000000000000000000110000000000000000  
  85   11000000000000000011000000000000000011000000000000000000000000000000000000000000000000110000000000000000  
  86   11000000000000000011000000000000000011000000000000000000000000000000000000000000000000110000000000000000  
  87   11000000000000000011000000000000000011000000000000000000000000000000000000000000000000110000000000000000  
  88   11000000000000000011000000000000000011000000000000000000000000000000000000000000000000110000000000000000  
  89   11000000000000000011000000000000000011000000000000000000000000000000000000000000000000110000000000000000  
  90   11000000000000000011000000000000000011000000000000000000000000000000000000000000000000110000000000000000  
  91   11000000000000000011000000000000000011000000000000000000000000000000000000000000000000110000000000000000  
  92   11000000000000000011000000000000000011000000000000000000000000000000000000000000000000110000000000000000  
  93   11000000000000000011000000000000000011000000000000000000000000000000000000000000000000110000000000000000  
  94   11000000000000000011000000000000000011000000000000000000000000000000000000000000000000110000000000000000  
  95   11000000000000000011000000000000000011000000000000000000000000000000000000000000000000110000000000000000  
  96                    1111111111111111111110000000000000000000000000000000001111111111111111111111             
  97                                     11110000000000000000000000000000000001111111                            
  98                                                     00000000000                                             
seats 11610; refused 4126 DR-KEEP, 2962 DR-CLAIM, 742 OB19, 532 DR-ROAD

## house
SEATS  house, footprint 9x7, no route standoff  1 char = 1 block  x -54..53 across, z -99..98 down
KEY  1 the footprint seats with its minimum corner here  0 refused  space void
        -5        -4        -3        -2        -1         0         1         2         3         4         5   
     432109876543210987654321098765432109876543210987654321012345678901234567890123456789012345678901234567890123
 -99                                              00000000000                                                    
 -98                             00000000000000000000000000000000000000000000                                    
 -97              0000000000000000000000000000000000000000000000000000000000000000000000000000                   
 -96   00000000000000000000000000000000000000000000000000000000000000000000000000000000000000000000000000000000  
 -95   00000000000000000000000000000000000000000000000000000000000000000000000000000000000000000000000000000000  
 -94   00000000000000000000000000000000000000000000000000000000000000000000000000000000000000000000000000000000  
 -93   00000000000000000000000000000000000000000000000000000000000000000000000000000000000000000000000000000000  
 -92   00000000000000000000000000000000000000000000000000000000000000000000000000000000000000000000000000000000  
 -91   00000000000000000000000000000000000000000000000000000000000000000000000000000000000000000000000000000000  
 -90   00000000000000000000000000000000000000000000000000000000000000000000000000000000000000000000000000000000  
 -89   00000000000000000000000000000000000000000000000000000000000000000000000000000000000000000000000000000000  
 -88   00000000000000000000000000000000000000000000000000000000000000000000000000000000000000000000000000000000  
 -87   00000000000000000000000000000000000000000000000000000000000000000000000000000000000000000000000000000000  
 -86   00000000000000000000000000000000000000000000000000000000000000000000000000000000000000000000000000000000  
 -85   00000000000000000000000000000000000000000000000000000000000000000000000000000000000000000000000000000000  
 -84   00000000000000000000000000000000000000000000000000000000000000000000000000000000000000000000000000000000  
 -83   00000000000000000000000000000000000000000000000000000000000000000000000000000000000000000000000000000000  
 -82   00000000000000000000000000000000000000000000000000000000000000000000000000000000000000000000000000000000  
 -81   00000000000000000000000000000000000000000000000000000000000000000000000000000000000000000000000000000000  
 -80   00000000000000000000000000000000000000000000000000000000000000000000000000000000000000000000000000000000  
 -79   00000000000000000000000000000000000000000000000000000000000000000000000000000000000000000000000000000000  
 -78   00000000000000000000000000000000000000000000000000000000000000000000000000000000000000000000000000000000  
 -77   00000000000000000000000000000000000000000000000000000000000000000000000000000000000000000000000000000000  
 -76  000000000000000000000000000000000000000000000000000000000000000000000000000000000000000000000000000000000  
 -75  000000000000000000000000000000000000000000000000000000000000000000000000000000000000000000000000000000000  
 -74  000000000000000000000000000000000000000000000000000000000000000000000000000000000000000000000000000000000  
 -73  000000000000000000000000000000000000000000000000000000000000111111111111111111111111111100000000100000000  
 -72  0000000000000000000000000000000000000000000000000000000000001111111111111111111111111111100000001000000000 
 -71  0000000000000000000000000000000000000000000000000000000000001111111111111111111111111111100000001000000000 
 -70  0000000000000000000000000000000000000000000000000000000000001111111111111111111111111111100000001000000000 
 -69  0000000000000000000000000000000000000000000000000000000000001111111111111111111111111111100000001000000000 
 -68  0000000000000000000000000000000000000000000000000000000000001111111111111111111111111111100000001000000000 
 -67 00000000000000000000000000000000000000000000000000000000000001111111111111111111111111111100000001000000000 
 -66 00000000000000000000000000000000000000000000000000000000000001111111111111111111111111111100000001000000000 
 -65 00000000000000000000000000000000000000000000000000000000000000111111111111111111111111111100000001000000000 
 -64 00000000000000000000000000000000000000000000000000000000000000000111111111111111111111111100000001000000000 
 -63 00000000000000000000000000000000000000000000000000000000000000000000000000000111111111111100000001000000000 
 -62 00000000000000000000000000000000000000000000000000000000000000000000000000000111111111111000000001000000000 
 -61  0000000000000000000000000000000000000000000000000000000000000000000000000000111111111111000000001000000000 
 -60  0000000000000000000000000000000000000000000000000000000000000000000000000000111111111111000000001000000000 
 -59  0100000000000000000000000000000000000000000000000000000000000000000000000000111111111111000000001000000000 
 -58  0100000000000000000000000000000000000000000000000000000000000000000000000000111111111111000000001000000000 
 -57  0000000000000000000000000000000000001111000000000000000000000000000000000000111111111111000000001000000000 
 -56  000000000000000000000000000000111111111111111110000000000000000000000000000011111111111100000001100000000  
 -55   00000000000000000000000000000111111111111111111000000000000000000000000000011111111111100000001100000000  
 -54   00000000000000000000000000000000000000000000111000000000000000000000000000011111111111100000001100000000  
 -53   00000000000000000000000000000000000000000000111000000000000000000000000000011111111111100000001100000000  
 -52   00000000000000000000000000000000000000000000111000000000000000000000000000011111111111100000001100000000  
 -51   00000000000000000000000000000000000000000000111000000000000000000000000000011111111111100000001100000000  
 -50   00000000000000000000000000000000000000000000111000000000000000000000000000011111111111100000001100000000  
 -49   11000000011111111111111111110000000000000000111000000000000000000000000000011111111111100000001100000000  
 -48   11000000011111111111111110000000000000000000111000000000000000000000000000011111111111100000001100000000  
 -47   11000000011111111111111100000000000000000000111000000000000000000000000000011111111111100000001100000000  
 -46   11000000011111111111111100000000000000000000111000000000000000000000000000011111111111100000001100000000  
 -45   11000000011111111111111100000000000000000000111000000000000000000000000000011111111111100000001100000000  
 -44   11000000011111111111000000000000000000000000111000000000000000000000000000011111111111100000001100000000  
 -43   00000000000000111111000000000000000000000000111000000000000000000000000000011111110000000000000000000000  
 -42   00000000000000111111000000000000000000000000111000000000000000000000000000011111110000000000000000000000  
 -41   00000000000000111111000000000000000000000000111000000000000000000000000000011111110000000000000000000000  
 -40   00000000000000111111000000000000000000001111111000000000000000000000000000011111110000000000000000000000  
 -39   00000000000000111111000000000000000000001111111000000000000000000000000000011111110000000000000000000000  
 -38   00000000000000111111000000000000000000001111111000000000000000000000000000011111110000000000000000000000  
 -37   00000000000000111111000000000000000000001111111000000000000000000000000000011111110000000000000000000000  
 -36   00000000000000111111000000000000000000001111111111000000000000000000000011111111110000000000000000000000  
 -35   00000000000000111111000000000000000000001111111111000000000000000000000011111111110000000000000000000000  
 -34   00000000000000111111000000000000000000000001111111111111000000000011111111111111110000000000000000000000  
 -33   00000000000000000000000000000000000000000000111111111111111111111111111111111111110000000000000000000000  
 -32   00000000000000000000000000000000000000000000011111111111111111111111111111111111110000000000000000000000  
 -31   00000000000000000000000000000000000000000000011111111111111111111111111111111111110000000000000000000000  
 -30   00000000000000000000000000000000000000000000011111111111111111111111111111111111110000000000000000000000  
 -29   00000000000000000000000000000000000000000000011111000000000000111111111110000000000000000000000000000000  
 -28   00000000000000000000000000000000000000000000011110000000000000011111111100000000000000000000000000000000  
 -27   00000000000000000000000000000000000000000000011110000000000000000000000000000000000000000000000000000000  
 -26   00000000000000000000000000000000000000000000011110000000000000000000000000000000000000000000000000000000  
 -25   00000000000000000000000000000000000000000000011110000000000000000000000000000000000000000000000000000000  
 -24   00000000000000000000000000000000000000000000111110000000000000000000000000000000000000000000000000000000  
 -23   00000000000000000000000000000000000000000001111110000000000000000000000000000000000000000000000000000000  
 -22   00000000010000000000010000000000001111111111111110000000000000000000000000000000000000000000000000000000  
 -21   00000000011111111111111000000000011111111111111110000000000000000000000000000000000000000000000000000000  
 -20   00000000011111111111111111111111111111111111111110000000000000000000000000000000000000000000000000000000  
 -19   00000000011111111111111111111111111111111111111110000000000000000000000000000000000000000000000000000000  
 -18   00000000000000000111111111111111111111111111111111000000000000000000000000000000000000000000000000000000  
 -17   00000000000000000111111111111111111111111111111111111111111110000000000000111110000000000000000000000000  
 -16   00000000000000000111111111111111111111111111111111111111111111000000000001111110000000000000000000000000  
 -15   00000000000000000111111111111111111111111111111111111111111111111111111111111110000000000000000000000000  
 -14   00000000000000000111111111111111111111111111111111111111111111111111111111111110000000000000000000000000  
 -13   00000000000000000111111111111111111111111111111111111111111111111111111111111110000000000000000000000000  
 -12           1000000001111111111111111111111111111111111111111111111111111111111111100000000100000000          
 -11           1000000001111111111111111111111111111111111111111111111111111111111111100000000100000000          
 -10           1000000001111111111111111111111111111111111111111111111111111111111111100000000100000000          
  -9          010000000111111111111111111111111111111111111111111111111111111111111111100000001000000000         
  -8          010000000111111111111111111111111111111111111111111111111111111111111111100000001000000000         
  -7          000000000111111111111111111111111111111111111111111111111111111111111111100000000000000000         
  -6          000000000111111111111111111111111111111111111111111111111111111111111111100000000000000000         
  -5          000000000111111111111111111111111111111111111111111111111111111111111111100000000000000000         
  -4          000000000111111111111111111111111111111111111111111111111111111111111111100000000000000000         
  -3          000000000111111111111111111111111111111111111111111111111111111111111111100000000000000000         
  -2          000000000111111111111111111111111111111111111111111111111111111111111111100000000000000000         
  -1         00000000001111111111111111111111111111111111111111111111111111111111111111000000000000000000        
   0         00000000001111111111111111111111111111111111111111111111111111111111111111000000000000000000        
   1          010000000111111111111111111111111111111111111111111111111111111111111111100000001000000000         
   2          010000000111111111111111111111111111111111111111111111111111111111111111100000001000000000         
   3          010000000011111111111111111111111111111111111111111111111111111111111111000000001000000000         
   4          010000000011111111111111111111111111111111111111111111111111111111111111000000001000000000         
   5          010000000011111111111111111111111111111111111111111111111111111111111111000000001000000000         
   6          000000000011111111111111111111111111111111111111111111111111111111111111000000000000000000         
   7          000000000011111111111111111111111111111111111111111111111111111111111111000000000000000000         
   8          000000000011111111111111111111111111111111111111111111111111111111111111000000000000000000         
   9           0000000001111110000000000011111111111111111111111111111111111111111111100000000000000000          
  10           0000000001111100000000000001111111111111111111111111111111111111111111100000000000000000          
  11           0000000000000000000000000000000000000011111111111111111111111111111111100000000000000000          
  12   00000000000000000000000000000000000000000000000111111111111111111111111111111111111111100000000000000000  
  13   00000000000000000000000000000000000000000000000111111111111111111111111111111111111111100000000000000000  
  14   00000000000000000000000000000000000000000000000111111111111111100000000001111111111111100000000000000000  
  15   00000000000000000000000000000000000000000000000111111111111111000000000000100000000000100000000000000000  
  16   00000000000000000000000000000000000000000000000111111000000000000000000000000000000000000000000000000000  
  17   00000000000000000000000000000000000000000000000111110000000000000000000000000000000000000000000000000000  
  18   00000000000000000000000000000000000000000000000111100000000000000000000000000000000000000000000000000000  
  19   00000000000000000000000000000000000000000000000111100000000000000000000000000000000000000000000000000000  
  20   00000000000000000000000000000000000000000000000111100000000000000000000000000000000000000000000000000000  
  21   00000000000000000000000011111111100000000000000111100000000000000000000000000000000000000000000000000000  
  22   00000000000000000000000111111111110000000000001111100000000000000000000000000000000000000000000000000000  
  23   00000000000000111111111111111111111111111111111111100000000000000000000000000000000000000000000000000000  
  24   00000000000000111111111111111111111111111111111111100000000000000000000000000000000000000000000000000000  
  25   00000000000000111111111111111111111111111111111111100000000000000000000000000000000000000000000000000000  
  26   00000000000000111111111111111111111111111111111111110000000000000000000000000000000000000000000000000000  
  27   00000000000000111111111111111100000000001111111111111000000000000000000000001111110000000000000000000000  
  28   00000000000000111111111100000000000000000000001111111111000000000000000000001111110000000000000000000000  
  29   00000000000000111111111100000000000000000000001111111111000000000000000000001111110000000000000000000000  
  30   00000000000000111111100000000000000000000000000001111111000000000000000000001111110000000000000000000000  
  31   00000000000000111111100000000000000000000000000001111111000000000000000000001111110000000000000000000000  
  32   00000000000000111111100000000000000000000000000001111111000000000000000000001111110000000000000000000000  
  33   00000000000000111111100000000000000000000000000001111111000000000000000000001111110000000000000000000000  
  34   00000000000000111111100000000000000000000000000001110000000000000000000000001111110000000000000000000000  
  35   00000000000000111111100000000000000000000000000001110000000000000000000000001111110000000000000000000000  
  36   00000000000000111111100000000000000000000000000001110000000000000000000000001111110000000000000000000000  
  37   11000000011111111111100000000000000000000000000001110000000000000000000000001111111111100000001100000000  
  38   11000000011111111111100000000000000000000000000001110000000000000000000011111111111111100000001100000000  
  39   11000000011111111111100000000000000000000000000001110000000000000000000011111111111111100000001100000000  
  40   11000000011111111111100000000000000000000000000001110000000000000000000011111111111111100000001100000000  
  41   11000000011111111111100000000000000000000000000001110000000000000000000111111111111111100000001100000000  
  42   11000000011111111111100000000000000000000000000001110000000000000000111111111111111111100000001100000000  
  43   11000000011111111111100000000000000000000000000001110000000000000000000000000000000000000000000000000000  
  44   11000000011111111111100000000000000000000000000001110000000000000000000000000000000000000000000000000000  
  45   11000000011111111111100000000000000000000000000001110000000000000000000000000000000000000000000000000000  
  46   11000000011111111111100000000000000000000000000001110000000000000000000000000000000000000000000000000000  
  47   11000000011111111111100000000000000000000000000001110000000000000000000000000000000000000000000000000000  
  48   11000000011111111111100000000000000000000000000001111111111111111110000000000000000000000000000000000000  
  49   11000000011111111111100000000000000000000000000000111111111111111110000000000000000000000000000000000000  
  50   10000000011111111111100000000000000000000000000000000000011110000000000000000000000000000000000000000000  
  51   10000000011111111111100000000000000000000000000000000000000000000000000000000000000000000000000100000000  
  52   10000000011111111111100000000000000000000000000000000000000000000000000000000000000000000000000100000000  
  53   10000000011111111111100000000000000000000000000000000000000000000000000000000000000000000000000000000000  
  54   10000000011111111111100000000000000000000000000000000000000000000000000000000000000000000000000000000000  
  55   100000000111111111111000000000000000000000000000000000000000000000000000000000000000000000000000000000000 
  56  0100000001111111111111000000000000000000000000000000000000000000000000000000000000000000000000000000000000 
  57  0100000001111111111111111111111111000000000000000000000000000000000000000000000000000000000000000000000000 
  58  0100000001111111111111111111111111111000000000000000000000000000000000000000000000000000000000000000000000 
  59  0100000001111111111111111111111111111110000000000000000000000000000000000000000000000000000000000000000000 
  60  0100000001111111111111111111111111111110000000000000000000000000000000000000000000000000000000000000000000 
  61  01000000011111111111111111111111111111100000000000000000000000000000000000000000000000000000000000000000000
  62  01000000011111111111111111111111111111100000000000000000000000000000000000000000000000000000000000000000000
  63  01000000011111111111111111111111111111100000000000000000000000000000000000000000000000000000000000000000000
  64  01000000011111111111111111111111111111100000000000000000000000000000000000000000000000000000000000000000000
  65  01000000011111111111111111111111111111100000000000000000000000000000000000000000000000000000000000000000000
  66  01000000001111111111111111111111111111100000000000000000000000000000000000000000000000000000000000000000000
  67  0000000000000000000000000000000000000000000000000000000000000000000000000000000000000000000000000000000000 
  68  0000000000000000000000000000000000000000000000000000000000000000000000000000000000000000000000000000000000 
  69  0000000000000000000000000000000000000000000000000000000000000000000000000000000000000000000000000000000000 
  70  0000000000000000000000000000000000000000000000000000000000000000000000000000000000000000000000000000000000 
  71  0000000000000000000000000000000000000000000000000000000000000000000000000000000000000000000000000000000000 
  72   000000000000000000000000000000000000000000000000000000000000000000000000000000000000000000000000000000000 
  73   000000000000000000000000000000000000000000000000000000000000000000000000000000000000000000000000000000000 
  74   000000000000000000000000000000000000000000000000000000000000000000000000000000000000000000000000000000000 
  75   000000000000000000000000000000000000000000000000000000000000000000000000000000000000000000000000000000000 
  76   00000000000000000000000000000000000000000000000000000000000000000000000000000000000000000000000000000000  
  77   00000000000000000000000000000000000000000000000000000000000000000000000000000000000000000000000000000000  
  78   00000000000000000000000000000000000000000000000000000000000000000000000000000000000000000000000000000000  
  79   00000000000000000000000000000000000000000000000000000000000000000000000000000000000000000000000000000000  
  80   00000000000000000000000000000000000000000000000000000000000000000000000000000000000000000000000000000000  
  81   00000000000000000000000000000000000000000000000000000000000000000000000000000000000000000000000000000000  
  82   00000000000000000000000000000000000000000000000000000000000000000000000000000000000000000000000000000000  
  83   00000000000000000000000000000000000000000000000000000000000000000000000000000000000000000000000000000000  
  84   00000000000000000000000000000000000000000000000000000000000000000000000000000000000000000000000000000000  
  85   00000000000000000000000000000000000000000000000000000000000000000000000000000000000000000000000000000000  
  86   00000000000000000000000000000000000000000000000000000000000000000000000000000000000000000000000000000000  
  87   00000000000000000000000000000000000000000000000000000000000000000000000000000000000000000000000000000000  
  88   00000000000000000000000000000000000000000000000000000000000000000000000000000000000000000000000000000000  
  89   00000000000000000000000000000000000000000000000000000000000000000000000000000000000000000000000000000000  
  90   00000000000000000000000000000000000000000000000000000000000000000000000000000000000000000000000000000000  
  91   00000000000000000000000000000000000000000000000000000000000000000000000000000000000000000000000000000000  
  92   00000000000000000000000000000000000000000000000000000000000000000000000000000000000000000000000000000000  
  93   00000000000000000000000000000000000000000000000000000000000000000000000000000000000000000000000000000000  
  94   00000000000000000000000000000000000000000000000000000000000000000000000000000000000000000000000000000000  
  95   00000000000000000000000000000000000000000000000000000000000000000000000000000000000000000000000000000000  
  96                    0000000000000000000000000000000000000000000000000000000000000000000000000000             
  97                                     00000000000000000000000000000000000000000000                            
  98                                                     00000000000                                             
seats 4382; refused 6276 DR-KEEP, 4864 DR-CLAIM, 1881 DR-PASS, 1358 DR-SITE, 1211 OB19
