## rock-2 (boulder) along x
TRANSECT 25 stations from (10, -44) to (34, -44), every 1
  station        ground  surface  water  top  standing            step
  (   10,   -44)      20       20           20                      
  (   11,   -44)      20       20           20                      
  (   12,   -44)      20       20           20                      
  (   13,   -44)      20       20           20                      
  (   14,   -44)      20       20           20                      
  (   15,   -44)      20       20           20                      
  (   16,   -44)      20       20           20                      
  (   17,   -44)      20       20           20                      
  (   18,   -44)      19       19           19                      -1
  (   19,   -44)      19       19           19                      
  (   20,   -44)      19       19           19                      
  (   21,   -44)      19       19           19                      
  (   22,   -44)      19       19           19                      
  (   23,   -44)      19       19           19                      
  (   24,   -44)      19       19           19                      
  (   25,   -44)      17       17           17                      -2
  (   26,   -44)      17       17           17                      
  (   27,   -44)      17       17           17                      
  (   28,   -44)      17       17           17                      
  (   29,   -44)      17       17           17                      
  (   30,   -44)      17       17           17                      
  (   31,   -44)      17       17           17                      
  (   32,   -44)      17       17           17                      
  (   33,   -44)      19       19           19                      scramble +2
  (   34,   -44)      21       21           21                      scramble +2
rises 2, falls 2, worst step 2: 0 barrier, 2 scramble, 0 drop — scramble +2 at (33, -44); scramble +2 at (34, -44) | walked end to end
beside: (none)

## rock-2 (boulder) along z
TRANSECT 25 stations from (22, -56) to (22, -32), every 1
  station        ground  surface  water  top  standing            step
  (   22,   -56)      25       25           25                      
  (   22,   -55)      25       25           25                      
  (   22,   -54)      25       25           25                      
  (   22,   -53)      25       25           25                      
  (   22,   -52)      25       25           25                      
  (   22,   -51)      25       25           25                      
  (   22,   -50)      25       25           25                      
  (   22,   -49)      25       25           25                      
  (   22,   -48)      25       25           25                      
  (   22,   -47)      25       25           25                      
  (   22,   -46)      25       25           25                      
  (   22,   -45)      19       19           19                      DROP -6
  (   22,   -44)      19       19           19                      
  (   22,   -43)      19       19           19                      
  (   22,   -42)      19       19           19                      
  (   22,   -41)      19       19           19                      
  (   22,   -40)      19       19           19                      
  (   22,   -39)      19       19           19                      
  (   22,   -38)      19       19           19                      
  (   22,   -37)      19       19           19                      
  (   22,   -36)      17       17           17                      -2
  (   22,   -35)      17       17           17                      
  (   22,   -34)      17       17           17                      
  (   22,   -33)      17       17           17                      
  (   22,   -32)      18       18           18                      +1
rises 1, falls 2, worst step 6: 0 barrier, 0 scramble, 1 drop — DROP -6 at (22, -45) | walked end to end
beside: (none)
