CLAIMS  1 char = 1 block  x -40..39 across, z -90..89 down
KEY  0 free  1 water  2 paving  3 structure  4 tree  5 boulder  6 flora  7 spawn keep-out  8 door approach  9 goal clearance  a wool-room keep-out  b structure keep-out  space void
     4        -3        -2        -1         0         1         2         3         
     09876543210987654321098765432109876543210123456789012345678901234567890123456789
 -90                                    aaaaaaaaaa                                   
 -89                                    aaaaaaaaaa                                   
 -88                                    aabbbbbbaa                                   
 -87                                    aabbbbbbaa                                   
 -86                                    aabbbbbbaa                                   
 -85                                    aabbbbbbaa                                   
 -84                                    aabbbbbbaa                                   
 -83                                    bbbbbbbbbb                                   
 -82                                    bbbbbbbbbb                                   
 -81                                    bbbbbbbbbb                                   
 -80                          00000000bbbbbbbbbbbbbba0000000                         
 -79                          06000666bbbbbbbbbbbbbba0000060                         
 -78                          06000066aaaaaaaaaaaaaaa0000060                         
 -77                          066066666668888888880006000000                         
 -76                          066666666668888888880066600000                         
 -75                          066666666668888888880066600000                         
 -74                          066666666668888888880066660000                         
 -73                          066666666668888888880666666660                         
 -72                          066666666668888888880666666660                         
 -71                          066666666008888888880666666660                         
 -70                          0000000000          0000000000                         
 -69                          0000000000          0000000000                         
 -68                          0000000000          0000000000                         
 -67                          0000000000          0000000000                         
 -66                          0000000000          0000000000                         
 -65                          0000000000          0000000000                         
 -64                          0000000000          0000000000                         
 -63                          0000000000          0000000000                         
 -62                          0000000000          0000000000                         
 -61                          0000000000          0000000000                         
 -60                     000000660666660000000000000000006600000000000               
 -59                     066666666666666600000000000000006666666666660               
 -58                     066666666666666660000000000000000666666666660               
 -57                     066666666666660000066600000000000666666666660               
 -56                     066006666666600000066600000000000006666666660               
 -55                     060000666660000000666600000000000006666666660               
 -54                     060000000000000666600000000000000006666666660               
 -53                     066000000000000666000000000000000006606666660               
 -52                     066000000000000666000000000000000000666666660               
 -51                     066606600000000066000000000000000000066666660               
 -50                     0000000000     0000000000          0666666660               
 -49                     0000000000     0000000000          0666666660               
 -48                     0000000000     0000000000          0666666660               
 -47                     0000000000     0000000000          0666666660               
 -46                     0000000000     0000000000          0666666660               
 -45                     0000000000     0000000000          0666666660000777aaaaa7777
 -44                     0000000000     0000000000          8888888888888777aaaaa7777
 -43                     0000000000     0000000000          8888888888888777abbbbbb77
 -42                     0000000000     0000000000          8888888888888777abbbbbb77
 -41                     0000000000     0000000000          8888888888888777abbbbbb77
 -40 aaaaaaabbbbba00000000666660000000000000000000          8888888888888777abbbbbb77
 -39 aaaaaaabbbbba88888886666660000000000000000060          8888888888888777abbbbbb77
 -38 aabbbbbbbbbba88888886666660000000000000000000          8888888888888777abbbbbb77
 -37 aabbbbbbbbbba88888886666666000000000600000000          8888888888888777aaaaa7777
 -36 aabbbbbbbbbba88888886666666600000006600000000          8888888888888777aaaaa7777
 -35 aabbbbbbbbbba88888886666666660000000000000000          0000000000               
 -34 aabbbbbbbbbba88888886666666660000000006000600          0000000000               
 -33 aabbbbbbbbbba88888886666666666000000006606600          0000000000               
 -32 aaaaaaabbbbba88888886666666666660000006666600          0000000000               
 -31 aaaaaaabbbbba88888880000000000066600000006600          0006660000               
 -30                               06666600000000000000000000666666660               
 -29                               06666000000000000066666666666666660               
 -28                               06666000000000000066666666666666660               
 -27                               06660000000000000000066666666666660               
 -26                               06660000000000000000006666666666600               
 -25                               06600000000000000000000666666666000               
 -24                               06000000000000000000000066666600000               
 -23                               00000060000000000000000006666000000               
 -22                               00600666000000000000000000600000000               
 -21                               06666666666666666000000000000000000               
 -20                               0000000066660000066666660                         
 -19                               0000000066660000066666660                         
 -18                               0000000060000060066666660                         
 -17                               0000000060000666600066660                         
 -16                               0000600060000666600066660                         
 -15                               0006660660000666000006660                         
 -14                               0006666666600000000006660                         
 -13                               0606666666660000000000660                         
 -12                               0666666666666000000000660                         
 -11                               0000000000000000000000000                         
 -10                                                                                 
  -9                                                                                 
  -8                                                                                 
  -7                                                                                 
  -6                                                                                 
  -5                                                                                 
  -4                                                                                 
  -3                                                                                 
  -2                                                                                 
  -1                                                                                 
   0                                                                                 
   1                                                                                 
   2                                                                                 
   3                                                                                 
   4                                                                                 
   5                                                                                 
   6                                                                                 
   7                                                                                 
   8                                                                                 
   9                                                                                 
  10                               0000000000000000000000000                         
  11                               0666666666666000000000660                         
  12                               0606666666660000000000660                         
  13                               0006666666600000000006660                         
  14                               0006660660000666000006660                         
  15                               0000600060000666600066660                         
  16                               0000000060000666600066660                         
  17                               0000000060000060066666660                         
  18                               0000000066660000066666660                         
  19                               0000000066660000066666660                         
  20                               06666666666666666000000000000000000               
  21                               00600666000000000000000000600000000               
  22                               00000060000000000000000006666000000               
  23                               06000000000000000000000066666600000               
  24                               06600000000000000000000666666666000               
  25                               06660000000000000000006666666666600               
  26                               06660000000000000000066666666666660               
  27                               06666000000000000066666666666666660               
  28                               06666000000000000066666666666666660               
  29                               06666600000000000000000000666666660               
  30 aaaaaaabbbbba00000000000000000066600000006600          0006660000               
  31 aaaaaaabbbbba88888886666666666660000006666600          0000000000               
  32 aabbbbbbbbbba88888886666666666000000006606600          0000000000               
  33 aabbbbbbbbbba88888886666666660000000006000600          0000000000               
  34 aabbbbbbbbbba88888886666666660000000000000000          0000000000               
  35 aabbbbbbbbbba88888886666666600000006600000000          0660000000000777aaaaa7777
  36 aabbbbbbbbbba88888886666666000000000600000000          8888888888888777aaaaa7777
  37 aabbbbbbbbbba88888886666660000000000000000000          8888888888888777abbbbbb77
  38 aaaaaaabbbbba88888886666660000000000000000060          8888888888888777abbbbbb77
  39 aaaaaaabbbbba88888880666660000000000000000000          8888888888888777abbbbbb77
  40                     0000000000     0000000000          8888888888888777abbbbbb77
  41                     0000000000     0000000000          8888888888888777abbbbbb77
  42                     0000000000     0000000000          8888888888888777abbbbbb77
  43                     0000000000     0000000000          8888888888888777aaaaa7777
  44                     0000000000     0000000000          8888888888888777aaaaa7777
  45                     0000000000     0000000000          0666666660               
  46                     0000000000     0000000000          0666666660               
  47                     0000000000     0000000000          0666666660               
  48                     0000000000     0000000000          0666666660               
  49                     0000000000     0000000000          0666666660               
  50                     066606600000000066000000000000000000066666660               
  51                     066000000000000666000000000000000000666666660               
  52                     066000000000000666000000000000000006606666660               
  53                     060000000000000666600000000000000006666666660               
  54                     060000666660000000666600000000000006666666660               
  55                     066006666666600000066600000000000006666666660               
  56                     066666666666660000066600000000000666666666660               
  57                     066666666666666660000000000000000666666666660               
  58                     066666666666666600000000000000006666666666660               
  59                     000000660666660000000000000000006600000000000               
  60                          0000000000          0000000000                         
  61                          0000000000          0000000000                         
  62                          0000000000          0000000000                         
  63                          0000000000          0000000000                         
  64                          0000000000          0000000000                         
  65                          0000000000          0000000000                         
  66                          0000000000          0000000000                         
  67                          0000000000          0000000000                         
  68                          0000000000          0000000000                         
  69                          0000000000          0000000000                         
  70                          066666666000000000000666666660                         
  71                          066666666668888888880666666660                         
  72                          066666666668888888880666666660                         
  73                          066666666668888888880066660000                         
  74                          066666666668888888880066600000                         
  75                          066666666668888888880066600000                         
  76                          066066666668888888880006000000                         
  77                          060000666068888888880000000060                         
  78                          06000666bbbbbbbbbbbbbba0000060                         
  79                          00000000bbbbbbbbbbbbbba0000000                         
  80                                    bbbbbbbbbb                                   
  81                                    bbbbbbbbbb                                   
  82                                    bbbbbbbbbb                                   
  83                                    aabbbbbbaa                                   
  84                                    aabbbbbbaa                                   
  85                                    aabbbbbbaa                                   
  86                                    aabbbbbbaa                                   
  87                                    aabbbbbbaa                                   
  88                                    aaaaaaaaaa                                   
  89                                    aaaaaaaaaa                                   
placed 12, declined 0
