## tree
SEATS  tree, footprint 1x1, 3 blocks off a route  1 char = 1 block  x -40..39 across, z -90..89 down
KEY  1 the footprint seats with its minimum corner here  0 refused  space void
     4        -3        -2        -1         0         1         2         3         
     09876543210987654321098765432109876543210123456789012345678901234567890123456789
 -90                                    0000000000                                   
 -89                                    0000000000                                   
 -88                                    0000000000                                   
 -87                                    0000000000                                   
 -86                                    0000000000                                   
 -85                                    0000000000                                   
 -84                                    0000000000                                   
 -83                                    0000000000                                   
 -82                                    0000000000                                   
 -81                                    0000000000                                   
 -80                          111111110000000000000001111111                         
 -79                          111111110000000000000001111111                         
 -78                          111111110000000000000001111111                         
 -77                          111111111110000000001111111111                         
 -76                          111111111110000000001111111111                         
 -75                          111111111110000000001111111111                         
 -74                          111111111110000000001111111111                         
 -73                          111111111110000000001111111111                         
 -72                          111111111110000000001111111111                         
 -71                          111111111110000000001111111111                         
 -70                          1111111111          1111111111                         
 -69                          1111111111          1111111111                         
 -68                          1111111111          1111111111                         
 -67                          1111111111          1111111111                         
 -66                          1111111111          1111111111                         
 -65                          1111111111          1111111111                         
 -64                          1111111111          1111111111                         
 -63                          1111111111          1111111111                         
 -62                          1111111111          1111111111                         
 -61                          1111111111          1111111111                         
 -60                     111111111111111111111111111111111111111111111               
 -59                     111111111111111111111111111111111111111111111               
 -58                     111111111111111111111111111111111111111111111               
 -57                     111111111111111111111111111111111111111111111               
 -56                     111111111111111111111111111111111111111111111               
 -55                     111111111111111111111111111111111111111111111               
 -54                     111111111111111111111111111111111111111111111               
 -53                     111111111111111111111111111111111111111111111               
 -52                     111111111111111111111111111111111111111111111               
 -51                     111111111111111111111111111111111111111111111               
 -50                     1111111111     1111111111          1111111111               
 -49                     1111111111     1111111111          1111111111               
 -48                     1111111111     1111111111          1111111111               
 -47                     1111111111     1111111111          1111111111               
 -46                     1111111111     1111111111          1111111111               
 -45                     1111111111     1111111111          1111111111111000000000000
 -44                     1111111111     1111111111          0000000000000000000000000
 -43                     1111111111     1111111111          0000000000000000000000000
 -42                     1111111111     1111111111          0000000000000000000000000
 -41                     1111111111     1111111111          0000000000000000000000000
 -40 000000000000011111111111111111111111111111111          0000000000000000000000000
 -39 000000000000000000001111111111111111111111111          0000000000000000000000000
 -38 000000000000000000001111111111111111111111111          0000000000000000000000000
 -37 000000000000000000001111111111111111111111111          0000000000000000000000000
 -36 000000000000000000001111111111111111111111111          0000000000000000000000000
 -35 000000000000000000001111111111111111111111111          1111111111               
 -34 000000000000000000001111111111111111111111111          1111111111               
 -33 000000000000000000001111111111111111111111111          1111111111               
 -32 000000000000000000001111111111111111111111111          1111111111               
 -31 000000000000000000001111111111111111111111111          1111111111               
 -30                               11111111111111111111111111111111111               
 -29                               11111111111111111111111111111111111               
 -28                               11111111111111111111111111111111111               
 -27                               11111111111111111111111111111111111               
 -26                               11111111111111111111111111111111111               
 -25                               11111111111111111111111111111111111               
 -24                               11111111111111111111111111111111111               
 -23                               11111111111111111111111111111111111               
 -22                               11111111111111111111111111111111111               
 -21                               11111111111111111111111111111111111               
 -20                               1111111111111111111111111                         
 -19                               1111111111111111111111111                         
 -18                               1111111111111111111111111                         
 -17                               1111111111111111111111111                         
 -16                               1111111111111111111111111                         
 -15                               1111111111111111111111111                         
 -14                               1111111111111111111111111                         
 -13                               1111111111111111111111111                         
 -12                               1111111111111111111111111                         
 -11                               1111111111111111111111111                         
 -10                                                                                 
  -9                                                                                 
  -8                                                                                 
  -7                                                                                 
  -6                                                                                 
  -5                                                                                 
  -4                                                                                 
  -3                                                                                 
  -2                                                                                 
  -1                                                                                 
   0                                                                                 
   1                                                                                 
   2                                                                                 
   3                                                                                 
   4                                                                                 
   5                                                                                 
   6                                                                                 
   7                                                                                 
   8                                                                                 
   9                                                                                 
  10                               1111111111111111111111111                         
  11                               1111111111111111111111111                         
  12                               1111111111111111111111111                         
  13                               1111111111111111111111111                         
  14                               1111111111111111111111111                         
  15                               1111111111111111111111111                         
  16                               1111111111111111111111111                         
  17                               1111111111111111111111111                         
  18                               1111111111111111111111111                         
  19                               1111111111111111111111111                         
  20                               11111111111111111111111111111111111               
  21                               11111111111111111111111111111111111               
  22                               11111111111111111111111111111111111               
  23                               11111111111111111111111111111111111               
  24                               11111111111111111111111111111111111               
  25                               11111111111111111111111111111111111               
  26                               11111111111111111111111111111111111               
  27                               11111111111111111111111111111111111               
  28                               11111111111111111111111111111111111               
  29                               11111111111111111111111111111111111               
  30 000000000000011111111111111111111111111111111          1111111111               
  31 000000000000000000001111111111111111111111111          1111111111               
  32 000000000000000000001111111111111111111111111          1111111111               
  33 000000000000000000001111111111111111111111111          1111111111               
  34 000000000000000000001111111111111111111111111          1111111111               
  35 000000000000000000001111111111111111111111111          1111111111111000000000000
  36 000000000000000000001111111111111111111111111          0000000000000000000000000
  37 000000000000000000001111111111111111111111111          0000000000000000000000000
  38 000000000000000000001111111111111111111111111          0000000000000000000000000
  39 000000000000000000001111111111111111111111111          0000000000000000000000000
  40                     1111111111     1111111111          0000000000000000000000000
  41                     1111111111     1111111111          0000000000000000000000000
  42                     1111111111     1111111111          0000000000000000000000000
  43                     1111111111     1111111111          0000000000000000000000000
  44                     1111111111     1111111111          0000000000000000000000000
  45                     1111111111     1111111111          1111111111               
  46                     1111111111     1111111111          1111111111               
  47                     1111111111     1111111111          1111111111               
  48                     1111111111     1111111111          1111111111               
  49                     1111111111     1111111111          1111111111               
  50                     111111111111111111111111111111111111111111111               
  51                     111111111111111111111111111111111111111111111               
  52                     111111111111111111111111111111111111111111111               
  53                     111111111111111111111111111111111111111111111               
  54                     111111111111111111111111111111111111111111111               
  55                     111111111111111111111111111111111111111111111               
  56                     111111111111111111111111111111111111111111111               
  57                     111111111111111111111111111111111111111111111               
  58                     111111111111111111111111111111111111111111111               
  59                     111111111111111111111111111111111111111111111               
  60                          1111111111          1111111111                         
  61                          1111111111          1111111111                         
  62                          1111111111          1111111111                         
  63                          1111111111          1111111111                         
  64                          1111111111          1111111111                         
  65                          1111111111          1111111111                         
  66                          1111111111          1111111111                         
  67                          1111111111          1111111111                         
  68                          1111111111          1111111111                         
  69                          1111111111          1111111111                         
  70                          111111111111111111111111111111                         
  71                          111111111110000000001111111111                         
  72                          111111111110000000001111111111                         
  73                          111111111110000000001111111111                         
  74                          111111111110000000001111111111                         
  75                          111111111110000000001111111111                         
  76                          111111111110000000001111111111                         
  77                          111111111110000000001111111111                         
  78                          111111110000000000000001111111                         
  79                          111111110000000000000001111111                         
  80                                    0000000000                                   
  81                                    0000000000                                   
  82                                    0000000000                                   
  83                                    0000000000                                   
  84                                    0000000000                                   
  85                                    0000000000                                   
  86                                    0000000000                                   
  87                                    0000000000                                   
  88                                    0000000000                                   
  89                                    0000000000                                   
seats 4039; refused 1261 DR-KEEP

## boulder
SEATS  boulder, footprint 1x1, 2 blocks off a route  1 char = 1 block  x -40..39 across, z -90..89 down
KEY  1 the footprint seats with its minimum corner here  0 refused  space void
     4        -3        -2        -1         0         1         2         3         
     09876543210987654321098765432109876543210123456789012345678901234567890123456789
 -90                                    0000000000                                   
 -89                                    0000000000                                   
 -88                                    0000000000                                   
 -87                                    0000000000                                   
 -86                                    0000000000                                   
 -85                                    0000000000                                   
 -84                                    0000000000                                   
 -83                                    0000000000                                   
 -82                                    0000000000                                   
 -81                                    0000000000                                   
 -80                          111111110000000000000001111111                         
 -79                          111111110000000000000001111111                         
 -78                          111111110000000000000001111111                         
 -77                          111111111110000000001111111111                         
 -76                          111111111110000000001111111111                         
 -75                          111111111110000000001111111111                         
 -74                          111111111110000000001111111111                         
 -73                          111111111110000000001111111111                         
 -72                          111111111110000000001111111111                         
 -71                          111111111110000000001111111111                         
 -70                          1111111111          1111111111                         
 -69                          1111111111          1111111111                         
 -68                          1111111111          1111111111                         
 -67                          1111111111          1111111111                         
 -66                          1111111111          1111111111                         
 -65                          1111111111          1111111111                         
 -64                          1111111111          1111111111                         
 -63                          1111111111          1111111111                         
 -62                          1111111111          1111111111                         
 -61                          1111111111          1111111111                         
 -60                     111111111111111111111111111111111111111111111               
 -59                     111111111111111111111111111111111111111111111               
 -58                     111111111111111111111111111111111111111111111               
 -57                     111111111111111111111111111111111111111111111               
 -56                     111111111111111111111111111111111111111111111               
 -55                     111111111111111111111111111111111111111111111               
 -54                     111111111111111111111111111111111111111111111               
 -53                     111111111111111111111111111111111111111111111               
 -52                     111111111111111111111111111111111111111111111               
 -51                     111111111111111111111111111111111111111111111               
 -50                     1111111111     1111111111          1111111111               
 -49                     1111111111     1111111111          1111111111               
 -48                     1111111111     1111111111          1111111111               
 -47                     1111111111     1111111111          1111111111               
 -46                     1111111111     1111111111          1111111111               
 -45                     1111111111     1111111111          1111111111111000000000000
 -44                     1111111111     1111111111          0000000000000000000000000
 -43                     1111111111     1111111111          0000000000000000000000000
 -42                     1111111111     1111111111          0000000000000000000000000
 -41                     1111111111     1111111111          0000000000000000000000000
 -40 000000000000011111111111111111111111111111111          0000000000000000000000000
 -39 000000000000000000001111111111111111111111111          0000000000000000000000000
 -38 000000000000000000001111111111111111111111111          0000000000000000000000000
 -37 000000000000000000001111111111111111111111111          0000000000000000000000000
 -36 000000000000000000001111111111111111111111111          0000000000000000000000000
 -35 000000000000000000001111111111111111111111111          1111111111               
 -34 000000000000000000001111111111111111111111111          1111111111               
 -33 000000000000000000001111111111111111111111111          1111111111               
 -32 000000000000000000001111111111111111111111111          1111111111               
 -31 000000000000000000001111111111111111111111111          1111111111               
 -30                               11111111111111111111111111111111111               
 -29                               11111111111111111111111111111111111               
 -28                               11111111111111111111111111111111111               
 -27                               11111111111111111111111111111111111               
 -26                               11111111111111111111111111111111111               
 -25                               11111111111111111111111111111111111               
 -24                               11111111111111111111111111111111111               
 -23                               11111111111111111111111111111111111               
 -22                               11111111111111111111111111111111111               
 -21                               11111111111111111111111111111111111               
 -20                               1111111111111111111111111                         
 -19                               1111111111111111111111111                         
 -18                               1111111111111111111111111                         
 -17                               1111111111111111111111111                         
 -16                               1111111111111111111111111                         
 -15                               1111111111111111111111111                         
 -14                               1111111111111111111111111                         
 -13                               1111111111111111111111111                         
 -12                               1111111111111111111111111                         
 -11                               1111111111111111111111111                         
 -10                                                                                 
  -9                                                                                 
  -8                                                                                 
  -7                                                                                 
  -6                                                                                 
  -5                                                                                 
  -4                                                                                 
  -3                                                                                 
  -2                                                                                 
  -1                                                                                 
   0                                                                                 
   1                                                                                 
   2                                                                                 
   3                                                                                 
   4                                                                                 
   5                                                                                 
   6                                                                                 
   7                                                                                 
   8                                                                                 
   9                                                                                 
  10                               1111111111111111111111111                         
  11                               1111111111111111111111111                         
  12                               1111111111111111111111111                         
  13                               1111111111111111111111111                         
  14                               1111111111111111111111111                         
  15                               1111111111111111111111111                         
  16                               1111111111111111111111111                         
  17                               1111111111111111111111111                         
  18                               1111111111111111111111111                         
  19                               1111111111111111111111111                         
  20                               11111111111111111111111111111111111               
  21                               11111111111111111111111111111111111               
  22                               11111111111111111111111111111111111               
  23                               11111111111111111111111111111111111               
  24                               11111111111111111111111111111111111               
  25                               11111111111111111111111111111111111               
  26                               11111111111111111111111111111111111               
  27                               11111111111111111111111111111111111               
  28                               11111111111111111111111111111111111               
  29                               11111111111111111111111111111111111               
  30 000000000000011111111111111111111111111111111          1111111111               
  31 000000000000000000001111111111111111111111111          1111111111               
  32 000000000000000000001111111111111111111111111          1111111111               
  33 000000000000000000001111111111111111111111111          1111111111               
  34 000000000000000000001111111111111111111111111          1111111111               
  35 000000000000000000001111111111111111111111111          1111111111111000000000000
  36 000000000000000000001111111111111111111111111          0000000000000000000000000
  37 000000000000000000001111111111111111111111111          0000000000000000000000000
  38 000000000000000000001111111111111111111111111          0000000000000000000000000
  39 000000000000000000001111111111111111111111111          0000000000000000000000000
  40                     1111111111     1111111111          0000000000000000000000000
  41                     1111111111     1111111111          0000000000000000000000000
  42                     1111111111     1111111111          0000000000000000000000000
  43                     1111111111     1111111111          0000000000000000000000000
  44                     1111111111     1111111111          0000000000000000000000000
  45                     1111111111     1111111111          1111111111               
  46                     1111111111     1111111111          1111111111               
  47                     1111111111     1111111111          1111111111               
  48                     1111111111     1111111111          1111111111               
  49                     1111111111     1111111111          1111111111               
  50                     111111111111111111111111111111111111111111111               
  51                     111111111111111111111111111111111111111111111               
  52                     111111111111111111111111111111111111111111111               
  53                     111111111111111111111111111111111111111111111               
  54                     111111111111111111111111111111111111111111111               
  55                     111111111111111111111111111111111111111111111               
  56                     111111111111111111111111111111111111111111111               
  57                     111111111111111111111111111111111111111111111               
  58                     111111111111111111111111111111111111111111111               
  59                     111111111111111111111111111111111111111111111               
  60                          1111111111          1111111111                         
  61                          1111111111          1111111111                         
  62                          1111111111          1111111111                         
  63                          1111111111          1111111111                         
  64                          1111111111          1111111111                         
  65                          1111111111          1111111111                         
  66                          1111111111          1111111111                         
  67                          1111111111          1111111111                         
  68                          1111111111          1111111111                         
  69                          1111111111          1111111111                         
  70                          111111111111111111111111111111                         
  71                          111111111110000000001111111111                         
  72                          111111111110000000001111111111                         
  73                          111111111110000000001111111111                         
  74                          111111111110000000001111111111                         
  75                          111111111110000000001111111111                         
  76                          111111111110000000001111111111                         
  77                          111111111110000000001111111111                         
  78                          111111110000000000000001111111                         
  79                          111111110000000000000001111111                         
  80                                    0000000000                                   
  81                                    0000000000                                   
  82                                    0000000000                                   
  83                                    0000000000                                   
  84                                    0000000000                                   
  85                                    0000000000                                   
  86                                    0000000000                                   
  87                                    0000000000                                   
  88                                    0000000000                                   
  89                                    0000000000                                   
seats 4039; refused 1261 DR-KEEP

## house
SEATS  house, footprint 9x7, no route standoff  1 char = 1 block  x -40..39 across, z -90..89 down
KEY  1 the footprint seats with its minimum corner here  0 refused  space void
     4        -3        -2        -1         0         1         2         3         
     09876543210987654321098765432109876543210123456789012345678901234567890123456789
 -90                                    0000000000                                   
 -89                                    0000000000                                   
 -88                                    0000000000                                   
 -87                                    0000000000                                   
 -86                                    0000000000                                   
 -85                                    0000000000                                   
 -84                                    0000000000                                   
 -83                                    0000000000                                   
 -82                                    0000000000                                   
 -81                                    0000000000                                   
 -80                          000000000000000000000000000000                         
 -79                          000000000000000000000000000000                         
 -78                          000000000000000000000000000000                         
 -77                          000000000000000000000000000000                         
 -76                          000000000000000000000000000000                         
 -75                          000000000000000000000000000000                         
 -74                          000000000000000000000000000000                         
 -73                          000000000000000000000000000000                         
 -72                          000000000000000000000000000000                         
 -71                          000000000000000000000000000000                         
 -70                          0000000000          0000000000                         
 -69                          0000000000          0000000000                         
 -68                          0000000000          0000000000                         
 -67                          0000000000          0000000000                         
 -66                          0000000000          0000000000                         
 -65                          0000000000          0000000000                         
 -64                          0000000000          0000000000                         
 -63                          0000000000          0000000000                         
 -62                          0000000000          0000000000                         
 -61                          0000000000          0000000000                         
 -60                     000000000000000110000000000000000001100000000               
 -59                     000000000000000110000000000000000001100000000               
 -58                     000000000000000000000000011000000000000000000               
 -57                     000000000000000000000000011000000000000000000               
 -56                     000000000000000000000000000000000000000000000               
 -55                     000000000000000000000000000000000000000000000               
 -54                     000000000000000000000000000000000000000000000               
 -53                     000000000000000000000000000000000000000000000               
 -52                     000000000000000000000000000000000000000000000               
 -51                     000000000000000000000000000000000000000000000               
 -50                     0000000000     0000000000          0000000000               
 -49                     0000000000     0000000000          0000000000               
 -48                     0000000000     0000000000          0000000000               
 -47                     0000000000     0000000000          0000000000               
 -46                     0000000000     0000000000          0000000000               
 -45                     0000000000     0000000000          0000000000000000000000000
 -44                     0000000000     0000000000          0000000000000000000000000
 -43                     0000000000     0000000000          0000000000000000000000000
 -42                     0000000000     0000000000          0000000000000000000000000
 -41                     0000000000     0000000000          0000000000000000000000000
 -40 000000000000000000000000000000000001100000000          0000000000000000000000000
 -39 000000000000000000000000000000000001100000000          0000000000000000000000000
 -38 000000000000000000001100000000000001100000000          0000000000000000000000000
 -37 000000000000000000001100000000000001100000000          0000000000000000000000000
 -36 000000000000000000000000000000000000000000000          0000000000000000000000000
 -35 000000000000000000000000000000000000000000000          0000000000               
 -34 000000000000000000000000000000000000000000000          0000000000               
 -33 000000000000000000000000000000000000000000000          0000000000               
 -32 000000000000000000000000000000000000000000000          0000000000               
 -31 000000000000000000000000000000000000000000000          0000000000               
 -30                               11000000000000011000000000000000000               
 -29                               11000000000000011000000000000000000               
 -28                               11000000000000000000000001100000000               
 -27                               11000000000000000000000001100000000               
 -26                               11000000000000000000000000000000000               
 -25                               00000000000000000000000000000000000               
 -24                               00000000000000000000000000000000000               
 -23                               00000000000000000000000000000000000               
 -22                               00000000000000000000000000000000000               
 -21                               00000000000000000000000000000000000               
 -20                               0000000000000000000000000                         
 -19                               0000000000000000000000000                         
 -18                               1100000000000001100000000                         
 -17                               1100000000000001100000000                         
 -16                               0000000000000000000000000                         
 -15                               0000000000000000000000000                         
 -14                               0000000000000000000000000                         
 -13                               0000000000000000000000000                         
 -12                               0000000000000000000000000                         
 -11                               0000000000000000000000000                         
 -10                                                                                 
  -9                                                                                 
  -8                                                                                 
  -7                                                                                 
  -6                                                                                 
  -5                                                                                 
  -4                                                                                 
  -3                                                                                 
  -2                                                                                 
  -1                                                                                 
   0                                                                                 
   1                                                                                 
   2                                                                                 
   3                                                                                 
   4                                                                                 
   5                                                                                 
   6                                                                                 
   7                                                                                 
   8                                                                                 
   9                                                                                 
  10                               1100000000000001100000000                         
  11                               1100000000000001100000000                         
  12                               0000000000000000000000000                         
  13                               0000000000000000000000000                         
  14                               0000000000000000000000000                         
  15                               0000000000000000000000000                         
  16                               0000000000000000000000000                         
  17                               0000000000000000000000000                         
  18                               0000000000000000000000000                         
  19                               1100000000000000000000000                         
  20                               11000000000000000000000001100000000               
  21                               11000000000000000000000001100000000               
  22                               11000000000000011000000000000000000               
  23                               11000000000000011000000000000000000               
  24                               00000000000000000000000000000000000               
  25                               00000000000000000000000000000000000               
  26                               00000000000000000000000000000000000               
  27                               00000000000000000000000000000000000               
  28                               00000000000000000000000000000000000               
  29                               00000000000000000000000000000000000               
  30 000000000000000000001100000000000001100000000          0000000000               
  31 000000000000000000001100000000000001100000000          0000000000               
  32 000000000000000000000000000000000001100000000          0000000000               
  33 000000000000000000000000000000000001100000000          0000000000               
  34 000000000000000000000000000000000000000000000          0000000000               
  35 000000000000000000000000000000000000000000000          0000000000000000000000000
  36 000000000000000000000000000000000000000000000          0000000000000000000000000
  37 000000000000000000000000000000000000000000000          0000000000000000000000000
  38 000000000000000000000000000000000000000000000          0000000000000000000000000
  39 000000000000000000000000000000000000000000000          0000000000000000000000000
  40                     0000000000     0000000000          0000000000000000000000000
  41                     0000000000     0000000000          0000000000000000000000000
  42                     0000000000     0000000000          0000000000000000000000000
  43                     0000000000     0000000000          0000000000000000000000000
  44                     0000000000     0000000000          0000000000000000000000000
  45                     0000000000     0000000000          0000000000               
  46                     0000000000     0000000000          0000000000               
  47                     0000000000     0000000000          0000000000               
  48                     0000000000     0000000000          0000000000               
  49                     0000000000     0000000000          0000000000               
  50                     000000000000000000000000011000000000000000000               
  51                     000000000000000000000000011000000000000000000               
  52                     000000000000000110000000000000000001100000000               
  53                     000000000000000110000000000000000001100000000               
  54                     000000000000000000000000000000000000000000000               
  55                     000000000000000000000000000000000000000000000               
  56                     000000000000000000000000000000000000000000000               
  57                     000000000000000000000000000000000000000000000               
  58                     000000000000000000000000000000000000000000000               
  59                     000000000000000000000000000000000000000000000               
  60                          0000000000          0000000000                         
  61                          0000000000          0000000000                         
  62                          0000000000          0000000000                         
  63                          0000000000          0000000000                         
  64                          0000000000          0000000000                         
  65                          0000000000          0000000000                         
  66                          0000000000          0000000000                         
  67                          0000000000          0000000000                         
  68                          0000000000          0000000000                         
  69                          0000000000          0000000000                         
  70                          000000000000000000000000000000                         
  71                          000000000000000000000000000000                         
  72                          000000000000000000000000000000                         
  73                          000000000000000000000000000000                         
  74                          000000000000000000000000000000                         
  75                          000000000000000000000000000000                         
  76                          000000000000000000000000000000                         
  77                          000000000000000000000000000000                         
  78                          000000000000000000000000000000                         
  79                          000000000000000000000000000000                         
  80                                    0000000000                                   
  81                                    0000000000                                   
  82                                    0000000000                                   
  83                                    0000000000                                   
  84                                    0000000000                                   
  85                                    0000000000                                   
  86                                    0000000000                                   
  87                                    0000000000                                   
  88                                    0000000000                                   
  89                                    0000000000                                   
seats 100; refused 2393 DR-SITE, 1520 DR-KEEP, 1287 DR-PASS
