HEIGHTMAP  1 char = 1x1 blocks (the top-left block of each)  x -44..43 across, z -100..99 down
KEY  char = ground height above y12 in bands of 1 block(s): 0 = y12..12, 1 = …; H house or hall  ~ water  @ spawn point  ! goal  space = void
        -4        -3        -2        -1         0         1         2         3         4   
     4321098765432109876543210987654321098765432101234567890123456789012345678901234567890123
-100 hhiihhhhhhhhiiiiiiihfdbbbbbbbbbbbbbbbbbbbbbbbbbbbbbbbbbbbbbbbbbbbbbbhijihiiiiihhiiiiiiii
 -99 hhiiiiiiiiiiiiiijjihfcbbbbbbbbbbbbbbbbbbbbbbbbccccccccccccccccccccbbhijjijiiiiiiiiiijiii
 -98 hhijjjkjjjjjjkkkkjihfcbbbbbbbbbbbbbbbbbbbbbbbbcccHHHHHHHHHHHHHHcccbbhijkkkkjjjjijkkkkiii
 -97 hhiklllkkkkkklllkjihfcbbbbbbbbbbbbbbbbbbbbbbbccccHHHHHHHHHHHHHHcccbbhijklllkkkkkklllkiih
 -96 ghiklmmmllllmmmlkjihfcbbbbbbbbbbbbbbbbbbbbbbbccccHHHHHHHHHHHHHHccccbghjklmmmllllmmmlkiih
 -95 ghiklmnnmmmmnnnlkjihfdccbbbbbbbbbbbbbbbbbbbbbccccHHHHHHHHHHHHHHccccbghiklmnnmmmmnnmlkihh
 -94 ghijlmnmmmnnnnmlkjihgedcbbbbbbbbbbbbbbbbbbbbcccccHHHHHHHHHHHHHHccccbfhijlmnnnnnnnnmlkihg
 -93 ghijlmmmmnnnmmmlkjiihgedcbbbbbbbbbbbbbbbbbbbcccccHHHHHccccHHHHHccccbghijlmmmnnnnmmmljigf
 -92 fhijkllllmmmlllkkjiiigfeccbbbbbbbbbbbbbbbbbbcccccHHHHcccccHHHHHccccbghijjkllmmmmlllkjhge
 -91 fgiijkkjkllkkkkjijiihgfecccbbbbbbbbbbbbbbbbbbccccHHHcccccHHHHHHcccccghiiijkkkllkkkkjihge
 -90 egghjjjijjkjiiiiiiiihfedcbcbbbbbbbbbbbbbbbbbbbccccccccccccccccccccccfgggiiiijkkjjiiihgfd
 -89 eeghiiiiiiiiiiiiihhhgfdccbcbbbbbbbbbbbbbbbbbbbbccccccccccccccccccccbeffffgghijjjhhhhgedc
 -88 cdfghhhiiiiiihhhgggggeccbbccbbbbbbbbbbbbbbbbbbbbccccccccccccccccbbbHHHHHHHHHHHihhfffedbb
 -87 bcdeggghihhhggggffeeedcbbbbcbbbbbbbbbbbbbbbbbbbbbbbbbbcccccccbbbbbbHHHHHHHHHHHgggeeedbba
 -86 abcdeeefgfffeeeedddccbbbbbbbbbbbbbbbbbbbbbbbbbbbbbbbbbbbbbbbbbbbbbbHHHHHHHHHHHefeddcbaaa
 -85 aabbddccdddddcccbbbbbbbbbbbbbbbbbbbbbbbbbbbbbbbbbbbbbbbbbbbbbbbbbbbHHHHHHHHHHHdeedcbbaaa
 -84 aaabcbbbbcccbbbbaaaabbbbbbbbbbbbbbbcccccccccccccccccbbbbbbbbbbbbcccHHHHHHHHHHHcdccbbbbbb
 -83 bbbbbbbbbbbbaaaaaaaaabbbbbbbbbbbbbbcccccccccccccccccbbbbbbbbbbbbcccHHHHHHHHHHHccbbbbbbbb
 -82 bbbbbbbbbbbaaaaaaaaaaabbbbbbbbbbbbbcccccccccccccccccbbbbbbbbbbbbcccHHHHHHHHHHHcbbbbbbbbb
 -81 bbbbbbbbbbaaaa999999aabbbbbbbbbbbbbbcccccccccccccccccbbbbbbbbbbbbccHHHHHHHHHHHcbbbbbbbbb
 -80 bbbbbbbbbbaa999999999aabbbbbbbbbbbbbcccccccccccccccccbbbbbbbbbbbbccHHHHHHHHHHHcbbbbbbbbb
 -79 bbbbbbbbbba99988888999abbbbbbbbbbbbbbbbbbbbbbbbbbbbbbbbbbbbbbbbbbbbHHHHHHHHHHHbbbbbbbbbb
 -78 bbbbbbbbbba988888888899abbbbbbbbbbbbbbbbbbbbbbbbbbbbbbbbbbbbbbbbbbbbbbbbbbbbbbbbbbbbbbbb
 -77 bbbbbbbbbb98777777777889bbbbbbbbbbbbbbbbbbbbbbbbbbbbbbbbbbbbbbbbbbbbbbbbbbbbbbbbbbbbbbbb
 -76 77777777777766666666667788888888888889bbbbbbbbbbb988888888888877778bbbbbbbbb877777777777
 -75 333333334455555555555555444444444444468aaaaaaaaaa6444444444444444468aaaaaaaa533333333333
 -74 00000000002344455544444300000000000003699999999963000000000000000037aaaaaaa7300000000000
 -73 0000000000123344444433320000000000000369999999996300000000000000003699999996300000000000
 -72         001223333333322100000000000003588888888853000000000000000036999999963000        
 -71         000122222222222100000000000003588888888853000000000000000035888888853000        
 -70         000111222222211100000000000003588888888853000000000000000035888888853000        
 -69         000111111111111100000000000002577777777752000000000000000035888888853000        
 -68         000001111111111100000000000002577777777752000000000000000025777777752000        
 -67         000000001111111100000000000002466666666642000000000000000025777777752000        
 -66        0001111111111111110000000000002466666666642000000000000000025777777752000        
 -65        0000111111111111111000000000002355555555532000000000000000024666666642000        
 -64        0000111111111HHHHH11100000000023555555555320000000000000000246666666420000       
 -63        0000011111111HHHHH11110000000013444444444310000000000000000246666666420000       
 -62        0000011111111H1!1H11111000000013444444444310000000000000000235555555320000       
 -61        00000011111111111111110000000012333333333210000000000000000235555555320000       
 -60        00000011111111111111110000000012333333333210000000000000000134444444310000       
 -59        00000001111111111111110000000011222222222110000000000000000134444444310000       
 -58        00000001111111111111100000000011222222222110000000000000000134444444310000       
 -57        00000000111111111111100000000011222222222110000000000000000123333333210000       
 -56        00000000000111111111100000000001111111111100000000000000000123333333210000       
 -55        00000000000000000111000000000011111111111100000000000000000123333333210000       
 -54        00000000000000000000000000000111111111111111111100000000000112222222110000       
 -53        00000000000000000000000000001111111111111111111100000000000112222222110000       
 -52        00000000000000000000000000011111111111111111111100000000000112222222110000       
 -51        00000000000000000000000000111111111111111111111000000000000011111111100000       
 -50        00000000000000000000000000111111111111111111111000000000000011111111100000       
 -49        00000000000000000000000000011111111111111111111000000000000011111100000000       
 -48       0000000000000000000000000000001111111111111111110000000000001111111111111000      
 -47       0000000000000000000000000000000011111111111111000000000000011111111111111000      
 -46       0000000000000000000000000000000001111111110000000000000000111111111111111000      
 -45       0000000000000000000000000000000000011100000000000000000001111111111111111100      
 -44       0000000000000000000000000000000000000000000000000000000000111111111111111100      
 -43       0000000000000000000000000000000000000000000000000000000000011111111111111100      
 -42       0000000000000000000000000000000000000000000000000000000000000111111111111000      
 -41       0000000000000000000000000000000000000000000000000000000000000001111111100000      
 -40       0000000000000000000000000000000000000000000000000000000000000000111111000000      
 -39       0000000000000000000000000000000000000000000000000000000000000000001100000000      
 -38       0000000000000000000000000000000000000000000000000000000000000000000000000000      
 -37       0000000000000000000000000000000000000000000000000000000000000000000000000000      
 -36       0000000000000000000000000000000000000000000000000000000000000000000000000000      
 -35       0000000000000000000000000000000000000000000000000000000000000000000000000000      
 -34       0000000000000000000000000000000000000000000000000000000000000000000000000000      
 -33       0000000000000000000000000000000000000000000000000000000000000000000000000000      
 -32       00000000000000000000000000000000000000000000000000000000000000000000000000000     
 -31       00011100000000000000000000000000000000000000000000000000000000000000000000000     
 -30       00011100000000000000000000000000000000000000000000000000000000000000000000000     
 -29       00111100000000000000000000000000000000000000000000000000000000000000000000000     
 -28       01111100000000000000000000000000000000000000000000000000000000000000000000000     
 -27       01111100000000000000000000000000000000000000000000000000000000000000000000000     
 -26      011111100000000000000000000000000000000000000000000000000000000000000000000000     
 -25      011111000000000000000000000000000000000000000000000000000000000000000000000000     
 -24      111111000000000000000000000000000000000000000000000000000000000000000000000000     
 -23      111111000000000000000000000000000000000000000000000000000000000000000000000000     
 -22       11100000000000000000000000000000000000000000000000000000000000000000000000000     
 -21       11000000000000000000000000000000000000000000000000000000000000000000000000000     
 -20       1100000110000000000000000000011111000000000000000000000000000000000000000000      
 -19       1100000000000000000000000000000111000000000000000000000000000000000000000000      
 -18        100000000000000000000000000000000000000000000000000000000000000000000000000      
 -17        00000000000000000000000000000000000000000000000000000000000000000000000000       
 -16        00000000000000000000000000000000000000000000000000000000000000000000000000       
 -15        00000000000000000000000000000000000011100000000000000000000000000000000000       
 -14         000000000000000000000000000000000011110000000000000000000000000000000000        
 -13         111000000000000000000000000000000011110000000000000000000000000000000000        
 -12           1110000000000000000                       00000000000000000000000000          
 -11                10000                                          0000000000000             
 -10                                                                                         
  -9                                                                                         
  -8                                                                                         
  -7                                                                                         
  -6                                                                                         
  -5                                                                                         
  -4                                                                                         
  -3                                                                                         
  -2                                                                                         
  -1                                                                                         
   0                                                                                         
   1                                                                                         
   2                                                                                         
   3                                                                                         
   4                                                                                         
   5                                                                                         
   6                                                                                         
   7                                                                                         
   8                                                                                         
   9                                                                                         
  10              0000000000000                                          00001               
  11           00000000000000000000000000                       0000000000000000111          
  12         000000000000000000000000000000000011110000000000000000000000000000000111        
  13         000000000000000000000000000000000011110000000000000000000000000000000000        
  14        00000000000000000000000000000000000111000000000000000000000000000000000000       
  15        00000000000000000000000000000000000000000000000000000000000000000000000000       
  16        00000000000000000000000000000000000000000000000000000000000000000000000000       
  17       000000000000000000000000000000000000000000000000000000000000000000000000001       
  18       0000000000000000000000000000000000000000001110000000000000000000000000000011      
  19       0000000000000000000000000000000000000000001111100000000000000000000110000011      
  20      00000000000000000000000000000000000000000000000000000000000000000000000000011      
  21      00000000000000000000000000000000000000000000000000000000000000000000000000111      
  22      000000000000000000000000000000000000000000000000000000000000000000000000111111     
  23      000000000000000000000000000000000000000000000000000000000000000000000000111111     
  24      000000000000000000000000000000000000000000000000000000000000000000000000111110     
  25      000000000000000000000000000000000000000000000000000000000000000000000001111110     
  26      00000000000000000000000000000000000000000000000000000000000000000000000111110      
  27      00000000000000000000000000000000000000000000000000000000000000000000000111110      
  28      00000000000000000000000000000000000000000000000000000000000000000000000111100      
  29      00000000000000000000000000000000000000000000000000000000000000000000000111000      
  30      00000000000000000000000000000000000000000000000000000000000000000000000111000      
  31      00000000000000000000000000000000000000000000000000000000000000000000000000000      
  32       0000000000000000000000000000000000000000000000000000000000000000000000000000      
  33       0000000000000000000000000000000000000000000000000000000000000000000000000000      
  34       0000000000000000000000000000000000000000000000000000000000000000000000000000      
  35       0000000000000000000000000000000000000000000000000000000000000000000000000000      
  36       0000000000000000000000000000000000000000000000000000000000000000000000000000      
  37       0000000000000000000000000000000000000000000000000000000000000000000000000000      
  38       0000000011000000000000000000000000000000000000000000000000000000000000000000      
  39       0000001111100000000000000000000000000000000000000000000000000000000000000000      
  40       0000011111111000000000000000000000000000000000000000000000000000000000000000      
  41       0001111111111110000000000000000000000000000000000000000000000000000000000000      
  42       0011111111111111000000000000000000000000000000000000000000000000000000000000      
  43       0011111111111111110000000000000000000000000000000000000000000000000000000000      
  44       0011111111111111111000000000000000000011100000000000000000000000000000000000      
  45       0001111111111111110000000000000000111111110000000000000000000000000000000000      
  46       0001111111111111100000000000001111111111111100000000000000000000000000000000      
  47       0001111111111111000000000000111111111111111111000000000000000000000000000000      
  48        00000000111111000000000000011111111111111111110000000000000000000000000000       
  49        00000111111111000000000000011111111111111111111100000000000000000000000000       
  50        00000111111111000000000000111111111111111111111100000000000000000000000000       
  51        00001122222221100000000000111111111111111111111000000000000000000000000000       
  52        00001122222221100000000000111111111111111111110000000000000000000000000000       
  53        00001122222221100000000000111111111111111111100000000000000000000000000000       
  54        00001233333332100000000000000000111111111111000000000011100000000000000000       
  55        00001233333332100000000000000000111111111110000000000111111111100000000000       
  56        00001233333332100000000000000001122222222211000000000111111111111100000000       
  57        00001344444443100000000000000001122222222211000000000111111111111110000000       
  58        00001344444443100000000000000001122222222211000000001111111111111110000000       
  59        00001344444443100000000000000001233333333321000000001111111111111111000000       
  60        00002355555553200000000000000001233333333321000000001111111111111111000000       
  61        00002355555553200000000000000001344444444431000000011111H1!1H1111111100000       
  62        00002466666664200000000000000001344444444431000000001111HHHHH1111111100000       
  63        00002466666664200000000000000002355555555532000000000111HHHHH1111111110000       
  64         0002466666664200000000000000002355555555532000000000011111111111111110000       
  65         0002577777775200000000000000002466666666642000000000000111111111111111000       
  66         000257777777520000000000000000246666666664200000000000001111111000000000        
  67         000257777777520000000000000000257777777775200000000000001111111111100000        
  68         000358888888530000000000000000257777777775200000000000001111111111111000        
  69         000358888888530000000000000000358888888885300000000000001112222222111000        
  70         000358888888530000000000000000358888888885300000000000001222222222221000        
  71         000369999999630000000000000000358888888885300000000000001223333333322100        
  72 0000000000036999999963000000000000000036999999999630000000000000233344444433210000000000
  73 0000000000037aaaaaaa73000000000000000036999999999630000000000000344444555444320000000000
  74 3333333333358aaaaaaaa6444444444444444468aaaaaaaaaa64444444444444555555555555554433333333
  75 777777777778bbbbbbbbb877778888888888889bbbbbbbbbbb98888888888888776666666666777777777777
  76 bbbbbbbbbbbbbbbbbbbbbbbbbbbbbbbbbbbbbbbbbbbbbbbbbbbbbbbbbbbbbbbb98877777777789bbbbbbbbbb
  77 bbbbbbbbbbbbbbbbbbbbbbbbbbbbbbbbbbbbbbbbbbbbbbbbbbbbbbbbbbbbbbbba998888888889abbbbbbbbbb
  78 bbbbbbbbbbHHHHHHHHHHHbbbbbbbbbbbbbbbbbbbbbbbbbbbbbbbbbbbbbbbbbbbba99988888999abbbbbbbbbb
  79 bbbbbbbbbcHHHHHHHHHHHccbbbbbbbbbbbbcccccccccccccccccbbbbbbbbbbbbbaa999999999aabbbbbbbbbb
  80 bbbbbbbbbcHHHHHHHHHHHccbbbbbbbbbbbbcccccccccccccccccbbbbbbbbbbbbbbaa999999aaaabbbbbbbbbb
  81 bbbbbbbbbcHHHHHHHHHHHccbbbbbbbbbbbbcccccccccccccccccbbbbbbbbbbbbbbaaaaaaaaaaabbbbbbbbbbb
  82 bbbbbbbbccHHHHHHHHHHHcccbbbbbbbbbbbbcccccccccccccccccbbbbbbbbbbbbbbaaaaaaaaabbbbbbbbbbbb
  83 bbbbbbccdcHHHHHHHHHHHcccbbbbbbbbbbbbcccccccccccccccccbbbbbbbbbbbbbbbaaaabbbbcccbbbbcbaaa
  84 aaabbcdeedHHHHHHHHHHHbbbbbbbbbbbbbbbbbbbbbbbbbbbbbbbbbbbbbbbbbbbbbbbbbbbcccdddddccddbbaa
  85 aaabcddefeHHHHHHHHHHHbbbbbbbbbbbbbbbbbbbbbbbbbbbbbbbbbbbbbbbbbbbbbbccdddeeeefffgfeeedcba
  86 abbdeeegggHHHHHHHHHHHbbbbbbcccccccbbbbbbbbbbbbbbbbbbbbbbbbbbcbbbbcdeeeffgggghhhihgggedcb
  87 bbdefffhhiHHHHHHHHHHHbbbccccccccccccccccbbbbbbbbbbbbbbbbbbbbccbbcceggggghhhiiiiiihhhgfdc
  88 cdeghhhhjjjihggffffebccccccccccccccccccccbbbbbbbbbbbbbbbbbbbbcbccdfghhhiiiiiiiiiiiiihgee
  89 dfghiiijjkkjiiiigggfccccccccccccccccccccccbbbbbbbbbbbbbbbbbbbcbcdefhiiiiiiiijkjjijjjhgge
  90 eghijkkkkllkkkjiiihgcccccHHHHHHcccccHHHccccbbbbbbbbbbbbbbbbbbcccefghiijijkkkkllkjkkjiigf
  91 eghjklllmmmmllkjjihgcccccHHHHHcccccHHHHcccccbbbbbbbbbbbbbbbbbbccefgiiijkklllmmmllllkjihf
  92 fgijlmmmnnnnmmmljihgbccccHHHHHccccHHHHHcccccbbbbbbbbbbbbbbbbbbbcdeghiijklmmmnnnmmmmljihg
  93 ghiklmnnnnnnnnmljihfbccccHHHHHHHHHHHHHHcccccbbbbbbbbbbbbbbbbbbbbcdeghijklmnnnnmmmnmljihg
  94 hhiklmnnmmmmnnmlkihgbccccHHHHHHHHHHHHHHccccbbbbbbbbbbbbbbbbbbbbbccdfhijklnnnmmmmnnmlkihg
  95 hiiklmmmllllmmmlkjhgbccccHHHHHHHHHHHHHHccccbbbbbbbbbbbbbbbbbbbbbbbcfhijklmmmllllmmmlkihg
  96 hiiklllkkkkkklllkjihbccccHHHHHHHHHHHHHHccccbbbbbbbbbbbbbbbbbbbbbbbcfhijklllkkkkkklllkihh
  97 iiikkkkjijjjjkkkkjihbbcccHHHHHHHHHHHHHHcccbbbbbbbbbbbbbbbbbbbbbbbbcfhijkkkkjjjjjjkjjjihh
  98 iiijiiiiiiiiiijijjihbbccccccccccccccccccccbbbbbbbbbbbbbbbbbbbbbbbbcfhijjiiiiiiiiiiiiiihh
  99 iiiiiiiihhiiiiihijihbbbbbbbbbbbbbbbbbbbbbbbbbbbbbbbbbbbbbbbbbbbbbbdfhiiiiiiihhhhhhhhiihh
low y12, high y35, range 23
