## spawn-red -> core-0
ROUTE (-116, 0) -> (-62, 10) aim travel: 58 blocks, 2 placed, 0 drop(s), worst drop 0
  place            y   step
  (-116, 0)         23
  (-115, 0)         23
  (-114, 0)         23
  (-113, 0)         23
  (-112, 0)         23
  (-111, 0)         23
  (-110, 0)         23
  (-109, 0)         23
  (-108, 0)         24
  (-107, 0)         23
  (-106, 0)         23
  (-105, 0)         23
  (-104, 0)         22
  (-103, 0)         22
  (-102, 0)         22
  (-101, 0)         21
  (-100, 0)         21
  (-99, 0)          21
  (-98, 0)          20
  (-97, 0)          20
  (-96, 0)          20
  (-95, 0)          19
  (-94, 0)          19
  (-93, 0)          19
  (-92, 0)          19
  (-91, 0)          19
  (-90, 0)          19
  (-89, 0)          19
  (-88, 0)          19
  (-87, 0)          20
  (-86, 0)          20
  (-85, 0)          20
  (-84, 0)          20
  (-83, 0)          20
  (-82, 0)          20
  (-81, 0)          20
  (-80, 0)          20
  (-79, 0)          21
  (-78, 0)          21
  (-77, 0)          21
  (-76, 0)          21
  (-75, 0)          22
  (-74, 0)          22
  (-73, 1)          22
  (-72, 2)          22
  (-71, 3)          19
  (-70, 4)          22   barrier +3
  (-69, 5)          22
  (-68, 5)          22
  (-67, 5)          22
  (-66, 6)          22
  (-65, 7)          22
  (-64, 8)          22
  (-63, 9)          22
  (-62, 10)         23
rises 1, falls 0, worst step 3: barrier +3 at (-70, 4)
beside: core core at (-64, 8) d0, spawn sp at (-116, 0) d0

## spawn-red -> core-1
ROUTE (-116, 0) -> (61, -11) aim travel: 185 blocks, 72 placed, 4 drop(s), worst drop 16
  place            y   step
  (-116, 0)         23
  (-115, 0)         23
  (-114, 0)         23
  (-113, 0)         23
  (-112, 0)         23
  (-111, 0)         23
  (-110, 0)         23
  (-109, 0)         23
  (-108, 0)         24
  (-107, 0)         23
  (-106, 0)         23
  (-105, 0)         23
  (-104, 0)         22
  (-103, 0)         22
  (-102, 0)         22
  (-101, 0)         21
  (-100, 0)         21
  (-99, 0)          21
  (-98, 0)          20
  (-97, 0)          20
  (-96, 0)          20
  (-95, 0)          19
  (-94, 0)          19
  (-93, 0)          19
  (-92, 0)          19
  (-91, 0)          19
  (-90, 0)          19
  (-89, 0)          19
  (-88, 0)          19
  (-87, 0)          20
  (-86, 0)          20
  (-85, 0)          20
  (-84, 0)          20
  (-83, 0)          20
  (-82, 0)          20
  (-81, 0)          20
  (-80, 0)          20
  (-79, 0)          21
  (-78, 0)          21
  (-77, 0)          21
  (-76, 0)          21
  (-75, 0)          22
  (-74, 0)          22
  (-73, 0)          22
  (-72, 0)          16   drop -6
  (-71, 0)          16
  (-70, 0)          16
  (-69, 0)          16
  (-68, 0)          16
  (-67, 0)          16
  (-66, 0)          22   barrier +6
  (-65, 0)          22
  (-64, 0)          22
  (-63, 0)          22
  (-62, 0)          22
  (-61, 0)          22
  (-60, 0)          22
  (-59, 0)          22
  (-58, 0)          19
  (-57, 0)          19
  (-56, 0)          19
  (-55, 0)          33   barrier +14
  (-54, 0)          21   drop -12
  (-53, 0)          21
  (-52, 0)          20
  (-51, 0)          19
  (-50, 0)          31   barrier +12
  (-49, 0)          31
  (-48, 0)          17   drop -14
  (-47, 0)          16
  (-46, 0)          16
  (-45, 0)          15
  (-44, 0)          14
  (-43, 0)          14
  (-42, 0)          14
  (-41, 0)          14
  (-40, 0)          14
  (-39, 0)          14
  (-38, 0)          14
  (-37, 0)          14
  (-36, 0)          14
  (-35, 0)          14
  (-34, 0)          14
  (-33, 0)          14
  (-32, 0)          14
  (-31, 0)          14
  (-30, 0)          14
  (-29, 0)          14
  (-28, 0)          15
  (-27, 0)          15
  (-26, 0)          15
  (-25, 0)          15
  (-24, 0)          15
  (-23, 0)          16
  (-22, 0)          16
  (-21, 0)          16
  (-20, 0)          16
  (-19, 0)          16
  (-18, 0)          17
  (-17, 0)          16
  (-16, 0)          16
  (-15, 0)          16
  (-14, 0)          16
  (-13, 0)          16
  (-12, 0)          16
  (-11, 0)          16
  (-10, -1)         16
  (-9, -2)          32   barrier +16
  (-8, -2)          32
  (-7, -2)          32
  (-6, -2)          32
  (-5, -2)          32
  (-4, -2)          32
  (-3, -2)          32
  (-2, -2)          32
  (-1, -2)          33
  (0, -2)           33
  (1, -2)           32
  (2, -2)           32
  (3, -2)           32
  (4, -2)           32
  (5, -2)           32
  (6, -2)           32
  (7, -2)           32
  (8, -2)           32
  (9, -2)           32
  (10, -2)          16   drop -16
  (11, -2)          16
  (12, -2)          16
  (13, -2)          16
  (14, -2)          16
  (15, -2)          16
  (16, -2)          16
  (17, -2)          16
  (18, -2)          17
  (19, -2)          17
  (20, -2)          17
  (21, -2)          17
  (22, -2)          17
  (23, -2)          16
  (24, -2)          15
  (25, -2)          15
  (26, -2)          15
  (27, -2)          15
  (28, -2)          14
  (29, -2)          14
  (30, -2)          14
  (31, -2)          14
  (32, -2)          14
  (33, -2)          14
  (34, -2)          14
  (35, -2)          14
  (36, -2)          14
  (37, -2)          14
  (38, -2)          14
  (39, -2)          14
  (40, -2)          14
  (41, -2)          14
  (42, -3)          14
  (43, -4)          14
  (44, -5)          15
  (45, -6)          16
  (46, -7)          17
  (47, -7)          18
  (48, -7)          19
  (49, -7)          20
  (50, -7)          21
  (51, -7)          19
  (52, -7)          22   barrier +3
  (53, -7)          22
  (54, -7)          22
  (55, -7)          22
  (56, -7)          22
  (57, -7)          22
  (58, -8)          22
  (59, -9)          22
  (60, -10)         22
  (61, -11)         23
rises 5, falls 4, worst step 16: drop -6 at (-72, 0); barrier +6 at (-66, 0); barrier +14 at (-55, 0); drop -12 at (-54, 0); barrier +12 at (-50, 0); drop -14 at (-48, 0); barrier +16 at (-9, -2); drop -16 at (10, -2); barrier +3 at (52, -7)
beside: core core#1 at (59, -9) d0, spawn sp at (-116, 0) d0, water beck#1 at (43, -4) d0

## spawn-blue -> core-0
ROUTE (116, 0) -> (-62, 10) aim travel: 185 blocks, 52 placed, 1 drop(s), worst drop 16
  place            y   step
  (116, 0)          23
  (115, 0)          23
  (114, 0)          23
  (113, 0)          23
  (112, 0)          23
  (111, 0)          23
  (110, 0)          23
  (109, 0)          23
  (108, 0)          23
  (107, 0)          24
  (106, 0)          24
  (105, 0)          23
  (104, 0)          23
  (103, 0)          22
  (102, 0)          22
  (101, 0)          22
  (100, 0)          21
  (99, 0)           21
  (98, 0)           21
  (97, 0)           20
  (96, 0)           20
  (95, 0)           20
  (94, 0)           19
  (93, 0)           19
  (92, 0)           19
  (91, 0)           19
  (90, 0)           19
  (89, 0)           19
  (88, 0)           20
  (87, 0)           20
  (86, 0)           19
  (85, 0)           20
  (84, 0)           20
  (83, 0)           20
  (82, 0)           20
  (81, 0)           20
  (80, 0)           20
  (79, 0)           20
  (78, 0)           21
  (77, 0)           21
  (76, 0)           21
  (75, 0)           21
  (74, 0)           21
  (73, 0)           22
  (72, 0)           22
  (71, 1)           22
  (70, 2)           22
  (69, 3)           21
  (68, 3)           22
  (67, 3)           22
  (66, 3)           22
  (65, 3)           22
  (64, 3)           21
  (63, 3)           21
  (62, 3)           21
  (61, 3)           21
  (60, 3)           21
  (59, 3)           21
  (58, 3)           20
  (57, 3)           20
  (56, 3)           20
  (55, 3)           19
  (54, 3)           19
  (53, 3)           19
  (52, 3)           18
  (51, 3)           18
  (50, 3)           17
  (49, 3)           17
  (48, 3)           16
  (47, 3)           15
  (46, 3)           15
  (45, 3)           14
  (44, 3)           13
  (43, 3)           12
  (42, 3)           12
  (41, 3)           12
  (40, 3)           12
  (39, 3)           12
  (38, 3)           12
  (37, 3)           12
  (36, 3)           12
  (35, 3)           13
  (34, 3)           13
  (33, 3)           13
  (32, 3)           13
  (31, 3)           14
  (30, 3)           14
  (29, 3)           14
  (28, 3)           14
  (27, 3)           15
  (26, 3)           15
  (25, 3)           15
  (24, 3)           15
  (23, 3)           16
  (22, 3)           16
  (21, 3)           16
  (20, 3)           16
  (19, 3)           16
  (18, 3)           16
  (17, 3)           16
  (16, 3)           16
  (15, 3)           16
  (14, 3)           16
  (13, 3)           16
  (12, 3)           16
  (11, 3)           16
  (10, 4)           16
  (9, 5)            16
  (8, 6)            17
  (7, 6)            32   barrier +15
  (6, 6)            32
  (5, 6)            32
  (4, 6)            32
  (3, 6)            32
  (2, 6)            32
  (1, 6)            32
  (0, 6)            33
  (-1, 6)           33
  (-2, 6)           32
  (-3, 6)           32
  (-4, 6)           32
  (-5, 6)           32
  (-6, 6)           32
  (-7, 6)           32
  (-8, 6)           16   drop -16
  (-9, 6)           16
  (-10, 6)          16
  (-11, 6)          16
  (-12, 6)          16
  (-13, 6)          16
  (-14, 6)          16
  (-15, 6)          16
  (-16, 6)          16
  (-17, 6)          16
  (-18, 6)          16
  (-19, 6)          16
  (-20, 6)          16
  (-21, 6)          16
  (-22, 6)          16
  (-23, 6)          16
  (-24, 6)          16
  (-25, 6)          15
  (-26, 6)          15
  (-27, 6)          15
  (-28, 6)          15
  (-29, 6)          14
  (-30, 6)          14
  (-31, 6)          14
  (-32, 6)          14
  (-33, 6)          13
  (-34, 6)          13
  (-35, 6)          13
  (-36, 6)          13
  (-37, 6)          12
  (-38, 6)          12
  (-39, 6)          12
  (-40, 6)          12
  (-41, 6)          12
  (-42, 7)          12
  (-43, 7)          12
  (-44, 7)          13
  (-45, 7)          14
  (-46, 7)          16   scramble +2
  (-47, 7)          17
  (-48, 7)          16
  (-49, 7)          16
  (-50, 7)          16
  (-51, 7)          16
  (-52, 7)          16
  (-53, 7)          16
  (-54, 7)          16
  (-55, 7)          22   barrier +6
  (-56, 7)          22
  (-57, 7)          22
  (-58, 7)          22
  (-59, 7)          22
  (-60, 8)          22
  (-61, 9)          22
  (-62, 10)         23
rises 3, falls 1, worst step 16: barrier +15 at (7, 6); drop -16 at (-8, 6); scramble +2 at (-46, 7); barrier +6 at (-55, 7)
beside: core core at (-62, 10) d0, spawn sp#1 at (109, 0) d0, water beck at (-45, 7) d0, water beck#1 at (35, 3) d0

## spawn-blue -> core-1
ROUTE (116, 0) -> (61, -11) aim travel: 60 blocks, 2 placed, 0 drop(s), worst drop 0
  place            y   step
  (116, 0)          23
  (115, 0)          23
  (114, 0)          23
  (113, 0)          23
  (112, 0)          23
  (111, 0)          23
  (110, 0)          23
  (109, 0)          23
  (108, 0)          23
  (107, 0)          24
  (106, 0)          24
  (105, 0)          23
  (104, 0)          23
  (103, 0)          22
  (102, 0)          22
  (101, 0)          22
  (100, 0)          21
  (99, 0)           21
  (98, 0)           21
  (97, 0)           20
  (96, 0)           20
  (95, 0)           20
  (94, 0)           19
  (93, 0)           19
  (92, 0)           19
  (91, 0)           19
  (90, 0)           19
  (89, 0)           19
  (88, 0)           20
  (87, 0)           20
  (86, 0)           19
  (85, 0)           20
  (84, 0)           20
  (83, 0)           20
  (82, 0)           20
  (81, 0)           20
  (80, 0)           20
  (79, 0)           20
  (78, 0)           21
  (77, 0)           21
  (76, 0)           21
  (75, 0)           21
  (74, 0)           21
  (73, -1)          22
  (72, -2)          22
  (71, -3)          22
  (70, -4)          19
  (69, -5)          22   barrier +3
  (68, -6)          22
  (67, -6)          22
  (66, -6)          22
  (65, -7)          22
  (64, -8)          22
  (63, -9)          22
  (62, -10)         22
  (61, -11)         23
rises 1, falls 0, worst step 3: barrier +3 at (69, -5)
beside: core core#1 at (61, -11) d0, spawn sp#1 at (109, 0) d0
