CLAIMS  1 char = 1 block  x -54..53 across, z -96..95 down
KEY  0 free  1 water  2 paving  3 structure  4 tree  5 boulder  6 flora  7 spawn keep-out  8 door approach  9 goal clearance  a wool-room keep-out  b structure keep-out  space void
        -5        -4        -3        -2        -1         0         1         2         3         4         5   
     432109876543210987654321098765432109876543210987654321012345678901234567890123456789012345678901234567890123
 -96                                             bbbbbbbbbbbbbbbbbbbb                                            
 -95                                             bbbbbbbbbbbbbbbbbbbb                                            
 -94                                             bbbbbbbbbbbbbbbbbbbb                                            
 -93                                             bbbbbbbbbbbbbbbbbbbb                                            
 -92                                             bbbbbbbbbbbbbbbbbbbb                                            
 -91                                             bbbbbbbbbbbbbbbbbbbb                                            
 -90                                             bbbbbbbbbbbbbbbbbbbb                                            
 -89                                             bbbbbbbbbbbbbbbbbbbb                                            
 -88                                             bbbbbbbbbbbbbbbbbbbb                                            
 -87                                             bbbbbbbbbbbbbbbbbbbb                                            
 -86                                             bbbbbbbbbbbbbbbbbbbb                                            
 -85                                             77777777777777777777                                            
 -84 000000000000000000000000000000000000000000777777777777777777777777700000000000000000000000000000000000000000
 -83 000000000000000000000000000000000000000000777777777777777777777777700000000000000000000000000000000000000000
 -82 000000000000000000000000000000000000000000777777777777777777777777700000000000000000000000000000000000000000
 -81 000000000000000000000000000000000000000000000888888888888888888800000000000000000000000000000000000000000000
 -80 000000000000000000000000000000000000000000000888888888888888888800000000000000000000000000000000000000000000
 -79 000000000000000000000000000000000000000000000888888888888888888800000000000000000000000000000000000000000000
 -78 000000000000000000000000000000000000000000000888888888888888888800000000000000000000000000000000000000000000
 -77 000000000000000000000000000000000000000000000888888888888888888800000000000000000000000000000000000000000000
 -76 000000000000000000000000000000000000000000000888888888888888888800000000000000000000000000000000000000000000
 -75 000000000000000000000000000000000000000000000888888888888888888800000000000000000000000000000000000000000000
 -74 000000000000000000000000000000000000000000000888888888888888888800000000000000000000000000000000000000000000
 -73 000000000000000000000000000000000000000000000888888888888888888800000000000000000000000000000000000000000000
 -72 000000000000000000000000000000000000000000000888888888888888888800000000000000000000000000000000000000000000
 -71 000000000000000000000000000000000000000000000888888888888888888800000000000000000000000000000000000000000000
 -70 000000000000000000000000000000000000000000000888888888888888888800000000000000000000000000000000000000000000
 -69 000000000000000000000000000000000000000000000888888888888888888800000000000000000000000000000000000000000000
 -68 000000000000000000000000000000000000000000000888888888888888888800000099999999999999999999900000000000000000
 -67 000000000000000000000000000000000000000000000888888888888888888800000099999999999999999999900000000000000000
 -66 000000000000999999999999999999999000000000000000000000000000000000000099999999999999999999900000000000000000
 -65 000000000000999999999999999999999000000000000000000000000000000000000099999999999999999999900000000000000000
 -64 000000000000999999999999999999999000000000000000000000000000000000000099999999999999999999900000000000000000
 -63 000000000000999999999999999999999000000000000000000000000000000000000099999999999999999999900000000000000000
 -62 000000000000999999999999999999999000000000000000000000000000000000000099999999999999999999900000000000000000
 -61 000000000000999999999999999999999000000000000000000000000000000000000099999999999999999999900000000000000000
 -60 000000000000999999999999999999999000000000000000000000000000000000000099999999999999999999900000000000000000
 -59 000000000000999999999999999999999000000000000000000000000000000000000099999999999999999999900000000000000000
 -58 000000000000999999999999999999999000000000000000000000000000000000000099999999999999999999900000000000000000
 -57 000000000000999999999999999999999000000000000000000000000000000000000099999999999999999999900000000000000000
 -56 000000000000999999999999999999999000000000000000000000000000000000000099999999999999999999900000000000000000
 -55 000000000000999999999999999999999000000000000000000000000000000000000099999999999999999999900000000000000000
 -54 000000000000999999999999999999999000000000000000000000000000000000000099999999999999999999900000000000000000
 -53 000000000000999999999999999999999000000000000000000000000000000000000099999999999999999999900000000000000000
 -52 000000000000999999999999999999999000000000000000000000000000000000000099999999999999999999900000000000000000
 -51 000000000000999999999999999999999000000000000000000000000000000000000099999999999999999999900000000000000000
 -50 000000000000999999999999999999999000000000000000000000000000000000000099999999999999999999900000000000000000
 -49 000000000000999999999999999999999000000000000000000000000000000000000099999999999999999999900000000000000000
 -48 000000000000999999999999999999999000000000000000000000000000000000000099999999999999999999900000000000000000
 -47 000000000000999999999999999999999000000000000000000000000000000000000000000000000000000000000000000000000000
 -46 000000000000999999999999999999999000000000000000000000000000000000000000000000000000000000000000000000000000
 -45 000000000000000000000000000000000000000000000000000000000000000000000000000000000000000000000000000000000000
 -44 000000000000000000000000000000000000000000000000000000000000000000000000000000000000000000000000000000000000
 -43 000000000000000000000000000000000000000000000000000000000000000000000000000000000000000000000000000000000000
 -42 000000000000000000000000000000000000000000000000000000000000000000000000000000000000000000000000000000000000
 -41 000000000000000000000000000000000000000000000000000000000000000000000000000000000000000000000000000000000000
 -40 000000000000000000000000000000000000000000000000000000000000000000000000000000000000000000000000000000000000
 -39 000000000000000000000000000000000000000000000000000000000000000000000000000000000000000000000000000000000000
 -38 000000000000000000000000000000000000000000000000000000000000000000000000000000000000000000000000000000000000
 -37 000000000000000000000000000000000000000000000000000000000000000000000000000000000000000000000000000000000000
 -36 000000000000000000000000000000000000000000000000000000000000000000000000000000000000000000000000000000000000
 -35 000000000000000000000000000000000000000000000000000000000000000000000000000000000000000000000000000000000000
 -34 000000000000000000000000000000000000000000000000000000000000000000000000000000000000000000000000000000000000
 -33 000000000000000000000000000000000000000000000000000000000000000000000000000000000000000000000000000000000000
 -32 000000000000000000000000000000000000000000000000000000000000000000000000000000000000000000000000000000000000
 -31 000000000000000000000000000000000000000000000000000000000000000000000000000000000000000000000000000000000000
 -30 000000000000000000000000000000000000000000000000000000000000000000000000000000000000000000000000000000000000
 -29 000000000000000000000000000000000000000000000000000000000000000000000000000000000000000000000000000000000000
 -28 000000000000000000000000000000000000000000000000000000000000000000000000000000000000000000000000000000000000
 -27 000000000000000000000000000000000000000000000000000000000000000000000000000000000000000000000000000000000000
 -26 000000000000000000000000000000000000000000000000000000000000000000000000000000000000000000000000000000000000
 -25 000000000000000000000000000000000000000000000000000000000000000000000000000000000000000000000000000000000000
 -24 000000000000000000000000000000000000000000000000000000000000000000000000000000000000000000000000000000000000
 -23 000000000000000000000000000000000000000000000000000000000000000000000000000000000000000000000000000000000000
 -22 000000000000000000000000000000000000000000000000000000000000000000000000000000000000000000000000000000000000
 -21 000000000000000000000000000000000000000000000000000000000000000000000000000000000000000000000000000000000000
 -20 000000000000000000000000000000000000000000000000000000000000000000000000000000000000000000000000000000000000
 -19 000000000000000000000000000000000000000000000000000000000000000000000000000000000000000000000000000000000000
 -18 000000000000000000000000000000000000000000000000000000000000000000000000000000000000000000000000000000000000
 -17 000000000000000000000000000000000000000000000000000000000000000000000000000000000000000000000000000000000000
 -16 000000000000000000000000000000000000000000000000000000000000000000000000000000000000000000000000000000000000
 -15 000000000000000000000000000000000111110000000000000000000000000000000000000000000000000000000000000000000000
 -14 000000000000000000000000000011111111111011111100000000000000000000000000000000000000000000000000000000000000
 -13 000000000000000000000111111111111111111111111111111000000000000000000000000000000000000000000000000000000000
 -12 000000000000000011111111111111111111111111111111111111100000000000000000000000000000000000000000000000000000
 -11 100000111111111111111111111111111111111111111111111111111111000000000000000000000000000000000000000000000011
 -10 111111111111111111111111111111111111111111111111111111111111111000000000000000000000000000000000000000011111
  -9 111111111111111111111111111111111111111111111111111111111111111111111000111000000000000000000000011111111111
  -8 111111111111111111111111111111111111111111111111111111111111111111111111111111111111110000011111111111111111
  -7 111111111111111111111111111111111111111111111111111111111111111111111111111111111111111111111111111111111111
  -6 111111111111111111111111111111111111111111111111111111111111111111111111111111111111111111111111111111111111
  -5 111111111111111111111111111111111111111111111111111111111111111111111111111111111111111111111111111111111111
  -4 111111111111111111111111111111111111111111111111111111111111111111111111111111111111111111111111111111111111
  -3 111111111111111111111111111111111111111111111111111111111111111111111111111111111111111111111111111111111111
  -2 111111111111111111111111111111111111111111111111111111111111111111111111111111111111111111111111111111111111
  -1 111111111111111111111111111111111111111111111111111111111111111111111111111111111111111111111111111111111111
   0 111111111111111111111111111111111111111111111111111111111111111111111111111111111111111111111111111111111111
   1 111111111111111111111111111111111111111111111111111111111111111111111111111111111111111111111111111111111111
   2 111111111111111111111111111111111111111111111111111111111111111111111111111111111111111111111111111111111111
   3 111111111111111111111111111111111111111111111111111111111111111111111111111111111111111111111111111111111111
   4 111111111111111111111111111111111111111111111111111111111111111111111111111111111111111111111111111111111111
   5 111111111111111111111111111111111111111111111111111111111111111111111111111111111111111111111111111111111111
   6 111111111111111111111111111111111111111111111111111111111111111111111111111111111111111111111111111111111111
   7 111111111111111110000011111111111111111111111111111111111111111111111111111111111111111111111111111111111111
   8 111111111110000000000000000000000111000111111111111111111111111111111111111111111111111111111111111111111111
   9 111110000000000000000000000000000000000000000111111111111111111111111111111111111111111111111111111111111111
  10 110000000000000000000000000000000000000000000000111111111111111111111111111111111111111111111111111111000001
  11 000000000000000000000000000000000000000000000000000001111111111111111111111111111111111111110000000000000000
  12 000000000000000000000000000000000000000000000000000000000111111111111111111111111111111000000000000000000000
  13 000000000000000000000000000000000000000000000000000000000000001111110111111111110000000000000000000000000000
  14 000000000000000000000000000000000000000000000000000000000000000000000011111000000000000000000000000000000000
  15 000000000000000000000000000000000000000000000000000000000000000000000000000000000000000000000000000000000000
  16 000000000000000000000000000000000000000000000000000000000000000000000000000000000000000000000000000000000000
  17 000000000000000000000000000000000000000000000000000000000000000000000000000000000000000000000000000000000000
  18 000000000000000000000000000000000000000000000000000000000000000000000000000000000000000000000000000000000000
  19 000000000000000000000000000000000000000000000000000000000000000000000000000000000000000000000000000000000000
  20 000000000000000000000000000000000000000000000000000000000000000000000000000000000000000000000000000000000000
  21 000000000000000000000000000000000000000000000000000000000000000000000000000000000000000000000000000000000000
  22 000000000000000000000000000000000000000000000000000000000000000000000000000000000000000000000000000000000000
  23 000000000000000000000000000000000000000000000000000000000000000000000000000000000000000000000000000000000000
  24 000000000000000000000000000000000000000000000000000000000000000000000000000000000000000000000000000000000000
  25 000000000000000000000000000000000000000000000000000000000000000000000000000000000000000000000000000000000000
  26 000000000000000000000000000000000000000000000000000000000000000000000000000000000000000000000000000000000000
  27 000000000000000000000000000000000000000000000000000000000000000000000000000000000000000000000000000000000000
  28 000000000000000000000000000000000000000000000000000000000000000000000000000000000000000000000000000000000000
  29 000000000000000000000000000000000000000000000000000000000000000000000000000000000000000000000000000000000000
  30 000000000000000000000000000000000000000000000000000000000000000000000000000000000000000000000000000000000000
  31 000000000000000000000000000000000000000000000000000000000000000000000000000000000000000000000000000000000000
  32 000000000000000000000000000000000000000000000000000000000000000000000000000000000000000000000000000000000000
  33 000000000000000000000000000000000000000000000000000000000000000000000000000000000000000000000000000000000000
  34 000000000000000000000000000000000000000000000000000000000000000000000000000000000000000000000000000000000000
  35 000000000000000000000000000000000000000000000000000000000000000000000000000000000000000000000000000000000000
  36 000000000000000000000000000000000000000000000000000000000000000000000000000000000000000000000000000000000000
  37 000000000000000000000000000000000000000000000000000000000000000000000000000000000000000000000000000000000000
  38 000000000000000000000000000000000000000000000000000000000000000000000000000000000000000000000000000000000000
  39 000000000000000000000000000000000000000000000000000000000000000000000000000000000000000000000000000000000000
  40 000000000000000000000000000000000000000000000000000000000000000000000000000000000000000000000000000000000000
  41 000000000000000000000000000000000000000000000000000000000000000000000000000000000000000000000000000000000000
  42 000000000000000000000000000000000000000000000000000000000000000000000000000000000000000000000000000000000000
  43 000000000000000000000000000000000000000000000000000000000000000000000000000000000000000000000000000000000000
  44 000000000000000000000000000000000000000000000000000000000000000000000000000000000000000000000000000000000000
  45 000000000000000000000000000000000000000000000000000000000000000000000000000999999999999999999999000000000000
  46 000000000000000000000000000000000000000000000000000000000000000000000000000999999999999999999999000000000000
  47 000000000000000009999999999999999999990000000000000000000000000000000000000999999999999999999999000000000000
  48 000000000000000009999999999999999999990000000000000000000000000000000000000999999999999999999999000000000000
  49 000000000000000009999999999999999999990000000000000000000000000000000000000999999999999999999999000000000000
  50 000000000000000009999999999999999999990000000000000000000000000000000000000999999999999999999999000000000000
  51 000000000000000009999999999999999999990000000000000000000000000000000000000999999999999999999999000000000000
  52 000000000000000009999999999999999999990000000000000000000000000000000000000999999999999999999999000000000000
  53 000000000000000009999999999999999999990000000000000000000000000000000000000999999999999999999999000000000000
  54 000000000000000009999999999999999999990000000000000000000000000000000000000999999999999999999999000000000000
  55 000000000000000009999999999999999999990000000000000000000000000000000000000999999999999999999999000000000000
  56 000000000000000009999999999999999999990000000000000000000000000000000000000999999999999999999999000000000000
  57 000000000000000009999999999999999999990000000000000000000000000000000000000999999999999999999999000000000000
  58 000000000000000009999999999999999999990000000000000000000000000000000000000999999999999999999999000000000000
  59 000000000000000009999999999999999999990000000000000000000000000000000000000999999999999999999999000000000000
  60 000000000000000009999999999999999999990000000000000000000000000000000000000999999999999999999999000000000000
  61 000000000000000009999999999999999999990000000000000000000000000000000000000999999999999999999999000000000000
  62 000000000000000009999999999999999999990000000000000000000000000000000000000999999999999999999999000000000000
  63 000000000000000009999999999999999999990000000000000000000000000000000000000999999999999999999999000000000000
  64 000000000000000009999999999999999999990000000000000000000000000000000000000999999999999999999999000000000000
  65 000000000000000009999999999999999999990000000000000000000000000000000000000999999999999999999999000000000000
  66 000000000000000009999999999999999999990000000000000000000000000000000000000000000000000000000000000000000000
  67 000000000000000009999999999999999999990000000888888888888888888800000000000000000000000000000000000000000000
  68 000000000000000000000000000000000000000000000888888888888888888800000000000000000000000000000000000000000000
  69 000000000000000000000000000000000000000000000888888888888888888800000000000000000000000000000000000000000000
  70 000000000000000000000000000000000000000000000888888888888888888800000000000000000000000000000000000000000000
  71 000000000000000000000000000000000000000000000888888888888888888800000000000000000000000000000000000000000000
  72 000000000000000000000000000000000000000000000888888888888888888800000000000000000000000000000000000000000000
  73 000000000000000000000000000000000000000000000888888888888888888800000000000000000000000000000000000000000000
  74 000000000000000000000000000000000000000000000888888888888888888800000000000000000000000000000000000000000000
  75 000000000000000000000000000000000000000000000888888888888888888800000000000000000000000000000000000000000000
  76 000000000000000000000000000000000000000000000888888888888888888800000000000000000000000000000000000000000000
  77 000000000000000000000000000000000000000000000888888888888888888800000000000000000000000000000000000000000000
  78 000000000000000000000000000000000000000000000888888888888888888800000000000000000000000000000000000000000000
  79 000000000000000000000000000000000000000000000888888888888888888800000000000000000000000000000000000000000000
  80 000000000000000000000000000000000000000000000888888888888888888800000000000000000000000000000000000000000000
  81 000000000000000000000000000000000000000000000888888888888888888800000000000000000000000000000000000000000000
  82 000000000000000000000000000000000000000000777777777777777777777777700000000000000000000000000000000000000000
  83 000000000000000000000000000000000000000000777777777777777777777777700000000000000000000000000000000000000000
  84                                             77777777777777777777                                            
  85                                             bbbbbbbbbbbbbbbbbbbb                                            
  86                                             bbbbbbbbbbbbbbbbbbbb                                            
  87                                             bbbbbbbbbbbbbbbbbbbb                                            
  88                                             bbbbbbbbbbbbbbbbbbbb                                            
  89                                             bbbbbbbbbbbbbbbbbbbb                                            
  90                                             bbbbbbbbbbbbbbbbbbbb                                            
  91                                             bbbbbbbbbbbbbbbbbbbb                                            
  92                                             bbbbbbbbbbbbbbbbbbbb                                            
  93                                             bbbbbbbbbbbbbbbbbbbb                                            
  94                                             bbbbbbbbbbbbbbbbbbbb                                            
  95                                             bbbbbbbbbbbbbbbbbbbb                                            
decline DR-DRY water 'river' stands against 126 open column(s) of drawn ground — first at (-6, 13, -11), where the basin is dug to the water's own depth and holds none. The hollow and the pool that fills it are two statements about one lake; where the hollow reaches further, the difference is a dry trench beside the water. Widen the pool onto the ground that was dug for it, or stop digging it there.
placed 2, declined 1
