## tree
SEATS  tree, footprint 1x1, 3 blocks off a route  1 char = 1 block  x -48..47 across, z -104..103 down
KEY  1 the footprint seats with its minimum corner here  0 refused  space void
            -4        -3        -2        -1         0         1         2         3         4       
     876543210987654321098765432109876543210987654321012345678901234567890123456789012345678901234567
-104                                     1111110000000000000000000000                                
-103                                     1111110000000000000000000000                                
-102                                     1111110000000000000000000000                                
-101                                     1111110000000000000000000000                                
-100                                     1111110000000000000000000000                                
 -99                                     1111110000000000000000000000                                
 -98                                     1111110000000000000000000000                                
 -97                                     1111110000000000000000000000                                
 -96                                     1111110000000000000000000000                                
 -95                                     1111110000000000000000000000                                
 -94                                     1111110000000000000000000000                                
 -93                                     1111110000000000000000000000                                
 -92 0000000000000000                    1111110000000000000000000000                0000000000000000
 -91 0000000000000000                    1111110000000000000000000000                0000000000000000
 -90 0000000000000000                    1111110000000000000000000000                0000000000000000
 -89 0000000000000000                    1111110000000000000000000000                0000000000000000
 -88 0000000000000000                    1111100000000000000000000000                0000000000000000
 -87 0000000000000000                    1111000000000000000000000000                0000000000000000
 -86 0000000000000000                    1110000000000000000000000000                0000000000000000
 -85 0000000000000000                    1100000000000000000000000000                0000000000000000
 -84 0000000000000000                11111000000000000000000000000000                0000000000000000
 -83 0000000000000000                11110000000000000000000000000000                0000000000000000
 -82 0000000000000000                11100000000000000000000000000000                0000000000000000
 -81 0000000000000000                11000000000000000000000000001111                0000000000000000
 -80 0000000000000000                00000000000000110000000000000011                0000000000000000
 -79 0000000000000000                00000000000001110000000000000001                0000000000000000
 -78 0000000000000000                00000000000011110000000000000000                0000000000000000
 -77 1000000000000000                00000000000111110000000000000000                1000000000000000
 -76 1000000000000000                00000000001111110000000000000000                1000000000000000
 -75 1000000000000000                00000000011111110000000000000000                1000000000000000
 -74 1000000000000000                00000000111111110000000000000000                1000000000000000
 -73 1000000000000000                00000001111111110000000000000000                1000000000000000
 -72 1000000000000000                00000011111111110000000000000000                1000000000000000
 -71 1000000000000000                00000111111111110000000000000000                0000000000000000
 -70 1111110000000000                00001111111111110000000000000000                0000000000111111
 -69 1111110000000000                11111111111111110000000000010000                0000000000111111
 -68 1111110000000000                11111111111111110000000000011000                0000000000111111
 -67 0000000000000000                11111111111111110000000000011111                0000000000000000
 -66 0000000000000000                11111111111111110000000000011111                0000000000000000
 -65 0000000000000000                11111111111111111111111111111111                0000000000000000
 -64 000000000000000000011111111111111111111111100000000001111111111111111111111111000000000000000000
 -63 000000000000000000011111111111111111111111100000000001111111111111111111111111000000000000000000
 -62 000000000000000000011111111111111111111111100000000001111111111111111111111111000000000000000000
 -61 000000000000000000011111111111111111111111100000000001111111111111111111111111000000000000000000
 -60 111111111111111111111111111111111111111111100000000001111111111111111111111111111111000000000000
 -59 000000000001111111111111111111111111111111100000000001111111111111111111111111111111000000000010
 -58 000000000001111111111111111111111111111111100000000001111111111111111111111111111111000000000000
 -57 000000000001111111111111111111111111111111100000000001111111111111111111111111111111000000000000
 -56 000000000001111111111111111111111111111111100000000001111111111111111111111111111111000000001000
 -55 000000000001111111111111111111111111111111100000000001111111111111111111111111111111000000000000
 -54 000000000001111111111111111111111111111111100000000001111111111111111111111111111111000000000000
 -53 000000000001111111111111111111111111111111100000000001111111111111111111111111111111000000000000
 -52 0000000000011111                11111111111111111111111111111111                1111000000000000
 -51 1110101111111111                11111111111111111111111111111111                1111000000000001
 -50 0000000111111111                11111111111111111111111111111111                1111000000000100
 -49 0001001111111111                11111111111111111111111111111111                1111000000000001
 -48 1000000011111111                                                                1111000000001101
 -47 0000001010111111                                                                1111000000001101
 -46 0100000000011111                                                                1110000000000000
 -45 0000000000111111                                                                1110000000000010
 -44 0000000000011111                                                                1110000000000000
 -43 0000000000001111                                                                1110000000000000
 -42 1000000001000011                                                                1110000000001000
 -41 0000000000000011                                                                1110000000000000
 -40 0000000001000111                                                                1100000000000000
 -39 0000000000010001                                                                1100000000000000
 -38 0100100000100111                                                                1100000000010000
 -37 1100000011111111                                                                1000000000000001
 -36 111000100111111111111111111111111111         111111         111111111111000001111000000000000100
 -35 111100001111111111101011111111111111 1111111111111111111    111111111111000000111000000000100001
 -34 111101111111111111000001111111111111111111111111111111111111111111111111000000010000000000101111
 -33 111111111111111111000000111111111111111111111111111111111111111111111111001000110000000000111111
 -32 111111111111111111000000011111111111111111111111111111111111111111111111100000000000000001111111
 -31 111111111111111111001000111111111111111111111111111111111111111111111111111000000000000001111111
 -30 111111111111111111100000011111111111111111111111111111111111111111111111100000000000000001111111
 -29 111111111111111111111000001111111111111111111111111111111111111111111111100010000000000011111111
 -28 111111111111111111100000001111111111111111111111111111111111111111111111110000000000000011110001
 -27 111111111111111111100010001111111111111111111111111111111111111111111111111000000000000111110000
 -26 111111111111111111110000001111111111111111111111111111111111111111111111111000000000000111110001
 -25 111111111111111111111000011111111111111111111111111111111111111111111111111100000000001111111111
 -24 111111111111111111111000000111111111111111111111111111111111110000000000011100000000001111111111
 -23 111111111111111111111111000011111111111111111111111111111111110000000000011000000000001111111111
 -22 111111111111111111111111000111111111111111111111111111111111110000000000011000000000011111111111
 -21 111111111111111111111111111111111111111111111111111111111111110000000000010000000000011111111111
 -20 111111111111111111111111111111111111111111111111111111111111110000000000010000000000111111111111
 -19 111111111111111111111111111111111111111111111111111111111111110000000000010000000000111111111111
 -18 111111111111111111111111111111111111111111111111111111111111110000000000010000000001111111111111
 -17 111111111111111111111111111111111111     111111111111111111 110000000000010000000001111111111111
 -16                                                  111                                            
 -15                                                                                                 
 -14                                                                                                 
 -13                                                                                                 
 -12                                                                                                 
 -11                                                                                                 
 -10                                                                                                 
  -9                                                                                                 
  -8                                                                                                 
  -7                                                                                                 
  -6                                                                                                 
  -5                                                                                                 
  -4                                                                                                 
  -3                                                                                                 
  -2                                                                                                 
  -1                                                                                                 
   0                                                                                                 
   1                                                                                                 
   2                                                                                                 
   3                                                                                                 
   4                                                                                                 
   5                                                                                                 
   6                                                                                                 
   7                                                                                                 
   8                                                                                                 
   9                                                                                                 
  10                                                                                                 
  11                                                                                                 
  12                                                                                                 
  13                                                                                                 
  14                                                                                                 
  15                                             111                                                 
  16 111111111111100000000010000000000011 111111111111111111     111111111111111111111111111111111111
  17 111111111111100000000010000000000011111111111111111111111111111111111111111111111111111111111111
  18 111111111111000000000010000000000011111111111111111111111111111111111111111111111111111111111111
  19 111111111111000000000010000000000011111111111111111111111111111111111111111111111111111111111111
  20 111111111110000000000010000000000011111111111111111111111111111111111111111111111111111111111111
  21 111111111110000000000110000000000011111111111111111111111111111111111000111111111111111111111111
  22 111111111100000000000110000000000011111111111111111111111111111111110000111111111111111111111111
  23 111111111100000000001110000000000011111111111111111111111111111111111000000111111111111111111111
  24 111111111100000000001111111111111111111111111111111111111111111111111110000111111111111111111111
  25 100011111000000000000111111111111111111111111111111111111111111111111100000011111111111111111111
  26 000011111000000000000111111111111111111111111111111111111111111111111100010001111111111111111111
  27 100011110000000000000011111111111111111111111111111111111111111111111100000001111111111111111111
  28 111111110000000000010001111111111111111111111111111111111111111111111100000111111111111111111111
  29 111111100000000000000001111111111111111111111111111111111111111111111110000001111111111111111111
  30 111111100000000000000111111111111111111111111111111111111111111111111111000100111111111111111111
  31 111111100000000000000001111111111111111111111111111111111111111111111110000000111111111111111111
  32 111111000000000011000100111111111111111111111111111111111111111111111111000000111111111111111111
  33 111101000000000010000000111111111111111111111111111111111111111111111111100000111111111111101111
  34 100001000000000111000000111111111111    1111111111111111111 111111111111110101111111111100001111
  35 001000000000000111100000111111111111         111111         111111111111111111111111111001000111
  36 1000000000000001                                                                1111111100000011
  37 0000100000000011                                                                1110010000010010
  38 0000000000000011                                                                1000100000000000
  39 0000000000000011                                                                1110001000000000
  40 0000000000000111                                                                1100000000000000
  41 0001000000000111                                                                1100001000000001
  42 0000000000000111                                                                1111000000000000
  43 0000000000000111                                                                1111100000000000
  44 0100000000000111                                                                1111110000000000
  45 0000000000000111                                                                1111100000000010
  46 1011000000001111                                                                1111110101000000
  47 1011000000001111                                                                1111111100000001
  48 1000000000001111                11111111111111111111111111111111                1111111111001000
  49 0010000000001111                11111111111111111111111111111111                1111111110000000
  50 1000000000001111                11111111111111111111111111111111                1111111111010111
  51 0000000000001111                11111111111111111111111111111111                1111100000000000
  52 000000000000111111111111111111111111111111100000000001111111111111111111111111111111100000000000
  53 000000000000111111111111111111111111111111100000000001111111111111111111111111111111100000000000
  54 000000000000111111111111111111111111111111100000000001111111111111111111111111111111100000000000
  55 000100000000111111111111111111111111111111100000000001111111111111111111111111111111100000000000
  56 000000000000111111111111111111111111111111100000000001111111111111111111111111111111100000000000
  57 000000000000111111111111111111111111111111100000000001111111111111111111111111111111100000000000
  58 010000000000111111111111111111111111111111100000000001111111111111111111111111111111100000000000
  59 000000000000111111111111111111111111111111100000000001111111111111111111111111111111111111111111
  60 101100000000111111111111111111111111111111100000000001111111111111111111111111111111111111111111
  61 000000000000000000011111111111111111111111100000000001111111111111111111111111000000000000000000
  62 000000000000000000011111111111111111111111100000000001111111111111111111111111000000000000000000
  63 000000000000000000011111111111111111111111100000000001111111111111111111111111000000000000000000
  64 0000000000000000                11111111111111111111111111111111                0000000000000000
  65 0000000000000000                11111111111111111111111111111111                0000000000000000
  66 0000000000000000                11111100000000000111111111111111                0000000000000000
  67 0000000000000000                00011100000000000111111111111111                0000000000000000
  68 1111110000000000                00001100000000000111111111111111                0000000000111111
  69 1111110000000000                00000000000000000111111111110000                0000000000111111
  70 1111110000000000                00000000000000000111111111100000                0000000000111111
  71 1000000000000000                00000000000000000111111111000000                1000000000000000
  72 1000000000000000                00000000000000000111111110000000                1000000000000000
  73 1000000000000000                00000000000000000111111100000000                1000000000000000
  74 1000000000000000                00000000000000000111111000000000                1000000000000000
  75 1000000000000000                00000000000000000111110000000000                1000000000000000
  76 1000000000000000                00000000000000000111100000000000                1000000000000000
  77 1000000000000000                00000000000000000111000000000000                1000000000000000
  78 0000000000000000                10000000000000000110000000000000                0000000000000000
  79 0000000000000000                11000000000000000100000000000000                0000000000000000
  80 0000000000000000                11110000000000000000000000000011                0000000000000000
  81 0000000000000000                11111000000000000000000000000111                0000000000000000
  82 0000000000000000                00000000000000000000000000001111                0000000000000000
  83 0000000000000000                00000000000000000000000000011111                0000000000000000
  84 0000000000000000                0000000000000000000000000011                    0000000000000000
  85 0000000000000000                0000000000000000000000000111                    0000000000000000
  86 0000000000000000                0000000000000000000000001111                    0000000000000000
  87 0000000000000000                0000000000000000000000011111                    0000000000000000
  88 0000000000000000                0000000000000000000000011111                    0000000000000000
  89 0000000000000000                0000000000000000000000011111                    0000000000000000
  90 0000000000000000                0000000000000000000000011111                    0000000000000000
  91 0000000000000000                0000000000000000000000011111                    0000000000000000
  92                                 0000000000000000000000011111                                    
  93                                 0000000000000000000000011111                                    
  94                                 0000000000000000000000011111                                    
  95                                 0000000000000000000000011111                                    
  96                                 0000000000000000000000011111                                    
  97                                 0000000000000000000000011111                                    
  98                                 0000000000000000000000011111                                    
  99                                 0000000000000000000000011111                                    
 100                                 0000000000000000000000011111                                    
 101                                 0000000000000000000000011111                                    
 102                                 0000000000000000000000011111                                    
 103                                 0000000000000000000000011111                                    
seats 5676; refused 3253 DR-KEEP, 1978 DR-CLAIM, 657 DR-ROAD

## boulder
SEATS  boulder, footprint 1x1, 2 blocks off a route  1 char = 1 block  x -48..47 across, z -104..103 down
KEY  1 the footprint seats with its minimum corner here  0 refused  space void
            -4        -3        -2        -1         0         1         2         3         4       
     876543210987654321098765432109876543210987654321012345678901234567890123456789012345678901234567
-104                                     1111110000000000000000000000                                
-103                                     1111110000000000000000000000                                
-102                                     1111110000000000000000000000                                
-101                                     1111110000000000000000000000                                
-100                                     1111110000000000000000000000                                
 -99                                     1111110000000000000000000000                                
 -98                                     1111110000000000000000000000                                
 -97                                     1111110000000000000000000000                                
 -96                                     1111110000000000000000000000                                
 -95                                     1111110000000000000000000000                                
 -94                                     1111110000000000000000000000                                
 -93                                     1111110000000000000000000000                                
 -92 0000000000000000                    1111110000000000000000000000                0000000000000000
 -91 0000000000000000                    1111110000000000000000000000                0000000000000000
 -90 0000000000000000                    1111110000000000000000000000                0000000000000000
 -89 0000000000000000                    1111110000000000000000000000                0000000000000000
 -88 0000000000000000                    1111110000000000000000000000                0000000000000000
 -87 0000000000000000                    1111110000000000000000000000                0000000000000000
 -86 0000000000000000                    1111100000000000000000000000                0000000000000000
 -85 0000000000000000                    1111000000000000000000000000                0000000000000000
 -84 0000000000000000                11111110000000000000000000000000                0000000000000000
 -83 0000000000000000                11111100000000000000000000000000                0000000000000000
 -82 0000000000000000                11111000000000000000000000000000                0000000000000000
 -81 0000000000000000                11110000000001110000000000011111                0000000000000000
 -80 0000000000000000                11100000000011110000000000011111                0000000000000000
 -79 0000000000000000                10000000000111110000000000000111                0000000000000000
 -78 0000000000000000                00000000001111110000000000000011                0000000000000000
 -77 1000000000000000                00000000011111110000000000000001                1000000000000000
 -76 1000000000000000                00000000111111110000000000000000                1000000000000000
 -75 1000000000000000                00000001111111110000000000000000                1000000000000000
 -74 1000000000000000                00000011111111110000000000000000                1000000000000000
 -73 1000000000000000                00000111111111110000000000000000                1000000000000000
 -72 1000000000000000                00001111111111110000000000000000                1000000000000000
 -71 1000000000000000                00011111111111110000000000000000                1000000000000000
 -70 1111111000000000                11111111111111110000000000011000                0000000001111111
 -69 1111111000000000                11111111111111110000000000011100                0000000001111111
 -68 1111111000000000                11111111111111110000000000011111                0000000001111111
 -67 0000000000000000                11111111111111110000000000011111                0000000000000000
 -66 0000000000000000                11111111111111110000000000011111                0000000000000000
 -65 0000000000000000                11111111111111111111111111111111                0000000000000000
 -64 000000000000000000011111111111111111111111100000000001111111111111111111111111000000000000000000
 -63 000000000000000000011111111111111111111111100000000001111111111111111111111111000000000000000000
 -62 000000000000000000011111111111111111111111100000000001111111111111111111111111000000000000000010
 -61 000000000000000000011111111111111111111111100000000001111111111111111111111111000000000000000010
 -60 111111111111111111111111111111111111111111100000000001111111111111111111111111111111100000011111
 -59 000000000001111111111111111111111111111111100000000001111111111111111111111111111111100000011111
 -58 000000000001111111111111111111111111111111100000000001111111111111111111111111111111100000011111
 -57 000000000001111111111111111111111111111111100000000001111111111111111111111111111111100000011111
 -56 000000000001111111111111111111111111111111100000000001111111111111111111111111111111100000011111
 -55 000000000001111111111111111111111111111111100000000001111111111111111111111111111111100000011111
 -54 000000000001111111111111111111111111111111100000000001111111111111111111111111111111100000011111
 -53 000000000001111111111111111111111111111111100000000001111111111111111111111111111111100000011111
 -52 0000000000011111                11111111111111111111111111111111                1111100000011111
 -51 1111111111111111                11111111111111111111111111111111                1111100000011111
 -50 1111111111111111                11111111111111111111111111111111                1111100000011111
 -49 1111111111111111                11111111111111111111111111111111                1111100000011111
 -48 1111111111111111                                                                1111100000011111
 -47 1111111111111111                                                                1111100000011111
 -46 1111111111111111                                                                1111100000011111
 -45 1111111111111111                                                                1111000000011111
 -44 1111111111111111                                                                1111000000011111
 -43 1111111111111111                                                                1111000000011111
 -42 1111111111000111                                                                1111000000111111
 -41 1111111111000111                                                                1111000000111111
 -40 1111111111000111                                                                1111000000111111
 -39 1111111111111111                                                                1110000000111111
 -38 1111111111111111                                                                1110000000111111
 -37 1111111111111111                                                                1110000001111111
 -36 111111111111111111111111111111111111         111111         111111111111111111111100000001111111
 -35 111111111111111111111111111111111111 1111111111111111111    111111111111111111111100000001111111
 -34 111111111111111111111111111111111111111111111111111111111111111111111111111111111100000001111111
 -33 111111111111111111111111111111111111111111111111111111111111111111111111111111111000000011111111
 -32 111111111111111111111111111111111111111111111111111111111111111111111111111111111000000011111111
 -31 111111111111111111111111111111111111111111111111111111111111111111111111111111110000000011111111
 -30 111111111111111111111111111111111111111111111111111111111111111111111111111111110000000111111111
 -29 111111111111111111111111111111111111111111111111111111111111111111111111111111100000000111111111
 -28 111111111111111111111111111111111111111111111111111111111111111111111111111111100000001111110001
 -27 111111111111111111111111111111111111111111111111111111111111111111111111111111100000001111110000
 -26 111111111111111111111111111111111111111111111111111111111111111111111111111111000000011111110001
 -25 111111111111111111111111111111111111111111111111111111111111111111111111111111000000011111111111
 -24 111111111111111111111111000111111111111111111111111111111111110000000000011110000000011111111111
 -23 111111111111111111111111000011111111111111111111111111111111110000000000011110000000111111111111
 -22 111111111111111111111111000111111111111111111111111111111111110000000000011100000000111111111111
 -21 111111111111111111111111111111111111111111111111111111111111110000000000011100000001111111111111
 -20 111111111111111111111111111111111111111111111111111111111111110000000000011000000001111111111111
 -19 111111111111111111111111111111111111111111111111111111111111110000000000011000000011111111111111
 -18 111111111111111111111111111111111111111111111111111111111111110000000000011000000011111111111111
 -17 111111111111111111111111111111111111     111111111111111111 110000000000011000000111111111111111
 -16                                                  111                                            
 -15                                                                                                 
 -14                                                                                                 
 -13                                                                                                 
 -12                                                                                                 
 -11                                                                                                 
 -10                                                                                                 
  -9                                                                                                 
  -8                                                                                                 
  -7                                                                                                 
  -6                                                                                                 
  -5                                                                                                 
  -4                                                                                                 
  -3                                                                                                 
  -2                                                                                                 
  -1                                                                                                 
   0                                                                                                 
   1                                                                                                 
   2                                                                                                 
   3                                                                                                 
   4                                                                                                 
   5                                                                                                 
   6                                                                                                 
   7                                                                                                 
   8                                                                                                 
   9                                                                                                 
  10                                                                                                 
  11                                                                                                 
  12                                                                                                 
  13                                                                                                 
  14                                                                                                 
  15                                             111                                                 
  16 111111111111111000000110000000000011 111111111111111111     111111111111111111111111111111111111
  17 111111111111110000000110000000000011111111111111111111111111111111111111111111111111111111111111
  18 111111111111110000000110000000000011111111111111111111111111111111111111111111111111111111111111
  19 111111111111100000000110000000000011111111111111111111111111111111111111111111111111111111111111
  20 111111111111100000001110000000000011111111111111111111111111111111111111111111111111111111111111
  21 111111111111000000001110000000000011111111111111111111111111111111111000111111111111111111111111
  22 111111111111000000011110000000000011111111111111111111111111111111110000111111111111111111111111
  23 111111111110000000011110000000000011111111111111111111111111111111111000111111111111111111111111
  24 111111111110000000111111111111111111111111111111111111111111111111111111111111111111111111111111
  25 100011111110000000111111111111111111111111111111111111111111111111111111111111111111111111111111
  26 000011111100000001111111111111111111111111111111111111111111111111111111111111111111111111111111
  27 100011111100000001111111111111111111111111111111111111111111111111111111111111111111111111111111
  28 111111111000000001111111111111111111111111111111111111111111111111111111111111111111111111111111
  29 111111111000000011111111111111111111111111111111111111111111111111111111111111111111111111111111
  30 111111110000000011111111111111111111111111111111111111111111111111111111111111111111111111111111
  31 111111110000000111111111111111111111111111111111111111111111111111111111111111111111111111111111
  32 111111110000000111111111111111111111111111111111111111111111111111111111111111111111111111111111
  33 111111100000001111111111111111111111111111111111111111111111111111111111111111111111111111111111
  34 111111100000001111111111111111111111    1111111111111111111 111111111111111111111111111111111111
  35 111111100000001111111111111111111111         111111         111111111111111111111111111111111111
  36 1111111000000111                                                                1111111111111111
  37 1111110000000111                                                                1111111111111111
  38 1111110000000111                                                                1111111111111111
  39 1111110000001111                                                                1110001111111111
  40 1111110000001111                                                                1110001111111111
  41 1111110000001111                                                                1110001111111111
  42 1111100000001111                                                                1111111111111111
  43 1111100000001111                                                                1111111111111111
  44 1111100000001111                                                                1111111111111111
  45 1111100000011111                                                                1111111111111111
  46 1111100000011111                                                                1111111111111111
  47 1111100000011111                                                                1111111111111111
  48 1111100000011111                11111111111111111111111111111111                1111111111111111
  49 1111100000011111                11111111111111111111111111111111                1111111111111111
  50 1111100000011111                11111111111111111111111111111111                1111111111111111
  51 1111100000011111                11111111111111111111111111111111                1111100000000000
  52 111110000001111111111111111111111111111111100000000001111111111111111111111111111111100000000000
  53 111110000001111111111111111111111111111111100000000001111111111111111111111111111111100000000000
  54 111110000001111111111111111111111111111111100000000001111111111111111111111111111111100000000000
  55 111110000001111111111111111111111111111111100000000001111111111111111111111111111111100000000000
  56 111110000001111111111111111111111111111111100000000001111111111111111111111111111111100000000000
  57 111110000001111111111111111111111111111111100000000001111111111111111111111111111111100000000000
  58 111110000001111111111111111111111111111111100000000001111111111111111111111111111111100000000000
  59 111110000001111111111111111111111111111111100000000001111111111111111111111111111111111111111111
  60 111110000001111111111111111111111111111111100000000001111111111111111111111111111111111111111111
  61 010000000000000000011111111111111111111111100000000001111111111111111111111111000000000000000000
  62 000000000000000000011111111111111111111111100000000001111111111111111111111111000000000000000000
  63 000000000000000000011111111111111111111111100000000001111111111111111111111111000000000000000000
  64 0000000000000000                11111111111111111111111111111111                0000000000000000
  65 0000000000000000                11111111111111111111111111111111                0000000000000000
  66 0000000000000000                11111100000000000111111111111111                0000000000000000
  67 0000000000000000                11111100000000000111111111111111                0000000000000000
  68 1111111000000000                00111100000000000111111111111111                0000000001111111
  69 1111111000000000                00011100000000000111111111111111                0000000001111111
  70 1111111100000111                00000100000000000111111111111000                1110000011111111
  71 1000000000000000                00000000000000000111111111110000                1000000000000000
  72 1000000000000000                00000000000000000111111111100000                1000000000000000
  73 1000000000000000                00000000000000000111111111000000                1000000000000000
  74 1000000000000000                00000000000000000111111110000000                1000000000000000
  75 1000000000000000                00000000000000000111111100000000                1000000000000000
  76 1000000000000000                10000000000000000111111000000000                1000000000000000
  77 1000000000000000                11000000000000000111110000000000                1000000000000000
  78 0000000000000000                11100000000000000111100000000001                0000000000000000
  79 0000000000000000                11111000000000000111000000000111                0000000000000000
  80 0000000000000000                11111100000000000110000000001111                0000000000000000
  81 0000000000000000                11111100000000000100000000011111                0000000000000000
  82 0000000000000000                00000000000000000000000000111111                0000000000000000
  83 0000000000000000                00000000000000000000000001111111                0000000000000000
  84 0000000000000000                0000000000000000000000001111                    0000000000000000
  85 0000000000000000                0000000000000000000000011111                    0000000000000000
  86 0000000000000000                0000000000000000000000011111                    0000000000000000
  87 0000000000000000                0000000000000000000000011111                    0000000000000000
  88 0000000000000000                0000000000000000000000011111                    0000000000000000
  89 0000000000000000                0000000000000000000000011111                    0000000000000000
  90 0000000000000000                0000000000000000000000011111                    0000000000000000
  91 0000000000000000                0000000000000000000000011111                    0000000000000000
  92                                 0000000000000000000000011111                                    
  93                                 0000000000000000000000011111                                    
  94                                 0000000000000000000000011111                                    
  95                                 0000000000000000000000011111                                    
  96                                 0000000000000000000000011111                                    
  97                                 0000000000000000000000011111                                    
  98                                 0000000000000000000000011111                                    
  99                                 0000000000000000000000011111                                    
 100                                 0000000000000000000000011111                                    
 101                                 0000000000000000000000011111                                    
 102                                 0000000000000000000000011111                                    
 103                                 0000000000000000000000011111                                    
seats 6743; refused 3253 DR-KEEP, 1182 DR-CLAIM, 386 DR-ROAD

## house
SEATS  house, footprint 9x7, no route standoff  1 char = 1 block  x -48..47 across, z -104..103 down
KEY  1 the footprint seats with its minimum corner here  0 refused  space void
            -4        -3        -2        -1         0         1         2         3         4       
     876543210987654321098765432109876543210987654321012345678901234567890123456789012345678901234567
-104                                     0000000000000000000000000000                                
-103                                     0000000000000000000000000000                                
-102                                     0000000000000000000000000000                                
-101                                     0000000000000000000000000000                                
-100                                     0000000000000000000000000000                                
 -99                                     0000000000000000000000000000                                
 -98                                     0000000000000000000000000000                                
 -97                                     0000000000000000000000000000                                
 -96                                     0000000000000000000000000000                                
 -95                                     0000000000000000000000000000                                
 -94                                     0000000000000000000000000000                                
 -93                                     0000000000000000000000000000                                
 -92 0000000000000000                    0000000000000000000000000000                0000000000000000
 -91 0000000000000000                    0000000000000000000000000000                0000000000000000
 -90 0000000000000000                    0000000000000000000000000000                0000000000000000
 -89 0000000000000000                    0000000000000000000000000000                0000000000000000
 -88 0000000000000000                    0000000000000000000000000000                0000000000000000
 -87 0000000000000000                    0000000000000000000000000000                0000000000000000
 -86 0000000000000000                    0000000000000000000000000000                0000000000000000
 -85 0000000000000000                    0000000000000000000000000000                0000000000000000
 -84 0000000000000000                00000000000000000000000000000000                0000000000000000
 -83 0000000000000000                00000000000000000000000000000000                0000000000000000
 -82 0000000000000000                00000000000000000000000000000000                0000000000000000
 -81 0000000000000000                00000000000000000000000000000000                0000000000000000
 -80 0000000000000000                00000000000000000000000000000000                0000000000000000
 -79 0000000000000000                00000000000000000000000000000000                0000000000000000
 -78 0000000000000000                00000000000000000000000000000000                0000000000000000
 -77 0000000000000000                00000000000000000000000000000000                0000000000000000
 -76 0000000000000000                00000000000000000000000000000000                0000000000000000
 -75 0000000000000000                00000000000000000000000000000000                0000000000000000
 -74 0000000000000000                00000000000000000000000000000000                0000000000000000
 -73 0000000000000000                00000000000000000000000000000000                0000000000000000
 -72 0000000000000000                00000000000000000000000000000000                0000000000000000
 -71 0000000000000000                11000000000000000000000000000000                0000000000000000
 -70 0000000000000000                00000000000000000000000000000000                0000000000000000
 -69 0000000000000000                00000000000000000000000000000000                0000000000000000
 -68 0000000000000000                00000000000000000000000000000000                0000000000000000
 -67 0000000000000000                00000000000000000000000000000000                0000000000000000
 -66 0000000000000000                00000000000000000000000000000000                0000000000000000
 -65 0000000000000000                00000000000000000000000000000000                0000000000000000
 -64 000000000000000000000000000000001110000000000000000001110000000000000000000000000000000000000000
 -63 000000000000000000000000000000000000000000000000000000000000000000000000000000000000000000000000
 -62 000000000000000000000000000000000000000000000000000000000000000000000000000000000000000000000000
 -61 000000000000000000000000000000000000000000000000000000000000000000000000000000000000000000000000
 -60 000000000000000000000000000000000000000000000000000000000000000000000000000000000000000000000000
 -59 000000000000000000000000000000000000000000000000000000000000000000000000000000000000000000000000
 -58 000000000000000000000000000000000000000000000000000000000000000000000000000000000000000000000000
 -57 000000000000000000000000000000000000000000000000000000000000000000000000000000000000000000000000
 -56 000000000000000000000000000000000000000000000000000000000000000000000000000000000000000000000000
 -55 000000000000000000000000000000000000000000000000000000000000000000000000000000000000000000000000
 -54 000000000000000000000000000000000000000000000000000000000000000000000000000000000000000000000000
 -53 000000000000000000000000000000000000000000000000000000000000000000000000000000000000000000000000
 -52 0000000000000000                00000000000000000000000000000000                0000000000000000
 -51 0000000000000000                00000000000000000000000000000000                0000000000000000
 -50 0000000000000000                00000000000000000000000000000000                0000000000000000
 -49 0000000000000000                00000000000000000000000000000000                0000000000000000
 -48 0000000000000000                                                                0000000000000000
 -47 0000000000000000                                                                0000000000000000
 -46 0000000000000000                                                                0000000000000000
 -45 0000000000000000                                                                0000000000000000
 -44 0000000000000000                                                                0000000000000000
 -43 0000000000000000                                                                0000000000000000
 -42 0000000000000000                                                                0000000000000000
 -41 0000000000000000                                                                0000000000000000
 -40 0000000000000000                                                                0000000000000000
 -39 0000000000000000                                                                0000000000000000
 -38 0000000000000000                                                                0000000000000000
 -37 0000000000000000                                                                0000000000000000
 -36 110000000000000011100000000000000000         000000         000000000000000000000000000000000000
 -35 110000000000000011100000000100000000 1000000000000000000    000000000000000000000000000000000000
 -34 110000000000000000000000000000000000100000000000000000000000000000000000000000000000000100000000
 -33 110000000000000000000000000000000000000000000000000000000000000000000000000000000000000100000000
 -32 110000000000000000000000000000000000000000000000000000000000000000000000000000000000000100000000
 -31 000000000000000000000000000000000000000000000000000000000000000000000000000000000000000000000000
 -30 000000000000000000000000000000000000000000000000000000000000000000000000000000000000000000000000
 -29 000000000000000000000000000000000000000000000000000000000000000000000000000000000000000000000000
 -28 000000000000000000000000000000000000000000000000000000000000000000000000000000000000000000000000
 -27 000000000000000000000000000000000000000000000000000000000000000000000000000000000000000000000000
 -26 000000000000000000000000000000000000000000000000000000000000000000000000000000000000000000000000
 -25 000000000000000000000000000000000000000000000000000011000000000000000000000000000000000000000000
 -24 110000000111111111111111111111111111111110000000000011000000000000000000000000000000001100000000
 -23 110000000111111111100000000000000000000000000000001000000000000000000000000000000000001100000000
 -22 000000000000000000000000000000000000000000000000000000000000000000000000000000000000000000000000
 -21 000000000000000000000000000000000000000000000000000000000000000000000000000000000000000000000000
 -20 000000000000000000000000000000000000000000000000000000000000000000000000000000000000000000000000
 -19 000000000000000000000000000000000000000000000000000000000000000000000000000000000000000000000000
 -18 000000000000000000000000000000000000000000000000000000000000000000000000000000000000000000000000
 -17 000000000000000000000000000000000000     000000000000000000 000000000000000000000000000000000000
 -16                                                  000                                            
 -15                                                                                                 
 -14                                                                                                 
 -13                                                                                                 
 -12                                                                                                 
 -11                                                                                                 
 -10                                                                                                 
  -9                                                                                                 
  -8                                                                                                 
  -7                                                                                                 
  -6                                                                                                 
  -5                                                                                                 
  -4                                                                                                 
  -3                                                                                                 
  -2                                                                                                 
  -1                                                                                                 
   0                                                                                                 
   1                                                                                                 
   2                                                                                                 
   3                                                                                                 
   4                                                                                                 
   5                                                                                                 
   6                                                                                                 
   7                                                                                                 
   8                                                                                                 
   9                                                                                                 
  10                                                                                                 
  11                                                                                                 
  12                                                                                                 
  13                                                                                                 
  14                                                                                                 
  15                                             000                                                 
  16 110000000000000000000000000000000000 100000000000000000     000000000111111111100000001100000000
  17 110000000000000000000000000000000011000000000001111111111111111111111111111111100000001100000000
  18 000000000000000000000000000000000011000000000000000000000000000000000000000000000000000000000000
  19 000000000000000000000000000000000000000000000000000000000000000000000000000000000000000000000000
  20 000000000000000000000000000000000000000000000000000000000000000000000000000000000000000000000000
  21 000000000000000000000000000000000000000000000000000000000000000000000000000000000000000000000000
  22 000000000000000000000000000000000000000000000000000000000000000000000000000000000000000000000000
  23 000000000000000000000000000000000000000000000000000000000000000000000000000000000000000000000000
  24 000000000000000000000000000000000000000000000000000000000000000000000000000000000000000000000000
  25 100000000000000000000000000000000000000000000000000000000000000000000000000000000000001100000000
  26 100000000000000000000000000000000000000000000000000000000000000000000000000000000000001100000000
  27 100000000000000000000000000000000000000000000000000100000000000000000000000000000000001100000000
  28 000000000000000000000000000000000000000000000000001000000000100000000111000000000000001100000000
  29 000000000000000000000000000000000000000000000000000000000000000000000111000000000000001100000000
  30 000000000000000000000000000000000000000000000000000000000000000000000000000000000000000000000000
  31 000000000000000000000000000000000000000000000000000000000000000000000000000000000000000000000000
  32 000000000000000000000000000000000000000000000000000000000000000000000000000000000000000000000000
  33 000000000000000000000000000000000000000000000000000000000000000000000000000000000000000000000000
  34 000000000000000000000000000000000000    0000000000000000000 000000000000000000000000000000000000
  35 000000000000000000000000000000000000         000000         000000000000000000000000000000000000
  36 0000000000000000                                                                0000000000000000
  37 0000000000000000                                                                0000000000000000
  38 0000000000000000                                                                0000000000000000
  39 0000000000000000                                                                0000000000000000
  40 0000000000000000                                                                0000000000000000
  41 0000000000000000                                                                0000000000000000
  42 0000000000000000                                                                0000000000000000
  43 0000000000000000                                                                0000000000000000
  44 0000000000000000                                                                0000000000000000
  45 0000000000000000                                                                0000000000000000
  46 0000000000000000                                                                0000000000000000
  47 0000000000000000                                                                0000000000000000
  48 0000000000000000                00000000000000000000000000000000                0000000000000000
  49 0000000000000000                00000000000000000000000000000000                0000000000000000
  50 0000000000000000                00000000000000000000000000000000                0000000000000000
  51 0000000000000000                00000000000000000000000000000000                0000000000000000
  52 000000000000000000000000000000000000000000000000000000000000000000000000000000000000000000000000
  53 000000000000000000000000000000000000000000000000000000000000000000000000000000000000000000000000
  54 000000000000000000000000000000000000000000000000000000000000000000000000000000000000000000000000
  55 000000000000000000000000000000000000000000000000000000000000000000000000000000000000000000000000
  56 000000000000000000000000000000000000000000000000000000000000000000000000000000000000000000000000
  57 000000000000000000000000000000001110000000000000000001110000000000000000000000000000000000000000
  58 000000000000000000000000000000000000000000000000000000000000000000000000000000000000000000000000
  59 000000000000000000000000000000000000000000000000000000000000000000000000000000000000000000000000
  60 000000000000000000000000000000000000000000000000000000000000000000000000000000000000000000000000
  61 000000000000000000000000000000000000000000000000000000000000000000000000000000000000000000000000
  62 000000000000000000000000000000000000000000000000000000000000000000000000000000000000000000000000
  63 000000000000000000000000000000000000000000000000000000000000000000000000000000000000000000000000
  64 0000000000000000                00000000000000000000001100000000                0000000000000000
  65 0000000000000000                00000000000000000000000000000000                0000000000000000
  66 0000000000000000                00000000000000000000000000000000                0000000000000000
  67 0000000000000000                00000000000000000000000000000000                0000000000000000
  68 0000000000000000                00000000000000000000000000000000                0000000000000000
  69 0000000000000000                00000000000000000000000000000000                0000000000000000
  70 0000000000000000                00000000000000000000000000000000                0000000000000000
  71 0000000000000000                00000000000000000000000000000000                0000000000000000
  72 0000000000000000                00000000000000000000000000000000                0000000000000000
  73 0000000000000000                00000000000000000000000000000000                0000000000000000
  74 0000000000000000                00000000000000000000000000000000                0000000000000000
  75 0000000000000000                00000000000000000000000000000000                0000000000000000
  76 0000000000000000                00000000000000000000000000000000                0000000000000000
  77 0000000000000000                00000000000000000000000000000000                0000000000000000
  78 0000000000000000                00000000000000000000000000000000                0000000000000000
  79 0000000000000000                00000000000000000000000000000000                0000000000000000
  80 0000000000000000                00000000000000000000000000000000                0000000000000000
  81 0000000000000000                00000000000000000000000000000000                0000000000000000
  82 0000000000000000                00000000000000000000000000000000                0000000000000000
  83 0000000000000000                00000000000000000000000000000000                0000000000000000
  84 0000000000000000                0000000000000000000000000000                    0000000000000000
  85 0000000000000000                0000000000000000000000000000                    0000000000000000
  86 0000000000000000                0000000000000000000000000000                    0000000000000000
  87 0000000000000000                0000000000000000000000000000                    0000000000000000
  88 0000000000000000                0000000000000000000000000000                    0000000000000000
  89 0000000000000000                0000000000000000000000000000                    0000000000000000
  90 0000000000000000                0000000000000000000000000000                    0000000000000000
  91 0000000000000000                0000000000000000000000000000                    0000000000000000
  92                                 0000000000000000000000000000                                    
  93                                 0000000000000000000000000000                                    
  94                                 0000000000000000000000000000                                    
  95                                 0000000000000000000000000000                                    
  96                                 0000000000000000000000000000                                    
  97                                 0000000000000000000000000000                                    
  98                                 0000000000000000000000000000                                    
  99                                 0000000000000000000000000000                                    
 100                                 0000000000000000000000000000                                    
 101                                 0000000000000000000000000000                                    
 102                                 0000000000000000000000000000                                    
 103                                 0000000000000000000000000000                                    
seats 170; refused 4113 DR-KEEP, 2588 DR-SITE, 2352 DR-PASS, 2341 DR-CLAIM
