CLAIMS  1 char = 1 block  x -46..45 across, z -106..105 down
KEY  0 free  1 water  2 paving  3 structure  4 tree  5 boulder  6 flora  7 spawn keep-out  8 door approach  9 goal clearance  a wool-room keep-out  b structure keep-out  space void
          -4        -3        -2        -1         0         1         2         3         4     
     65432109876543210987654321098765432109876543210123456789012345678901234567890123456789012345
-106                     00000000000000000000000000000000000000000000                            
-105        00000000000000000000000000000000000000000000000000000000000000000000000000000        
-104   0000000000000000000000000000000000000000000000000000000000000000000000000000000000000000  
-103   0000000000000000000000000000000000000000000000000000000000000404000000000000000000000000  
-102   0000000000400000000000000000000000777777777777777777777000004444400000000400000000000000  
-101   0000000440440000000000000000000000777777777777777777777000000444000000444400000000000000  
-100   0000000044040400000000000000000000777777777777777777777000000444440004404440000000000000  
 -99   0000040444444400000000000000000000777777777777777777777000004444440000444444000000000000  
 -98   0440444444444440000000000000000000777777777777777777777000044444044044444044000000000000  
 -97   0444404404444400000000000000000000777777777777777777777000004004440444444440400000000000  
 -96   4444444444044000000000000000000000777777777777777777777000000000044404444444440000000000  
 -95   44444444444400000000000004000000007777777bbbbbb77777777000000000444444444444000000000000  
 -94   04444404404000000000004444000000007777777bbbbbb77777777000000000444404440440000000000000  
 -93   44444444040000000000044044400000007777777bbbbbb77777777000000000004044444440000000000000  
 -92   40044444400000000000004444440000007777777bbbbbb77777777000000000000444444000000000000000  
 -91   00004444044000000440444440440000007777777bbbbbb77777777000000000000044044440000000000000  
 -90   00044444440000044404444444404000007777777bbbbbb77777777000000000000444444400000000000000  
 -89   0000455550000000044404444444440000777777777777777777777000000000000040400000000000000000  
 -88   0000455555400000444444444444000000777777777777777777777000000000000000400000000000400000  
 -87   0004455555500000444404440440000000777777777777777777777000000000000000000000000440440000  
 -86   0000055555500000004044444440000000777777777227777777777000000000000000000000000044040400  
 -85   0000005555000000400444444000000000777777772222777777777000000000000000000000040444444400  
 -84   0000000000000404440044044440000000777777722222777777777000000000000000000440444444444440  
 -83   0000000000004444400444444400000000777777222227777777777000000000000000040444404404444400  
 -82   0000000000004444440040400000000000777772222277777777777000000000000000444444440444044000  
 -81   0000000004044404444000400000000000000022222888888880000000000000000000004444444444440000  
 -80   0000000444404444440000000000000000000222228888888880000000000000000000000444440440400000  
 -79   0000000040444444444000000000000000002222288888888880000000000000000000044444444404000000  
 -78   0000004444444444440000000000000000022222888888888880000000000000000000004004444440000000  
 -77  000000444444444444040000000000000022222288888888888800000000000000000000000004444044000000 
 -76  0000000440444044444000000000000002222228888888888888000000000000000000bbbbbb44444440000000 
 -75  000000004044044444440000000000002222220888888888888800000000000000333333333333322220000000 
 -74  000000000400044444440000000000022222200888888888888800000000000000333333333333222222000000 
 -73  000000000000444444444000000000222222000888888888888800000000000000333333333333222222000000 
 -72  000000000000044404440000000000222220000888888888888800000000000000333333333333222222000000 
 -71 0000000000000004444400000000002222200000888888888888800000000000000333333333333222222000000 
 -70 00002222000000004404000000000222220000008888888888888000000040000003333333333333222200000000
 -69 00022222200000000400000000000222200000008888888888888000040444000003333333333333000000000000
 -68 00222222220000000000000000002222200000008888888888888000444440000003333333333333000000000000
 -67 00222222220000000000000000002222000000008888888888888000444444000003333333333333000000000000
 -66 0022222222000000000000000002222200000000888888888888840444044440000333333333333300000000000 
 -65  022222222000000000000000002222000000000000000000004444044444400000333333333323300000000000 
 -64  002222220000000000000000022222000000000000000000000404444444440000333333332222200000400000 
 -63  000222200000000000000000022220000000000000000000044444444444400000000000002222200000440000 
 -62  000000000000000000000000022220000000000000000000444444444444040000000000002222220004444000 
 -61  000040400000000000000999922229999999999999000000044044404444400000000000002222200444444440 
 -60  000444440000000000000999922229999999999999000000004044044444440000000000002222200444444400 
 -59   0004440000000000000099992222999999999999900000000040004444444000000000000000000044444400  
 -58   0004444400000000000099999222299999999999900000000000044444444400000000000000000004044400  
 -57   0044444400220000000099999222299999999999900000000000004440444000000000000000000000444000  
 -56      444000222220000009999922229999999999990000000000004044444000000000000000000000004      
 -55              22220000099999222299999999999900000000000044044040000000000000000              
 -54               2220000099999222229999999999900000000000444404000000000000022000              
 -53               2220000099999922229999999999900000000044444444000000000000222220              
 -52               2220000099999922222999999999900000000044444440000000000002222220              
 -51               2220000099999992222999999999900000000044444400000000000002222220              
 -50               2200000099999992222299999999900000000004044400000000000002222220              
 -49               0000000099999999222229999999900000000000444000000000000000222200              
 -48               0000000099999999222222999999900000000000040000000000000000000000              
 -47               0000000099999999922222999999900000000000000000000000000000000000              
 -46               0000000099999999992222299999900000000000000000000000000000000000              
 -45               0000000099999999999222229999900000000000000000000000000000000000              
 -44           00000000000099999999999922222999900000000000000000000000000000000000              
 -43         00000000000000999999999999922222999000000000000000000000000000020000000             
 -42        0000000022200009999999999999922222990000000000000000000000000022222000000            
 -41       000000022222200099999999999999922222900000000000000000000000000222220000000           
 -40   0000000000022222220055000000000000002222200000000000000000000000000222222005555500000000  
 -39   0000000000222222220555500000000000000222220000000000000000000000000222220005555500000000  
 -38   0000000000222222225555500000000000000022222000000000000000000000000222220055555500000000  
 -37   0000000000022222225555550000000000000002222200000000000000000000000000000005555500000000  
 -36   0000000000022222225555500000000000000000222220000000000000000000000000000000555500000000  
 -35   0000000000002222200555500000000000000000022220000000000000000000000000000000000000000000  
 -34   0000000000000000000050000000000000000000022222000000000000000000000000000000000000000000  
 -33   0000000000000000000000000000000000000000002222000000000000000000000000000000000000000000  
 -32   0000000000000000000000000000000000000000002222000000000000000000000000000000000000000000  
 -31   0000000000000000000000000000000000000000002222000000000000000000000000000000000000000000  
 -30   00000000000000 00000000000000000000000000022220000000000000000000000000  000000000000000  
 -29   000000000000    000000000000000000000bbbbbbbbbbbbbb0000000000000000000      000000000000  
 -28   00000000000      00000000000000000000bbbbbbbbbbbbbb000000000000000000          000000000  
 -27   000000000         0000000000000000000bbbbbbbbbbbbbb00000000000000000              000000  
 -26   0000               00000000000000000bbbbbbbbbbbbbbb0000000000000000                   00  
 -25                       000000000000bbbbbbbbbbbbbbbbbbbb000000000000000                       
 -24                                   bbbbbbbbbbbbbbbbbbbbbbbb                                  
 -23                                   bbbbbbbbbbbbbbbbbbbbbbbb                                  
 -22                                   bbbbbbbbbbbbbbbbbbbbbbbb                                  
 -21                                   bbbbbbbbbbbbbbbbbbbbbbbb                                  
 -20                                   bbbbbbbbbbbbbbbbbbbbbbbb                                  
 -19                                    bbbbbbbbbbbbbbbbbbbbbb                                   
 -18                                    bbbbbbbbbbbbbbbbbbbbbb                                   
 -17                                    bbbbbbbbbbbbbbbbbbbbbb                                   
 -16                                    bbbbbbbbbbbbbbbbbbbbbb                                   
 -15                                    bbbbbbbbbbbbbbbbbbbbbb                                   
 -14                                    bbbbbbbbbbbbbbbbbbbbbb                                   
 -13                                        bbbbbbbbbbb                                          
 -12                                                                                             
 -11                                                                                             
 -10                                                                                             
  -9                                                                                             
  -8                                                                                             
  -7                                                                                             
  -6                                                                                             
  -5                                                                                             
  -4                                                                                             
  -3                                                                                             
  -2                                                                                             
  -1                                                                                             
   0                                                                                             
   1                                                                                             
   2                                                                                             
   3                                                                                             
   4                                                                                             
   5                                                                                             
   6                                                                                             
   7                                                                                             
   8                                                                                             
   9                                                                                             
  10                                                                                             
  11                                                                                             
  12                                          bbbbbbbbbbb                                        
  13                                    bbbbbbbbbbbbbbbbbbbbbb                                   
  14                                    bbbbbbbbbbbbbbbbbbbbbb                                   
  15                                    bbbbbbbbbbbbbbbbbbbbbb                                   
  16                                    bbbbbbbbbbbbbbbbbbbbbb                                   
  17                                    bbbbbbbbbbbbbbbbbbbbbb                                   
  18                                   bbbbbbbbbbbbbbbbbbbbbbb                                   
  19                                   bbbbbbbbbbbbbbbbbbbbbbbb                                  
  20                                   bbbbbbbbbbbbbbbbbbbbbbbb                                  
  21                                   bbbbbbbbbbbbbbbbbbbbbbbb                                  
  22                                   bbbbbbbbbbbbbbbbbbbbbbbb                                  
  23                                   bbbbbbbbbbbbbbbbbbbbbbbb                                  
  24                        00000000000000bbbbbbbbbbbbbbbbbbbbb000000000000                      
  25   00                  00000000000000000bbbbbbbbbbbbbbb0000000000000000                0000  
  26   000000             000000000000000000bbbbbbbbbbbbbb000000000000000000          000000000  
  27   000000000         0000000000000000000bbbbbbbbbbbbbb0000000000000000000       00000000000  
  28   000000000000     00000000000000000000bbbbbbbbbbbbbb00000000000000000000     000000000000  
  29   000000000000000 00000000000000000000000000222200000000000000000000000000  00000000000000  
  30   0000000000000000000000000000000000000000002222000000000000000000000000000000000000000000  
  31   0000000000000000000000000000000000000000002222000000000000000000000000000000000000000000  
  32   0000000000000000000000000000000000000000002222000000000000000000000000000000000000000000  
  33   0000000000000000000000000000000000000000002222200000000000000000000500000000000000000000  
  34   0000000000000000000000000000000000000000000222200000000000000000055550022222000000000000  
  35   0000000055550000000000000000000000000000000222220000000000000000055555222222200000000000  
  36   0000000055555000000000000000000000000000000022222000000000000000555555222222200000000000  
  37   0000000055555500222220000000000000000000000002222200000000000000055555222222220000000000  
  38   0000000055555000222220000000000000000000000000222220000000000000055550222222220000000000  
  39   0000000055555002222220000000000000000000000000022222000000000000005500222222200000000000  
  40            00000002222200000000000000000000000000922222999999999999999000222222000000       
  41             0000002222200000000000000000000000000992222299999999999999000022200000000       
  42              00000002000000000000000000000000000099922222999999999999900000000000000        
  43               0000000000000000000000000000000000099992222299999999999900000000000           
  44               0000000000000000000000000000000000099999222229999999999900000000              
  45               0000000000000000000000000000000000099999922222999999999900000000              
  46               0000000000000000000000000000000000099999992222299999999900000000              
  47               0000000000000000000000400000000000099999992222229999999900000000              
  48               0022220000000000000004440000000000099999999222229999999900000000              
  49               0222222000000000000044404000000000099999999922222999999900000022              
  50               0222222000000000000044444400000000099999999992222999999900000222              
  51               0222222000000000000444444400000000099999999992222299999900000222              
  52               0222220000000000004444444400000000099999999999222299999900000222              
  53               0002200000000000004044440000000000099999999999222229999900000222              
  54               00000000000000004044044000000000000999999999999222299999000002222             
  55       400000000000000000000000444440400000000000099999999999922229999900000022222000444     
  56   0004440000000000000000000004440444000000000000099999999999922229999900000000220044444400  
  57   0044404000000000000000000044444444400000000000099999999999922229999900000000000044444000  
  58   0044444400000000000000000004444444000400000000099999999999992222999900000000000000444000  
  59  004444444002222200000000000044444440440400000000999999999999922229999000000000000044444000 
  60  044444444002222200000000000004444404440440000000999999999999922229999000000000000004040000 
  61  000444400022222200000000000040444444444444000000000000000000022220000000000000000000000000 
  62  000044000002222200000000000004444444444440000000000000000000022220000000000000000002222000 
  63  000004000002222233333333000044444444404000000000000000000000222220000000000000000022222200 
  64  000000000003323333333333000004444440444400000000000000000000222200000000000000000222222220 
  65  0000000000033333333333330000444404440400000000000000000000022222000000000000000002222222200
  66 00000000000033333333333330000044444400008888888888888000000022220000000000000000002222222200
  67 00000000000033333333333330000004444400008888888888888000000222220000000000000000002222222200
  68 00000000000033333333333330000044404000008888888888888000000222200000000000400000000222222000
  69 00000000222233333333333330000004000000008888888888888000002222200000000040440000000022220000
  70  0000002222223333333333330000000000000008888888888888000022222000000000044444000000000000000
  71  000000222222333333333333000000000000000888888888888800022222000000000044404440000000000000 
  72  000000222222333333333333000000000000000888888888888800222222000000000444444444000000000000 
  73  000000222222333333333333000000000000000888888888888802222220000000000044444440004000000000 
  74  000000022223333333333333000000000000000888888888888822222200000000000044444440440400000000 
  75  000000044444440bbbbbb000000000000000000888888888888222222000000000000004444404440440000000 
  76  000000440444400000000000000000000000000888888888882222220000000000000040444444444444000000 
  77   0000000444444004000000000000000000000088888888882222200000000000000000444444444444000000  
  78   0000004044444444400000000000000000000088888888822222000000000000000004444444440400000000  
  79   0000040440444440000000000000000000000088888888222220000000000000000000444444044440000000  
  80   0000444444444444000000000000000000000088888882222280000000000000040004444044404000000000  
  81   0004404440444444440000000000000000000088888822222880000000000000040400444444000000000000  
  82   0044444044044440400000000000000000777777777222227777777000000044444440044444000000000000  
  83   0444444444440440000000000000000000777777772222277777777000000444404400444040000000000000  
  84   0044444440400000000000000000000000777777772222777777777000000004444440040000005555000000  
  85   0040404400000000000000000000000000777777777227777777777000000444444404000000055555500000  
  86   0000440440000000000000000000000000777777777777777777777000000440444044440000055555544000  
  87   0000040000000000040000000000000000777777777777777777777000004444444444440000045555540000  
  88   0000000000000000040400000000000000777777777777777777777000444444444044400000000555540000  
  89   00000000000000444444400000000000007777777bbbbbb77777777000040444444440444000004444444000  
  90   00000000000004444044000000000000007777777bbbbbb77777777000004404444404400000044044440000  
  91   00000000000000044444400000000000007777777bbbbbb77777777000004444440000000000000444444004  
  92   00000000000004444444040000000000007777777bbbbbb77777777000000444044000000000004044444444  
  93   00000000000004404440444400000000007777777bbbbbb77777777000000044440000000000040440444440  
  94   00000000000044444444444400000000007777777bbbbbb77777777000000040000000000000444444444444  
  95   0000000000444444444044400000000000777777777777777777777000000000000000000004404444444444  
  96   0000000000040444444440444004000000777777777777777777777000000000000000000044444044044440  
  97   0000000000004404444404404444400000777777777777777777777000000000000000000444444444440440  
  98   0000000000004444440000444444000000777777777777777777777000000000000000000044444440400000  
  99   0000000000000444044000444440000000777777777777777777777000000000000000000040404400000000  
 100   0000000000000044440000004440000000777777777777777777777000000000000000000000440440000000  
 101   0000000000000040000000044444000000777777777777777777777000000000000000000000040000000000  
 102   0000000000000000000000004040000000777777777777777777777000000000000000000000000000000000  
 103   0000000000000000000000000000000000000000000000000000000000000000000000000000000000000000  
 104         00000000000000000000000000000000000000000000000000000000000000000000000000000       
 105                             00000000000000000000000000000000000000000000                    
decline OB19 building 'shelter-w' stands on (-24, -61), inside a goal's clearance
decline DR-SITE boulder 'rock-0' has no ground at (-34, -50)
decline DR-CLAIM boulder 'rock-2' rests on (27, -53), claimed by the paving 'bed-e'
decline DR-KEEP tree 'thorn-4' rests on (-6, -70), which is kept clear as the approach in front of a door
decline DR-ROAD tree 'thorn-8' rests on (-34, -33), nearer than 3 blocks to the road at (-32, -35)
placed 38, declined 5
