CLAIMS  1 char = 1 block  x -120..119 across, z -72..71 down
KEY  0 free  1 water  2 paving  3 structure  4 tree  5 boulder  6 flora  7 spawn keep-out  8 door approach  9 goal clearance  a wool-room keep-out  b structure keep-out  space void
     2        -1        -0        -9        -8        -7        -6        -5        -4        -3        -2        -1         0         1         2         3         4         5         6         7         8         9         0         1         
     098765432109876543210987654321098765432109876543210987654321098765432109876543210987654321098765432109876543210987654321012345678901234567890123456789012345678901234567890123456789012345678901234567890123456789012345678901234567890123456789
 -72                                                                                                                                                                                                     aaaaaaaaaaaaaaaaaaaa                        
 -71                                                                                                                                                                                                     aaaaaaaaaaaaaaaaaaaa                        
 -70                                                                                                                                                                                                     aaaaaaaaa22aaaaaaaaa                        
 -69                                                                                                                                                                                                     aaaaaaaa222aaaaaaaaa                        
 -68                                                                                                                                                                                                     aaaaaaaaa222aaaaaaaa                        
 -67                                                                                                                                                                                                     aaaaaaaa22aaaaaaaaaa                        
 -66                                                                                                                                                                                                     aaaaaaaa2222aaaaaaaa                        
 -65                                                                                                                                                                                                     aaaaaaaa222aaaaaaaaa                        
 -64                                                                                                                                                                                                     aaaaaaaa2aaaaaaaaaaa                        
 -63                                                                                                                                                                                                     aaaaaaab22b2baaaaaaa                        
 -62                                                                                                                                                                                                     aaaaaaab2b2bbaaaaaaa                        
 -61                                                                                                                                                                                                     aaaaaaab2bb2baaaaaaa                        
 -60                                                                                                                                                                                                     aaaaaaab2bb2baaaaaaa                        
 -59                                                                                                                                                                                                     aaaaaaab222bbaaaaaaa                        
 -58                                                                                                                                                                                                     aaaaaaab222bbaaaaaaa                        
 -57                                                                                                                                                                                                     aaaaaaaa2222aaaaaaaa                        
 -56                                                                                                                                                                                                     aaaaaaaa2a2aaaaaaaaa                        
 -55                                                                                                                                                                                                     aaaaaaaa2222aaaaaaaa                        
 -54                                                                                                                                                                                                     aaaaaaaa2222aaaaaaaa                        
 -53                                                                                                                                                                                                     aaaaaaaa2aaaaaaaaaaa                        
 -52                                                                                                                                                                                                     aaaaaaaa222aaaaaaaaa                        
 -51                                                                                                                                                                                                     bbbbbbbbbbbbbbbbbbbb                        
 -50                                                                                                                                                                                                     bbbbbbbbbbbbbbbbbbbb                        
 -49                                                                                                                                                                                                     bbbbbbbbbbbbbbbbbbbb                        
 -48                                                                                                                                                                                                     bbbbbbbbbbbbbbbbbbbb                        
 -47                                                                                                                                                                                                     bbbbbbbbbbbbbbbbbbbb                        
 -46                                                                                                                                                                                                     aaaaaaaaa222aaaaaaaa                        
 -45                                                                                                                                                                                                     00888888282288888880                        
 -44                                                                                                                                                                                                     00888888228288888880                        
 -43                                                                                                                                                                                                     00888888282288888880                        
 -42                                                                                                                                                                                                     00888888222288888880                        
 -41                                                                                                                                                                                                     00888888822288888880                        
 -40                                                                                                                                                                                                     00888888222288888880                        
 -39                                                                                                                                                                                                     00000000002200000000                        
 -38                                                                                                                                                                                                     00000000222200000000                        
 -37                                                                                                                                                                                                     00000000222200000000                        
 -36                                                                                                                                                                                                     00000000022200000000                        
 -35                                                                                                                                                                                                     bbbbbbbb22b2bbbbbbbb                        
 -34                                                                                                                                                                                                     bbbbbbbbb222bbbbbbbb                        
 -33                                                                                                                                                                                                     bbbbbbbbbbbbbbbbbbbb                        
 -32                     000000000000000000000000000000000000000000000000000000000000000000000000000000000000                                0000000000000000000000000000000000000000000000000000000000bbbbbbbbbbbbbbbbbbbbbbbbb0                    
 -31                     000000000000600000000000000000000000000000000000000000000000000000000000000000000000                                0000000000000000000000000000000000000000000066600000000000bbbbbbbbbbbbbbbbbbbbbbbbb0                    
 -30                     000000000000000000000000000000000000000000000000000000000000000000000000000000666000                                0000000000000000000000000000000000000000000666600000000000bbbbbbbbbbbbbbbbbbbbbbbbb0                    
 -29                     000000000000000000000000000060000000000000000000000000000000000000000000000666660000                                0000000000000000000000000000000000000000000066600000000000bbbbbbbbbbbbbbbbbbbbbbbbb0                    
 -28                     000000000000000000000000000660006000000000000000000000000000000000000000000666660000                                000000000000000000000000000000000000000000000000000000000000000000000000000000000000                    
 -27                     000000000000000000000000000666566000000000000000000000000000000000000000000666660000                                000000000000000000000000000000000000000000000660000000000000000000000000000000000000                    
 -26                     000000000000000000000000000055555000600000000000000000000000000000000000006666066000                                000000000000000000000000000000000000000000006666000000000000000000000000000000000000                    
 -25                     000000000000000000000000000555555506600000000000000000000000044440000000066600666000                                000000000000000060000000000000000000000000000666600000000000000000000000000000000000                    
 -24                     000000000000000000000000000555555500600000000000000000000000444444000066666000660000                                000000000000044444000000000000000000000000000666600000000000000000000000000000000000                    
 -23                     000000000000000000000000000555555000000000000000000000000000444444400060000000000000                                000000000000044444000000000000000000000000000666000000000000000000000000000000000000                    
 -22                     000000000000000000000000000055555000000000000000000000000000444444400000000000000000                                000000005000444444400000000000000000000000000000000000000000000000000000000000000000                    
 -21                     000000000000000000000000000000500000000000000000000000000000444444400000000500000000                                000000555550444444400000000000000000000000000000000000000000000000000000000000000000                    
 -20                     000000000000000000000000000000000000000000000000000000000000044444000000055555000000                                000666555555444444400000000000000000000000000000000000000000000000000000000000000000                    
 -19                     000000000000000000000000000000000000000000000000000000000000044444000000555555500000                                000665555555044444400000000000000000000000000000000000000000000000000000000000000000                    
 -18                     000000000000000000000000000000000000000000000000000000000000000000000000555555500000                                000005555555004444000000000000000000000000000000000000000000000000000000000000000077                    
 -17                     000000000000000000000000000000000000000000000000000000000000000000000000555555000000                                060000555550000000000000000000000000000000000000000000000000000000000000000000000077                    
 -16                     000000000000000000000000000000000000000000000000000000000000000066000000055555000000                                00000000500000000000000000000000000000000000000000000000000000000000000000000000607777777777777777777777
 -15                     000000000000000000000000000000000000000000000000000000000000000000000000000500000000                                00000000000000000000000000000000000000000000000000000000000000000000000000000000007777777777777777777777
 -14                     777000000000000000000000000000000000000000000000000000000000000000000000000000000000                                00000000000000000000000000000000000000000000000000000000000000000000000000000000007777777777777777777777
 -13                     777000000000000000000000000000000000000000000000000000000000000000000000000000000000                                0000000000000000000000000000000000000000000000000000000000000000000000000000000000777aaaaa77777777777777
 -12 77777777777777777777777000000000000000000000000000000000000000000000000000000000000000000000000000000000                                0000000000000000000000000000000000000000000000000666600000000000008888888888888888777aaaaa77777777777777
 -11 77777777777777777777777000000000000000000000000000000000000000000000000000000000000000000000000000000000                                0000000000000000000000000000000000099999999999999969999900000000008888888888888888777aaaaa77777777777777
 -10 77777777777777777777777000000000000000000000000099999999999999999999900000000000000000000000000000000000                                0000000000000000000000000000000000099999999999999999999900000000008888888888888888777aaaaa77777777777777
  -9 77777777777777aaaaa7777000000000000000006000000099999999999999999999900000000000000000000000000000000000                                0000000000000000000000000000000000099999999999999999999900000000008888888888888888777aaaaa77777777777777
  -8 77777777777777aaaaa7777888888888888888806660000099999999999999999999900000000000000000000000000000000000                                00000000000000000000000000000000000999999999999999999999000000000088888888888888887777777777777777777777
  -7 77777777777777aaaaa7777888888888888888806000000099999999999999999999900000000000000000000000000000000000                                00000000000000000000000000000000000999999999999999999999000000000088888888888888887777777777777777777777
  -6 77777777777777aaaaa7777888888888888888800000000099999999999999999999900000000000000000000000000000000000                                00000000000000000000000000000000000999996999999999999999000000000088888888888888887777777777777777777777
  -5 77777777777777aaaaa7777888888888888888800000000099999999999999999999900000000000000000000000000000000000                                0000000000000000000000000000000000099966699999999999996600000000008888888888888888777777777bbbbbb7777777
  -4 77777777777777777777777888888888888888800000000099999999999999999999900000000000000000000000000000000000                                00000000000000000000000000000000000996666999999999999966660000000088888888888888882222222222222bb7777777
  -3 77777777777777777777777888888888888888800000000099999999999999999999900000000000000000000000000000000000                                000000000000000000000000000000000009966666999999999996666622222222222222222222222222222222222bb2b7777777
  -2 77777777777777777777777888888888888888800000002222222222222999999999900000000000000000000000000000000000                                000000000000000000000000000000000009966666999222222222222222222222222222222222222222222222222bb2b7777777
  -1 7777777bbbbbb7777777772222222222222222222222222222222222222299999999900000000000000000000000000000000000                                00000000000000000000000000000000000999666699222222222222222222222222222222222222222222222222222bb7777777
   0 7777777bb22222222222222222222222222222222222222222222222222299666699900000000000000000000000000000000000                                0000000000000000000000000000000000099999999922222222222222222222222222222222222222777777777bbbbbb7777777
   1 7777777b2bb222222222222222222222222222222222222222222222222999666669900000000000000000000000000000000000                                00000000000000000000000000000000000999999999922222222222220000000088888888888888887777777777777777777777
   2 7777777b2bb222222222222222222222222222222222226666699999999999666669900000000000000000000000000000000000                                00000000000000000000000000000000000999999999999999999999000000000088888888888888887777777777777777777777
   3 7777777bb22222222222227888888888888888800000006666999999999999966669900000000000000000000000000000000000                                00000000000000000000000000000000000999999999999999999999000000000088888888888888887777777777777777777777
   4 7777777bbbbbb7777777777888888888888888800000000066999999999999966699900000000000000000000000000000000000                                00000000000000000000000000000000000999999999999999999999000000000088888888888888887777777777777777777777
   5 77777777777777777777777888888888888888800000000099999999999999969999900000000000000000000000000000000000                                00000000000000000000000000000000000999999999999999999999000000000088888888888888887777777777777777777777
   6 77777777777777777777777888888888888888800000000099999999999999999999900000000000000000000000000000000000                                00000000000000000000000000000000000999999999999999999999000000060088888888888888887777777777777777777777
   7 77777777777777777777777888888888888888800000000099999999999999999999900000000000000000000000000000000000                                00000000000000000000000000000000000999999999999999999999000006660088888888888888887777777777777777777777
   8 77777777777777777777777888888888888888800000000099999999999999999999900000000000000000000000000000000000                                00000000000000000000000000000000000999999999999999999999000000060088888888888888887777777777777777777777
   9 77777777777777777777777888888888888888800000000099999999999999999999900000000000000000000000000000000000                                00000000000000000000000000000000000999999999999999999999000000000000000000000000067777777777777777777777
  10 77777777777777777777777888888888888888800000000099999699999999999999900000000000000000000000000000000000                                00000000000000000000000000000000000000000000000000000000000000000000000000000000007777777777777777777777
  11 77777777777777777777777888888888888888800000000000066660000000000000000000000000000000000000000000000000                                00000000000000000000000000000000000000000000000000000000000000000000000000000000007777777777777777777777
  12 77777777777777777777777888888888888888800000000000000000000000000000000000000000000000000000000000000000                                000000000000000000000000000000000000000000000000000000000000000000000000000000000077                    
  13 77777777777777777777777000000000000000000000000000000000000000000000000000000000000000000000000000000000                                000000000000000000000000000000000000000000000000000000000000000000000000000000000077                    
  14 77777777777777777777777000000000000000000000000000000000000000000000000000000000000000000000000000000000                                000000005000000000000000000000000000000000000000000000000000000000000000000000000077                    
  15 77777777777777777777777600000000000000000000000000000000000000000000000000000000000000000000000500000000                                000000555550000000660000000000000000000000000000000000000000000000000000000000000000                    
  16                     777000000000000000000000000000000000000000000000000000000000000000000000055555000060                                000000555555000000000000000000000000000000000000000000000000000000000000000000000000                    
  17                     777000000000000000000000000000000000000000000000000000000000000000444400555555500000                                000005555555000000000000000000000000000000000000000000000000000000000000000000000000                    
  18                     777000000000000000000000000000000000000000000000000000000000000004444440555555566000                                000005555555000000444440000000000000000000000000000000000000000000000000000000000000                    
  19                     000000000000000000000000000000000000000000000000000000000000000004444444555555666000                                000000555550000000444440000000000000000000000000000000000000000000000000000000000000                    
  20                     000000000000000000000000000000000000000000000000000000000000000004444444055555000000                                000000005000000004444444000000000000000000000000000005000000000000000000000000000000                    
  21                     000000000000000000000000000000000000000000000000000000000000000004444444000500000000                                000000000000000004444444000000000000000000000000000555550000000000000000000000000000                    
  22                     000000000000000000000000000000000000666000000000000000000000000000444440000000000000                                000000000000060004444444000000000000000000000000000555555000000000000000000000000000                    
  23                     000000000000000000000000000000000006666000000000000000000000000000444440000000000000                                000066000666660000444444000000000000000000000006005555555000000000000000000000000000                    
  24                     000000000000000000000000000000000006666000000000000000000000000000060000000000000000                                000666006660000000044440000000000000000000000006605555555000000000000000000000000000                    
  25                     000000000000000000000000000000000000666600000000000000000000000000000000000000000000                                000660666600000000000000000000000000000000000006000555550000000000000000000000000000                    
  26                     000000000000000000000000000000000000066000000000000000000000000000000000000000000000                                000066666000000000000000000000000000000000000000000665666000000000000000000000000000                    
  27                     000000000000000000000000000000000000000000000000000000000000000000000000000000000000                                000066666000000000000000000000000000000000000000000600066000000000000000000000000000                    
  28                     000000000000000000000000000000000000066600000000000000000000000000000000000000000000                                000066666000000000000000000000000000000000000000000000060000000000000000000000000000                    
  29                     00bbbbbbbbbbbbbbbbbbbbbbbbb000000000066660000000000000000000000000000000000000000000                                000666000000000000000000000000000000000000000000000000000000000000000000000000000000                    
  30                     00bbbbbbbbbbbbbbbbbbbbbbbbb000000000066600000000000000000000000000000000000000000000                                000000000000000000000000000000000000000000000000000000000000000000000006000000000000                    
  31                     00bbbbbbbbbbbbbbbbbbbbbbbbb000000000000000000000000000000000000000000000000000000000                                000000000000000000000000000000000000000000000000000000000000000000000000000000000000                    
  32                         bbbbbbbbbbbbbbbbbbbb                                                                                                                                                                                                    
  33                         bbbbbbbb222bbbbbbbbb                                                                                                                                                                                                    
  34                         bbbbbbbb2b22bbbbbbbb                                                                                                                                                                                                    
  35                         bbbbbbbbbbbbbbbbbbbb                                                                                                                                                                                                    
  36                         00000000222200000000                                                                                                                                                                                                    
  37                         00000000222200000000                                                                                                                                                                                                    
  38                         00000000220000000000                                                                                                                                                                                                    
  39                         00000000222200000000                                                                                                                                                                                                    
  40                         00888888222888888880                                                                                                                                                                                                    
  41                         00888888222288888880                                                                                                                                                                                                    
  42                         00888888228288888880                                                                                                                                                                                                    
  43                         00888888282288888880                                                                                                                                                                                                    
  44                         00888888228288888880                                                                                                                                                                                                    
  45                         00888888222888888880                                                                                                                                                                                                    
  46                         bbbbbbbbbbbbbbbbbbbb                                                                                                                                                                                                    
  47                         bbbbbbbbbbbbbbbbbbbb                                                                                                                                                                                                    
  48                         bbbbbbbbbbbbbbbbbbbb                                                                                                                                                                                                    
  49                         bbbbbbbbbbbbbbbbbbbb                                                                                                                                                                                                    
  50                         bbbbbbbbbbbbbbbbbbbb                                                                                                                                                                                                    
  51                         aaaaaaaaa222aaaaaaaa                                                                                                                                                                                                    
  52                         aaaaaaaaaaa2aaaaaaaa                                                                                                                                                                                                    
  53                         aaaaaaaa2222aaaaaaaa                                                                                                                                                                                                    
  54                         aaaaaaaa2222aaaaaaaa                                                                                                                                                                                                    
  55                         aaaaaaaaa2a2aaaaaaaa                                                                                                                                                                                                    
  56                         aaaaaaaa2222aaaaaaaa                                                                                                                                                                                                    
  57                         aaaaaaabb222baaaaaaa                                                                                                                                                                                                    
  58                         aaaaaaabb222baaaaaaa                                                                                                                                                                                                    
  59                         aaaaaaab2bb2baaaaaaa                                                                                                                                                                                                    
  60                         aaaaaaab2bb2baaaaaaa                                                                                                                                                                                                    
  61                         aaaaaaabb2b2baaaaaaa                                                                                                                                                                                                    
  62                         aaaaaaab2b22baaaaaaa                                                                                                                                                                                                    
  63                         aaaaaaaaaaa2aaaaaaaa                                                                                                                                                                                                    
  64                         aaaaaaaaa222aaaaaaaa                                                                                                                                                                                                    
  65                         aaaaaaaa2222aaaaaaaa                                                                                                                                                                                                    
  66                         aaaaaaaaaa22aaaaaaaa                                                                                                                                                                                                    
  67                         aaaaaaaa222aaaaaaaaa                                                                                                                                                                                                    
  68                         aaaaaaaaa222aaaaaaaa                                                                                                                                                                                                    
  69                         aaaaaaaaa22aaaaaaaaa                                                                                                                                                                                                    
  70                         aaaaaaaaaaaaaaaaaaaa                                                                                                                                                                                                    
  71                         aaaaaaaaaaaaaaaaaaaa                                                                                                                                                                                                    
placed 16, declined 0
