CLAIMS  1 char = 1 block  x -42..41 across, z -128..127 down
KEY  0 free  1 water  2 paving  3 structure  4 tree  5 boulder  6 flora  7 spawn keep-out  8 door approach  9 goal clearance  a wool-room keep-out  b structure keep-out  space void
      -4        -3        -2        -1         0         1         2         3         4 
     210987654321098765432109876543210987654321012345678901234567890123456789012345678901
-128                             7777777777777777777777777777                            
-127                             7777777777777777777777777777                            
-126                             7777777777777777777777777777                            
-125                             77777777777bbbbbb77777777777                            
-124                             77777777777bbbbbb77777777777                            
-123                             77777777777bbbbbb77777777777                            
-122                             77777777777bbbbbb77777777777                            
-121                             77777777777bbbbbb77777777777                            
-120                             77777777777bbbbbb77777777777                            
-119                             7777777777777777777777777777                            
-118                             7777777777777777777777777777                            
-117                             7777777777777777777777777777                            
-116 000000000000000000000000007777777777777722227777777777777770000000000000000000000000
-115 000000000000000000000000007777777777777722227777777777777770000000000000000000000000
-114 000000000000000000000000007777777777777222227777777777777770000000000000000000000000
-113 000000000000000000000000000000008888888222228888888880000000000000000000000000000000
-112 000000000000000000000000000000008888888222228888888880000000000000000000000000000000
-111 000000000000000000000000000000008888888222228888888880000000000000000000000000000000
-110 000000000000000000000000000000008888888222228888888880000000000000000000000000000000
-109 000000000000000000000000000000008888882222228888888880000000000000000000000000000000
-108 000000000000000000000000000000008888882222288888888880000000000000000000000000000000
-107 000000000000000000000000000000008888882222288888888880000000000000000000000000000000
-106 000000000000000000000000000000008888882222288888888880000000000000000000000000000000
-105 000000000000000000000000000000008888882222288888888880000000000000000000000000000000
-104 000000000000000000000000000000008888822222888888888880000000000000000000000000000000
-103 000000000400000000000000000000008888822222888888888880000000000000000000000000000000
-102 000040044440000000000000000000008888222222888888888880000000000000000000000000000000
-101 004444444444660000000000000000008888222228888888888880000000000000000000000000000000
-100 044444444444660000000000000000008888222228888888888880000000000000000000000000000000
 -99 044444444446664444000000000000008882222228888888888880000000000000000000000000000000
 -98 004444400000644444000000000000008882222288888888888880000000000000000005550000000000
 -97 004444400000044444444000000000008822222288888888888880000000000000000055555000000000
 -96 000000000000044444444000000000000022222000000000000000000000000000000055555000000000
 -95 000000444400004444444000000000000022222000000000000000000000000000000055555000000000
 -94 000004444400000044444000000000000222220000000000000000000000000000000005550000000000
 -93 000004444440000004440000000000000222220000000000000000000000000000000000000000000000
 -92 000004444400004000000000000000002222220000000000000000000000000000000000000000000000
 -91 066604444004444400000000000000002222200000000000000000000000000000000000000000000000
 -90 066660000004444400000000000000022222200000000000000000000000000000000000000000000000
 -89 006660000044444440000000000000022222000000000000000000000000000000000000000000000000
 -88 000666600044444400000000000000022222000000000000000000000000000000000000000000000000
 -87 000044666664444400000000000000222222000000000000000000000000000000000000000000000000
 -86 000044446666646660000000000000222220000000000000000000000000000000000000000000000000
 -85 000444446666666660000000000000222220000000000000000000000000000000000000000000000000
 -84 000444440000666000000000000002222200000000000000000000000000000000000000000000000000
 -83 000004400044400000000000000002222200000000000000000000000000000000000000000000000000
 -82 000000000444440000000000000002222200000000000000000000000000000000000000000000000000
 -81 000000000444440000000000000022222200000000000000000000000000000000000000000000000000
 -80 000000000444440000000000000022222000000000000000000000000000000000000000000000000000
 -79 000000000044440000000000000022222000000000000000000000000000000000000000000000000000
 -78 000000000000000000000000000022222000000000000000000000000000000000000000000000000000
 -77 000000000000000000009999999922222999999990000000000000000000000000000000000000000000
 -76 000000000000000000009999999922229999999990000000000000000000000000000000005550000000
 -75 000000000000000000009999999922229999999990000000000000000000000000000000055555000000
 -74 000000000000000000009999999999999999999990000000000000000000000000000000055555000000
 -73 000000000000000000009999999999999999999990000000000000000000000000000000055555000000
 -72 000000000000000000009999999999999999999990000000000000000000000000000000005550000000
 -71 000000000000000000009999999999999999999990000000000000000000000000000000000000000000
 -70 000000000000000000009999999999999999999990000000000000000000000000000000000000000000
 -69 000000000000000000009999999999999999999990000000000000000000000000000000000000000000
 -68 000000000000000000009999999999999999999990000000000000000000000000000000000000000000
 -67 000000000000000000009999999999999999999990000000000000000000000000000000000000000000
 -66 000000000000000000009999999999999999999990000000000000000000000000000000000000000000
 -65 000000000000000000009999999999999999999990000000000000000000000000000000000000000000
 -64 000000000000000000009999999999999999999990000000000000000000000000000000000000000000
 -63 000000000000000000009999999999999999999990000000000000000000000000000000000000000000
 -62 000000000000000000009999999999999999999990000000000000000000000000000000000000000000
 -61 000000000000000000009999999999999999999990000000000000000000000000000000000000000000
 -60 111100000000000000009999999999999999999990000000000000000000000000000000000000000000
 -59 111111111000000000009999999999999999999990000000000000000000000000000000000000000000
 -58 111111111111100000009999999999911111111190000000000000000000000000000000000000000000
 -57 111111111111111110009999999911111111111111000000000000000000000000000000000000000000
 -56 111111111111111111111111111111111111111111100000000000000000000000000000000000000000
 -55 111111111111111111111111111111111111111111111000000000000000000000000000000000000000
 -54 111111111111111111111111111111111111111111111100000000000000000000000000000000000000
 -53 111111111111111111111111111111111111111111111110000000000000000000000000000000000000
 -52 111111111111111111111111111111111111111111111111000000000000000000000000000000000000
 -51 111111111111111111111111111111111111111111111111000000000000000000000000000000000000
 -50 111111111111111111111111111111111111111111111111100000000000000000000000000000000000
 -49 111111111111111111111111111111111111111111111111100000000000000000000000000000000000
 -48 111111111111111111111111111111111111111111111111110000000000000000000000000000000000
 -47 111111111111111111111111111111111111111111111111110000000000000000000000000000000000
 -46 111111111111111111111111111111111111111111111111110000000000000000000000000000000000
 -45 111111111111111111111111111111111111111111111111110000000000000000000000000000000000
 -44 111111111111111111111111111111111111111111111111110000000000000000000000000000000000
 -43 111111111111111111111111111111111111111111111111110000000000000000000000000000000000
 -42 111111111111111111111111111111111111111111111111110000000000000000000000000000000000
 -41 111111111111111111111111111111111111111111111111100000000000000000000000000000000000
 -40 111111111111111111111111111111111111111111111111100000000000000000000000000000000000
 -39 111111111111111111111111111111111111111111111111100000000000000000000000000000000000
 -38 111111111111111111111111111111111111111111111111000000000000000000000000000000000000
 -37 111111111111111111111111111111111111111111111111000000000000000000000000000000000000
 -36 111111111111111111111111111111111111111111111110000000000000000000000000000000000000
 -35 111111111111111111111111111111111111111111111100000000000000000000000000000000000000
 -34 111111111111111111111111111111111111111111111000000000000000000000000000000000000000
 -33 111111111111111111111111111111111111111111110000000000000000000000000000000000000000
 -32 111111111111111111111111111111111111111111000000000000000000000000000000000000000000
 -31 000011111111111111111111111111111111111100000000000000000000000000000000000000000000
 -30 000000000011111111111111111111111111000000000000000000000000000000000000000000000000
 -29 000000000000000001111111111111110000000000000000000000000000000000000000000000000000
 -28 000000000000000000000000000000000000000000000000000000000000000000000000000000000000
 -27 000000000000000000000000000000000000000000000000000000000000000000000000000000000000
 -26 000000000000000000000000000000000000000000000000000000000000000000000000000000000000
 -25 000000000000000000000000000000000000000000000000000000000000000000000000000000000000
 -24 000000000000000000000000000000000000000000000000000000000000000000005550000000000000
 -23 000000000000000000000000000000000000000000000000000000000000000000055555000000000000
 -22 000000000000000000000000000000000000000000000000000000000000000000055555000000000000
 -21 000000000000000000000000000000000000000000000000000000000000000000055555000000000000
 -20 000000000000000000000000000000000000000000000000000000000000000000005550000000000000
 -19 000000000000000000000000000000000000000000000000000000000000000000000000000000000000
 -18 000000000000000000000000000000000000000000000000000000000000000000000000000000000000
 -17 000000000000000000000000000000000000000000000000000000000000000000000000000000000000
 -16                                                                                     
 -15                                                                                     
 -14                                                                                     
 -13                                                                                     
 -12                                                                                     
 -11                                                                                     
 -10                                                                                     
  -9                                                                                     
  -8                                                                                     
  -7                                                                                     
  -6                                                                                     
  -5                                                                                     
  -4                                                                                     
  -3                                                                                     
  -2                                                                                     
  -1                                                                                     
   0                                                                                     
   1                                                                                     
   2                                                                                     
   3                                                                                     
   4                                                                                     
   5                                                                                     
   6                                                                                     
   7                                                                                     
   8                                                                                     
   9                                                                                     
  10                                                                                     
  11                                                                                     
  12                                                                                     
  13                                                                                     
  14                                                                                     
  15                                                                                     
  16 000000000000000000000000000000000000000000000000000000000000000000000000000000000000
  17 000000000000000000000000000000000000000000000000000000000000000000000000000000000000
  18 000000000000000000000000000000000000000000000000000000000000000000000000000000000000
  19 000000000000055500000000000000000000000000000000000000000000000000000000000000000000
  20 000000000000555550000000000000000000000000000000000000000000000000000000000000000000
  21 000000000000555550000000000000000000000000000000000000000000000000000000000000000000
  22 000000000000555550000000000000000000000000000000000000000000000000000000000000000000
  23 000000000000055500000000000000000000000000000000000000000000000000000000000000000000
  24 000000000000000000000000000000000000000000000000000000000000000000000000000000000000
  25 000000000000000000000000000000000000000000000000000000000000000000000000000000000000
  26 000000000000000000000000000000000000000000000000000000000000000000000000000000000000
  27 000000000000000000000000000000000000000000000000000000000000000000000000000000000000
  28 000000000000000000000000000000000000000000000000000011111111111111100000000000000000
  29 000000000000000000000000000000000000000000000000111111111111111111111111110000000000
  30 000000000000000000000000000000000000000000001111111111111111111111111111111111110000
  31 000000000000000000000000000000000000000000111111111111111111111111111111111111111111
  32 000000000000000000000000000000000000000011111111111111111111111111111111111111111111
  33 000000000000000000000000000000000000000111111111111111111111111111111111111111111111
  34 000000000000000000000000000000000000001111111111111111111111111111111111111111111111
  35 000000000000000000000000000000000000011111111111111111111111111111111111111111111111
  36 000000000000000000000000000000000000111111111111111111111111111111111111111111111111
  37 000000000000000000000000000000000000111111111111111111111111111111111111111111111111
  38 000000000000000000000000000000000001111111111111111111111111111111111111111111111111
  39 000000000000000000000000000000000001111111111111111111111111111111111111111111111111
  40 000000000000000000000000000000000001111111111111111111111111111111111111111111111111
  41 000000000000000000000000000000000011111111111111111111111111111111111111111111111111
  42 000000000000000000000000000000000011111111111111111111111111111111111111111111111111
  43 000000000000000000000000000000000011111111111111111111111111111111111111111111111111
  44 000000000000000000000000000000000011111111111111111111111111111111111111111111111111
  45 000000000000000000000000000000000011111111111111111111111111111111111111111111111111
  46 000000000000000000000000000000000011111111111111111111111111111111111111111111111111
  47 000000000000000000000000000000000011111111111111111111111111111111111111111111111111
  48 000000000000000000000000000000000001111111111111111111111111111111111111111111111111
  49 000000000000000000000000000000000001111111111111111111111111111111111111111111111111
  50 000000000000000000000000000000000000111111111111111111111111111111111111111111111111
  51 000000000000000000000000000000000000111111111111111111111111111111111111111111111111
  52 000000000000000000000000000000000000011111111111111111111111111111111111111111111111
  53 000000000000000000000000000000000000001111111111111111111111111111111111111111111111
  54 000000000000000000000000000000000000000111111111111111111111111111111111111111111111
  55 000000000000000000000000000000000000000001111111111111111111111111111111111111111111
  56 000000000000000000000000000000000000000000111111111111119999999900011111111111111111
  57 000000000000000000000000000000000000000000091111111119999999999900000001111111111111
  58 000000000000000000000000000000000000000000099999999999999999999900000000000111111111
  59 000000000000000000000000000000000000000000099999999999999999999900000000000000001111
  60 000000000000000000000000000000000000000000099999999999999999999900000000000000000000
  61 000000000000000000000000000000000000000000099999999999999999999900000000000000000000
  62 000000000000000000000000000000000000000000099999999999999999999900000000000000000000
  63 000000000000000000000000000000000000000000099999999999999999999900000000000000000000
  64 000000000000000000000000000000000000000000099999999999999999999900000000000000000000
  65 000000000000000000000000000000000000000000099999999999999999999900000000000000000000
  66 000000000000000000000000000000000000000000099999999999999999999900000000000000000000
  67 000000000000000000000000000000000000000000099999999999999999999900000000000000000000
  68 000000000000000000000000000000000000000000099999999999999999999900000000000000000000
  69 000000000000000000000000000000000000000000099999999999999999999900000000000000000000
  70 000000000000000000000000000000000000000000099999999999999999999900000000000000000000
  71 000000055500000000000000000000000000000000099999999999999999999900000000000000000000
  72 000000555550000000000000000000000000000000099999999999999999999900000000000000000000
  73 000000555550000000000000000000000000000000099999999999999999999900000000000000000000
  74 000000555550000000000000000000000000000000099999999922229999999900000000000000000000
  75 000000055500000000000000000000000000000000099999999922229999999900000000000000000000
  76 000000000000000000000000000000000000000000099999999222229999999900000000000000000000
  77 000000000000000000000000000000000000000000000000000222220000000000000000000000000000
  78 000000000000000000000000000000000000000000000000000222220000000000000044440000000000
  79 000000000000000000000000000000000000000000000000000222220000000000000044444000000000
  80 000000000000000000000000000000000000000000000000002222220000000000000044444000000000
  81 000000000000000000000000000000000000000000000000002222200000000000000044444000000000
  82 000000000000000000000000000000000000000000000000002222200000000000000004440004400000
  83 000000000000000000000000000000000000000000000000002222200000000000000000000044444000
  84 000000000000000000000000000000000000000000000000022222000000000000000000000044444000
  85 000000000000000000000000000000000000000000000000022222000000000000000040000044440000
  86 000000000000000000000000000000000000000000000000222222000000000000004444400000440000
  87 000000000000000000000000000000000000000000000000222220000000000000004444440000000000
  88 000000000000000000000000000000000000000000000000222220000000000000044444440000000000
  89 000000000000000000000000000000000000000000000002222220000000000000004444400000000660
  90 000000000000000000000000000000000000000000000002222200000000000000004444400444400660
  91 000000000000000000000000000000000000000000000022222200000000000000000400004444400060
  92 000000000000000000000000000000000000000000000022222000000000000044400000044444400000
  93 000000000055500000000000000000000000000000000022222000000000000444440000004444400000
  94 000000000555550000000000000000000000000000000222220000000000000444444400004444000000
  95 000000000555550000000000000000000000000000000222220000000000000444444440000000000000
  96 000000000555550000000000000000000000000000002222220000000000000444444440000004444400
  97 000000000055500000000000000000008888888888882222288880000000000000444440000004444400
  98 000000000000000000000000000000008888888888822222288880000000000000444400044444444440
  99 000000000000000000000000000000008888888888822222888880000000000000000000444444444440
 100 000000000000000000000000000000008888888888822222888880000000000000000000444444444400
 101 000000000000000000000000000000008888888888222222888880000000000000000000044440040000
 102 000000000000000000000000000000008888888888222228888880000000000000000000004000000000
 103 000000000000000000000000000000008888888888222228888880000000000000000000000000000000
 104 000000000000000000000000000000008888888882222288888880000000000000000000000000000000
 105 000000000000000000000000000000008888888882222288888880000000000000000000000000000000
 106 000000000000000000000000000000008888888882222288888880000000000000000000000000000000
 107 000000000000000000000000000000008888888882222288888880000000000000000000000000000000
 108 000000000000000000000000000000008888888822222288888880000000000000000000000000000000
 109 000000000000000000000000000000008888888822222888888880000000000000000000000000000000
 110 000000000000000000000000000000008888888822222888888880000000000000000000000000000000
 111 000000000000000000000000000000008888888822222888888880000000000000000000000000000000
 112 000000000000000000000000000000008888888822222888888880000000000000000000000000000000
 113 000000000000000000000000000000008888888822222888888880000000000000000000000000000000
 114 000000000000000000000000007777777777777722227777777777777770000000000000000000000000
 115 000000000000000000000000007777777777777722227777777777777770000000000000000000000000
 116                             7777777777777777777777777777                            
 117                             7777777777777777777777777777                            
 118                             7777777777777777777777777777                            
 119                             77777777777bbbbbb77777777777                            
 120                             77777777777bbbbbb77777777777                            
 121                             77777777777bbbbbb77777777777                            
 122                             77777777777bbbbbb77777777777                            
 123                             77777777777bbbbbb77777777777                            
 124                             77777777777bbbbbb77777777777                            
 125                             7777777777777777777777777777                            
 126                             7777777777777777777777777777                            
 127                             7777777777777777777777777777                            
decline DR-DRY water 'beck-water' stands against 122 open column(s) of drawn ground — first at (-42, 18, -58), where the basin is dug to the water's own depth and holds none. The hollow and the pool that fills it are two statements about one lake; where the hollow reaches further, the difference is a dry trench beside the water. Widen the pool onto the ground that was dug for it, or stop digging it there.
placed 28, declined 1
