CLAIMS  1 char = 1 block  x -44..43 across, z -112..111 down
KEY  0 free  1 water  2 paving  3 structure  4 tree  5 boulder  6 flora  7 spawn keep-out  8 door approach  9 goal clearance  a wool-room keep-out  b structure keep-out  space void
        -4        -3        -2        -1         0         1         2         3         4   
     4321098765432109876543210987654321098765432101234567890123456789012345678901234567890123
-112                    0000000000077777777777777777777777777777000000000                    
-111                   000000000000777777777777777777777777777770000000000                   
-110                  00000000000007777777777777777777777777777700000000000                  
-109                 0000000000000077777777777bbbbbb777777777777000000000000                 
-108                00000000000000077777777777bbbbbb7777777777770000000000000                
-107               000000000000000077777777777bbbbbb77777777777700000000000000               
-106              0000000000000000077777777777bbbbbb777777777777000000000000000              
-105             00000000000000000077777777777bbbbbb7777777777770000000000000000             
-104            000000000000000000077777777777bbbbbb77777777777700006666666666600            
-103           0000000000000000000077777777777777777777777777777000666666666666600           
-102          000000000000000000000777777777777777777777777777770006666666666666600          
-101         00000000000000000000007777777777777777777777777777700066666666666666000         
-100        0000000000000000000000077777777777772277777777777777000066666666666660000        
 -99       000000000000000000000000777777777772222277777777777770000666666666666600000       
 -98      00000000000000000000000007777777772222222777777777777700006666444466666000000      
 -97     0004404400000000000000000000000008222222288888880000000000066644444466660000000     
 -96    000444444400044440000000000000000222222228888888800000000000664444444466600000000    
 -95   00004444444404444440000000000000222222228888888888000000000006644444444466000000000   
 -94  0040444044444444044400000000000222222228888888888880000000000004444444646600000000000  
 -93 004404444444444444444400000000022222222888888888888800000000000044464444460000000000000 
 -92 4440444444440444444444000000222222222888888888888888000000000000444444444000000000000000
 -91 4444444404444444444444000022222222200888888888888888000000000000444044444000000000000000
 -90 0444444444044044444044022222222220000888888888888888000000000000044444444000000000000000
 -89 0444400004440004444422222222222000000888888888888888000000000000000444440000000000000000
 -88 4444440000000004422222222222200000000888888888888888000000000000000000000000000000000000
 -87 0404400000000002222222222220000000000888888888888888000000040400000000000000000000000000
 -86 0000000000000222222222200000000000000888888888888888000000444440000000000000000000000000
 -85 0000000000022222222200000000000000000888888888888888000000044400000000000000000000000000
 -84 0000000002222222220000000000000000000888888888888888000000044444000000000000000000000000
 -83 0000000022222220000000000000000000000888888888888888000000444444000000000000000000000000
 -82 0000002222222200000000000000000000000888888888888888000004444400000000000000000000000000
 -81 0000022222220000000000000000000000000000000000000000000000400400000000000000044044000000
 -80 0000222222000000000000000000000000000000000000000000000000000000000000000000444444400000
 -79 0002222220000000000000000000000000000000000000000000000000000000000000000000444444440000
 -78 bbbbbbbbbbbbbbbbbbbbbbbbbbbbbbbbbbbbbbbbbbbbbbbbbbbbbb0000000000000000000004440444440006
 -77 bbbbbbbbbbbbbbbbbbbbbbbbbbbbbbbbbbbbbbbbbbb3333333333b0000000000000000000004444444440066
 -76 bbbbbbbbbbbbbbbbbbbbbbbbbbbbbbbbbbbbbbbbbbb3333333333b0000000000000000000000444444040666
 -75 bbbbbbbbb33333333333bbbbbbbbbbbbbbbbbbbbbbb3333333333b0000000000000000000000440444440666
 -74 bbbbbbbbb33333333333bbbbbbbbbbbbbbbbbbbbbbb3333333333b0000000000000000000000444404406666
 -73 bbbbbbbbb33333333333bbbbbbbbbbbbbbbbbbbbbbb3333333333b0000000000000000000000000444006666
 -72 bbbbbbbbb33333333333999999999999999999999bb3333333333b0000000000000000000000000000000666
 -71 bbbbbbbbb33333333333999999999999999999999bb3333333333b0000000000000000000000000000000666
 -70 bbbbbbbbb33333333333999999999999999999999bb3333333333b0000000000000000000000000000000066
 -69 bbbbbbbbb33333333333999999999999999999999bb3333333333b0000000000000000000000000000000006
 -68 bbbbbbbbb33333333333999999999999999999999bb3333333333b0000000000000000000000000000000000
 -67 bbbbbbbbb33333333333999999999999999999999bb3333333333b0000000000000000000000000000000000
 -66 bbbbbbbbb33333333333999999999999999999999bb3333333333b0000000000000000000000000000000000
 -65 bbbbbbbbbbbbbbbbbbbb999999999999999999999bbbbbbbbbbbbb0000000000000000000000000000000000
 -64 bbbbbbbbbbbbbbbbbbbb999999999999999999999bbbbbbbbbbbbb0000000000000000000004000004000000
 -63 bbbbbbbbbbbbbbbbbbbb999999999999999999999bbbbbbbbbbbbb0000000000000000004444000004400000
 -62 bbbbbbbbbbbbbbbbbbbb999999999999999999999bbbbbbbbbbbbb0000000000000000004444000044440000
 -61 bbbbbbbbbbbbbbbbbbbb999999999999999999999bbbbbbbbbbbbb0000000000000000000444444444444400
 -60 bbbbbbbbbbbbbbbbbbbb999999999999999999999bbbbbbbbbbbbb0000000000000000000444444444444000
 -59 bbbbbbbbbbbbbbbbbbbb999999999999999999999bbbbbbbbbbbbb0000000000000000004444444444440000
 -58 bbbbbbbbbbbbbbbbbbbb999999999999999999999bbbbbbbbbbbbb00000000000000bbb44444440404440000
 -57 bbbbbbbbbbbbbbbbbbbb999999999999999999999bbbbbbbbbbbbb00000000000000bbbbbb444b0044400000
 -56 bbbbbbbbbbbbbbbbbbbb999999999999999999999bbbbbbbbbbbbb00000000000000bbbbbbb4bb0004000000
 -55 bbbbbbbbbbbbbbbbbbbb999999999999999999999bbbbbbbbbbbbb00000000000000bbbbbbbbbb0000000000
 -54 bbbbbbbbbbbbbbbbbbbb999999999999999999999bbbbbbbbbbbbb00000000000000bbbbbbbbbb0000000000
 -53 bbbbbbbbbbbbbbbbbbbb999999999999999999999bbbbbbbbbbbbb00000000000000bbbbbbbbbb0000000000
 -52 bbbbbbbbbbbbbbbbbbbb999999999999999999999bbbbbbbbbbbbb00000000000000bbbbbbbbbb0000000000
 -51 bbbbbbbbbbbbbbbbbbbbbbbbbbbbbbbbbbbbbbbbbbbbbbbbbbbbbb00000000000000bbbbbbbbbb0000000000
 -50 000000bbbbbbbbbbbbbbbbbbbbbbbbbbbbbbbbbbbbbbbbbbbbbbbb00000000000000bbbbbbbbbb0000000000
 -49 000000bbbbbbbbbbbbbbbbbbbbbbbbbbbbbbbbbbbbbbbbbbbbbbbb00000000000000bbbbbbbbbb0000000000
 -48 00000000000000000000000000000000000000000000000000000000000000000000bbbbbbbbbb0000000000
 -47 00000000000000000000000000000000000000000000000000000000000000000000bbbbbbbbbb0000000000
 -46 00000000000000000000000000000000000000000000000000000000000000000000bbbbbbbbbb0000000000
 -45 00000000000000000000000000000000000000000000000000000000000000000000bbbbbbbbbb0000000000
 -44 00000000000000000000000000000000000000000000000000000000000000000000bbbbbbbbbb0000000000
 -43 00000000000000000000000000000000000000000000000000000000555550000000bbbbbbbbbb0000000000
 -42 0000000000000000000000000000000000000000000000000000000555555500000000000000000000000000
 -41 0000000000000000000000000000000000000000000000000000000555555500000000000000000000000000
 -40 0000000000000000000000000000000000000000000000000000000555555550000000000000000000000000
 -39 0000000000055555500000000000000000000000000000000000000555555500000000000000000000000000
 -38 0000000000055555550000000000000000000000000000000000000555555500000000000000000000000000
 -37 0000000000055555550000000000000000000000000000000000000055555500000000000000000000000000
 -36 0000000000555555550000000000000000000000000000000000000000550000000000000000000000000000
 -35 0000000000055555550000000000000000000000000000000000000000000000000000000000000000000000
 -34 000000000005555555000  00000000000000000000000000000000000000000000000000000000000000000
 -33 00000000000055555000      00000000000000000000000000000000000000000000000000000000000000
 -32 0000000000000000000          00000000000000000000000000000000000   000000000000000000000
 -31 00000000000000000               000000000000000000000000000           000000000055555000
 -30 0000000000000000                    0000000000000000000                 0000000555555500
 -29 000000000000000                        000000000000                       00000555555550
 -28 000000000000                              0000                               00555555550
 -27 000000000                                                                       55555550
 -26 00000                                                                              55500
 -25 00                                                                                    00
 -24                                                                                         
 -23                                                                                         
 -22                                                                                         
 -21                                                                                         
 -20                                                                                         
 -19                                                                                         
 -18                                                                                         
 -17                                                                                         
 -16                                                                                         
 -15                                                                                         
 -14                                                                                         
 -13                                                                                         
 -12                 00000000000000000000000000000000000000000000000000000000                
 -11                 00000000000000000000000000000000000000000000000000000000                
 -10                 000000000000000000000000bbbbbbb0000000000000000000000000                
  -9                 0000000000000000000000bbbbbbbbbbb00000000000000000000000                
  -8                 000000000000000000000bbbbbbbbbbbbb0000000000000000000000                
  -7                 00000000000000000000bbbbbbbbbbbbbbb000000000000000000000                
  -6                 0000000000000000000bbbbbbbbbbbbbbbbb00000000000000000000                
  -5                 0000000000000000000bbbbbbbbbbbbbbbbbb0000000000000000000                
  -4                 000000000000000000bbbbbbbbbbbbbbbbbbb0000000000000000000                
  -3                 000000000000000000bbbbbbbbbbbbbbbbbbbb000000000000000000                
  -2                 000000000000000000bbbbbbbbbbbbbbbbbbbb000000000000000000                
  -1                 000000000000000000bbbbbbbbbbbbbbbbbbbb000000000000000000                
   0                 000000000000000000bbbbbbbbbbbbbbbbbbbb000000000000000000                
   1                 000000000000000000bbbbbbbbbbbbbbbbbbbb000000000000000000                
   2                 000000000000000000bbbbbbbbbbbbbbbbbbbb000000000000000000                
   3                 000000000000000000bbbbbbbbbbbbbbbbbbb0000000000000000000                
   4                 0000000000000000000bbbbbbbbbbbbbbbbbb0000000000000000000                
   5                 0000000000000000000bbbbbbbbbbbbbbbbb00000000000000000000                
   6                 00000000000000000000bbbbbbbbbbbbbbb000000000000000000000                
   7                 000000000000000000000bbbbbbbbbbbbb0000000000000000000000                
   8                 0000000000000000000000bbbbbbbbbbb00000000000000000000000                
   9                 000000000000000000000000bbbbbbb0000000000000000000000000                
  10                 00000000000000000000000000000000000000000000000000000000                
  11                 00000000000000000000000000000000000000000000000000000000                
  12                                                                                         
  13                                                                                         
  14                                                                                         
  15                                                                                         
  16                                                                                         
  17                                                                                         
  18                                                                                         
  19                                                                                         
  20                                                                                         
  21                                                                                         
  22                                                                                         
  23                                                                                         
  24 00                                                                                    00
  25 00555                                                                              00000
  26 05555555                                                                       000000000
  27 05555555500                               0000                              000000000000
  28 05555555500000                       000000000000                        000000000000000
  29 0055555550000000                 0000000000000000000                    0000000000000000
  30 000555550000000000           00000000000000000000000000                00000000000000000
  31 000000000000000000000   0000000000000000000000000000000000           0000000000000000000
  32 0000000000000000000000000000000000000000000000000000000000000       00055555000000000000
  33 0000000000000000000000000000000000000000000000000000000000000000   000555555500000000000
  34 0000000000000000000000000000000000000000000000000000000000000000000000555555500000000000
  35 0000000000000000000000000000550000000000000000000000000000000000000000555555550000000000
  36 0000000000000000000000000055555500000000000000000000000000000000000000555555500000000000
  37 0000000000000000000000000055555550000000000000000000000000000000000000555555500000000000
  38 0000000000000000000000000055555550000000000000000000000000000000000000055555500000000000
  39 0000000000000000000000000555555550000000000000000000000000000000000000000000000000000000
  40 0000000000000000000000000055555550000000000000000000000000000000000000000000000000000000
  41 0000000000000000000000000055555550000000000000000000000000000000000000000000000000000000
  42 0000000000bbbbbbbbbb00000005555500000000000000000000000000000000000000000000000000000000
  43 0000000000bbbbbbbbbb00000000000000000000000000000000000000000000000000000000000000000000
  44 0000000000bbbbbbbbbb00000000000000000000000000000000000000000000000000000000000000000000
  45 0000000000bbbbbbbbbb00000000000000000000000000000000000000000000000000000000000000000000
  46 0000000000bbbbbbbbbb00000000000000000000000000000000000000000000000000000000000000000000
  47 0000000000bbbbbbbbbb00000000000000000000000000000000000000000000000000000000000000000000
  48 6000000000bbbbbbbbbb00000000000000bbbbbbbbbbbbbbbbbbbbbbbbbbbbbbbbbbbbbbbbbbbbbbbb000000
  49 0000000000bbbbbbbbbb00000000000000bbbbbbbbbbbbbbbbbbbbbbbbbbbbbbbbbbbbbbbbbbbbbbbb000000
  50 0000000000bbbbbbbbbb00000000000000bbbbbbbbbbbbbbbbbbbbbbbbbbbbbbbbbbbbbbbbbbbbbbbbbbbbbb
  51 0000000000bbbbbbbbbb00000000000000bbbbbbbbbbbbb999999999999999999999bbbbbbbbbbbbbbbbbbbb
  52 0000000000bbbbbbbbbb00000000000000bbbbbbbbbbbbb999999999999999999999bbbbbbbbbbbbbbbbbbbb
  53 0000000000bbbbbbbbbb00000000000000bbbbbbbbbbbbb999999999999999999999bbbbbbbbbbbbbbbbbbbb
  54 0000000000bbbbbbbbbb00000000000000bbbbbbbbbbbbb999999999999999999999bbbbbbbbbbbbbbbbbbbb
  55 0000004000bb4bbbbbbb00000000000000bbbbbbbbbbbbb999999999999999999999bbbbbbbbbbbbbbbbbbbb
  56 0000044400b444bbbbbb00000000000000bbbbbbbbbbbbb999999999999999999999bbbbbbbbbbbbbbbbbbbb
  57 00004440404444444bbb00000000000000bbbbbbbbbbbbb999999999999999999999bbbbbbbbbbbbbbbbbbbb
  58 0000444444444444000000000000000000bbbbbbbbbbbbb999999999999999999999bbbbbbbbbbbbbbbbbbbb
  59 0004444444444440000000000000000000bbbbbbbbbbbbb999999999999999999999bbbbbbbbbbbbbbbbbbbb
  60 0044444444444440000000000000000000bbbbbbbbbbbbb999999999999999999999bbbbbbbbbbbbbbbbbbbb
  61 0000444400004444000000000000000000bbbbbbbbbbbbb999999999999999999999bbbbbbbbbbbbbbbbbbbb
  62 0000044000004444000000000000000000bbbbbbbbbbbbb999999999999999999999bbbbbbbbbbbbbbbbbbbb
  63 0000004000004000000000000000000000bbbbbbbbbbbbb999999999999999999999bbbbbbbbbbbbbbbbbbbb
  64 0000000000000000000000000000000000bbbbbbbbbbbbb999999999999999999999bbbbbbbbbbbbbbbbbbbb
  65 0000000000000000000000000000000000b3333333333bb99999999999999999999933333333333bbbbbbbbb
  66 0000000000000000000000000000000000b3333333333bb99999999999999999999933333333333bbbbbbbbb
  67 0000000000000000000000000000000000b3333333333bb99999999999999999999933333333333bbbbbbbbb
  68 0000000000000000000000000000000000b3333333333bb99999999999999999999933333333333bbbbbbbbb
  69 0000000000000000000060000000000000b3333333333bb99999999999999999999933333333333bbbbbbbbb
  70 0000000000066000000066660000000000b3333333333bb99999999999999999999933333333333bbbbbbbbb
  71 0000000000666600000006666000000000b3333333333bb99999999999999999999933333333333bbbbbbbbb
  72 0000004446666600000666666000000000b3333333333bbbbbbbbbbbbbbbbbbbbbbb33333333333bbbbbbbbb
  73 0000044044446060666666666000000000b3333333333bbbbbbbbbbbbbbbbbbbbbbb33333333333bbbbbbbbb
  74 0000444446446666666666666000000000b3333333333bbbbbbbbbbbbbbbbbbbbbbb33333333333bbbbbbbbb
  75 0000404444446666666666666000000000b3333333333bbbbbbbbbbbbbbbbbbbbbbbbbbbbbbbbbbbbbbbbbbb
  76 0000444444444666666666660000000000b3333333333bbbbbbbbbbbbbbbbbbbbbbbbbbbbbbbbbbbbbbbbbbb
  77 0000444440444666666666600000000000bbbbbbbbbbbbbbbbbbbbbbbbbbbbbbbbbbbbbbbbbbbbbbbbbbbbbb
  78 0000444444440000666660000000000000000000000000000000000000000000000000000000000222222000
  79 0000044444440000000000000000000000000000000000000000000000000000000000000000002222220000
  80 0000004404400000000000000040040000000000000000000000000000000000000000000000222222200000
  81 0000000000000000000000000044444000000000000000000000000000000000000000000022222222000000
  82 0000000000000000000000004444440000000888888888888888000000000000000000000222222200000000
  83 0000000000000000000000004444400000000888888888888888000000000000000000222222222000000000
  84 0000000000000000000000000044400000000888888888888888000000000000000022222222200000000000
  85 0000000000000000000000000444440000000888888888888888000000000000022222222220000000000000
  86 0000000000000000000000000040400000000888888888888888000000000222222222222000000000044040
  87 0000000000000000000000000000000000000888888888888888000000022222222222244000000000444444
  88 0000000000000000444440000000000000000888888888888888000002222222222244444000444000044440
  89 0000000000000004444444400000000000000888888888888888000222222222204404444404404444444440
  90 0000000000000004444404440000000000000888888888888888022222222200004444444444444044444444
  91 0000000000000004444444440000000000000888888888888882222222220000004444444440444444440444
  92 000000000000000444440444000000000000088888888888822222222000000000444444444444444440440 
  93  0000000000000040444444400000000000008888888888822222222000000000004446444444440444040  
  94   00000000000044444444400000000000000888888888222222220000000000066444444644444444000   
  95    000000000000444444440000000000000088888882222222200000000000066664444666444444400    
  96     0000000000004444440000000000000008888882222222880000000000006666666666664464400     
  97      00000000000044440000000000000000888882222222888000000000006666666666666666600      
  98       000000000000000000000000777777777777222227777777777770000666666666666666660       
  99        0000000000000000000000077777777777772277777777777777000666666666666666666        
 100         00000000000000000000007777777777777777777777777777700666666666666666666         
 101          000000000000000000000777777777777777777777777777770066666666666666666          
 102           0000000000000000000077777777777777777777777777777666666666666666666           
 103            000000000000000000077777777777bbbbbb77777777777766666666666666666            
 104             00000000000000000077777777777bbbbbb7777777777770000000000000000             
 105              0000000000000000077777777777bbbbbb777777777777000000000000000              
 106               000000000000000077777777777bbbbbb77777777777700000000000000               
 107                00000000000000077777777777bbbbbb7777777777770000000000000                
 108                 0000000000000077777777777bbbbbb777777777777000000000000                 
 109                  00000000000007777777777777777777777777777700000000000                  
 110                   000000000000777777777777777777777777777770000000000                   
 111                    0000000000077777777777777777777777777777000000000                    
placed 30, declined 0
