HEIGHTMAP  1 char = 1x1 blocks (the top-left block of each)  x -50..49 across, z -100..99 down
KEY  char = ground height above y11 in bands of 1 block(s): 0 = y11..11, 1 = …; H house or hall  ~ water  @ spawn point  ! goal  space = void
     5        -4        -3        -2        -1         0         1         2         3         4         
     0987654321098765432109876543210987654321098765432101234567890123456789012345678901234567890123456789
-100                               7777777777777777777H5555555555555555555555555H5555555555555555555     
 -99                               7777777777777777777H5555555555555555555555555H5555555555555555555     
 -98                               7777777777777777777H5555555HHHHHHHHHHHH555555H5555555555555555555     
 -97                               777HHHHHHHHHHHHHH77H5555555HHHHHHHHHHHH555555H55HHHHHHHHHHHHHH555     
 -96                               777HHHHHHHHHHHHHH77H5555555HHHHHHHHHHHH555555H55HHHHHHHHHHHHHH555     
 -95                               777HHHHHHHHHHHHHH77H5555555HHHHHHHHHHHH555555H55HHHHHHHHHHHHHH555     
 -94                               777HHHHHHHHHHHHHH77H5555555HHHHHHHHHHHH555555H55HHHHHHHHHHHHHH555     
 -93                               777HHHHHHHHHHHHHH77H5555555HHHHHHHHHHHH555555H55HHHHHHHHHHHHHH555     
 -92                               777HHHHHHHHHHHHHH77H55HHH55HHHHHHHHHHHH55HHH5H55HHHHHHHHHHHHHH555     
 -91                               777HHHHHHHHHHHHHH77H55HHH55HHHHHHHHHHHH55HHH5H55HHHHHHHHHHHHHH555     
 -90                               777HHHHHHHHHHHHHH77H55HHH55HHHHHHHHHHHH55HHH5H55HHHHHHHHHHHHHH555     
 -89                               777H7777HHHHHHHHH77H5555555HHHHHHHHHHHH555555H55HHHHHHHHHHHHHH555     
 -88                               777777777777777HH77H5555555HHHHHHHHHHHH555555H55HHHHHHHHHH555H555     
 -87                               7777777777777777777H5555555HHHHHHHHHHHH555555H55HHHHHH55555555555     
 -86                               777H777777777777777H5555555555555555555555555H55H5555555555555555     
 -85                               777HHHHH77777777777H5555555555555555555555555H555555555555555H555     
 -84                               777HHHHHHHHHHH77777H5555555555555555555555555H555555555555HHHH555     
 -83                               7777777777777777777H5555555555555555555555555H5555555555555555555     
 -82                               7777777777777777777H5555555555555555555555555H5555555555555555555     
 -81                               HHHHHHHHHHHHHHHHHHHH5555555555555555555555555HHHHHHHHHHHHHHHHHHHH     
 -80                               77766555666777888889999999999999988887776655555555555555555544444     
 -79                               77666555666677888888999999999998888888776665555555555555555544444     
 -78                               66665555566667788888899888888888888888776655555555555555555544444     
 -77                               66665555556666777888888888888888888887776655555555555555555554444     
 -76                               66655555555666677778888888888888877777766555555555555555555544444     
 -75                               66555555555556667777888887777777777777666555555555555555544544334     
 -74                               65555555555555555555566666666777777766666555554444444444444443333     
 -73                               65555555555455555555555555555555566665555544544444444443333223333     
 -72                               65555555554444454444445555555555555555544444444333333333321122333     
 -71                               55555555554444444444444444444444455554444444443333333333221122222     
 -70                               5555555555544444444444444444444444444444444444443332222222112222222222
 -69                               5555555555544444444444444333334444444444444444443222222222112222222222
 -68                               5555555555544444444444444333333444444444444444443222222222112222222222
 -67                               5555555555444444444444444443333444444444444444443222221111112222222222
 -66                               5555555544444444444444444444333444444444444444443222211111112222222222
 -65                               5555444444444444444444444444434444444445444444443322211111002222222222
 -64                               5554444444444444444444444444444444445555444444443322221110012222222222
 -63                               5554444444444444444444444445554455555666333333333333221110012222222222
 -62                               5555444444444444444444444445555555556666333333334433221110011222222221
 -61                               5555444444455555444444444445555666666677333333335433211100011122222211
 -60                                                             6667677778333333335443211000011112222111
 -59                                                             7777778888333333336543211000011112222111
 -58                                                             7788889899333333336543221000111122211111
 -57                                                             8889999999333333337654321000111222211111
 -56                                                             889999999aaaaaa9887654321000111222211111
 -55                                                             899999aaaaaaaaa9887654311000111222211111
 -54                                                             899a9aaaaaabbaa9876554321000111222221111
 -53                                                             99aaaaaaaaabaa99876543211000001112222211
 -52                                                             99aaaaabbbbba998876543211000011112222222
 -51                                                             99aabbbccccba998766543210000011122222222
 -50                                                             99aabcccddcba998765443210000011122332222
 -49                                                             9aaabcddddcba988765432210000011122333333
 -48                                                             9aaabcddddcba988765432210000111222333333
 -47                                                             9aabbcdeddca9988765432211111111222333333
 -46                                                             9aab888888cb9988765543211111111222333333
 -45                                                             9aab888888cba987765433211111111223333333
 -44                                                             9aab777777cba987765433221111112223333333
 -43                                                             9aab777777ca9887665433222111112223333333
 -42                                                             9aab666666ba9887665433222111122233333333
 -41                                                             99aa666666ba9877655433322211122233333333
 -40                                                             99aa666666a99877655433322221222233333333
 -39                                                             999a555555988876654433322222222333333333
 -38                                                             999a555555887776554433322222222333333333
 -37                                                             999a444444887766544433322222223333333333
 -36                                                             8999444444777665544333222222233333333333
 -35                                                             8999333333776555444333222222233333333333
 -34                                                             8889333333665544444333222222333333333333
 -33                                                             7788222222655444333333222222333333323333
 -32                                                             7777222222554333333332222223333333222333
 -31                                                             6666222222443332222222222223333333222222
 -30                               4443333333333332222222112233455565111111333222222222222233333333222222
 -29                               4443333333333332222222222233444554111111332222222222222333333333222222
 -28                               4433333333333332222221222233344434000000222111122222222333333333222222
 -27                               4433333333333332222211222233333333000000111111111122223333333333232222
 -26                               4433333333333332222211222222223222222111111111111122223333333333333222
 -25                               4433333333333333222221112222222211111100011111111222233333333333333333
 -24                               4443333343333333322222222221111111110000011111112222333333333333333333
 -23                               4444333333333332222222222211111111000000011111122223333333333333333333
 -22                               4444444333333332222222221111111100000000111111222233333333333333333333
 -21                               4444444333333322222222111111111000000001111122222333333333333333333333
 -20                               4444444333333222222221111111100000000111111222223333333333333333333333
 -19                               4444333333333322222111111111100000001111112222233333333333333333333333
 -18                               3343333333333332211111111111111100000111112222333333333333333333333333
 -17                               3333333333333332211111111111000000000011111111222233333332333333333333
 -16                               3333333333333332221111111111100000000011111111222222222222233333333333
 -15                               3333333333333332221111111111100000000011111111222222222222233333333333
 -14                               3333333333333332221111111111100000000001111111122222222222233333333333
 -13                               2333333333333332221111111111100000000000111111112222222222233333333333
 -12                               2333333333333322211111111111100000000000111111112222222222333333333333
 -11                               2333333333333322221111111111100000000000111111222222222223333333333333
 -10                                                                                                     
  -9                                                                                                     
  -8                                                                                                     
  -7                                                                                                     
  -6                                                                                                     
  -5                                                                                                     
  -4                                                                                                     
  -3                                                                                                     
  -2                                                                                                     
  -1                                                                                                     
   0                                                                                                     
   1                                                                                                     
   2                                                                                                     
   3                                                                                                     
   4                                                                                                     
   5                                                                                                     
   6                                                                                                     
   7                                                                                                     
   8                                                                                                     
   9                                                                                                     
  10 3333333333333222222222221111110000000000011111111111222233333333333332                              
  11 3333333333332222222222111111110000000000011111111111122233333333333332                              
  12 3333333333322222222222111111110000000000011111111111222333333333333332                              
  13 3333333333322222222222211111111000000000011111111111222333333333333333                              
  14 3333333333322222222222221111111100000000011111111111222333333333333333                              
  15 3333333333322222222222221111111100000000011111111111222333333333333333                              
  16 3333333333332333333322221111111100000000001111111111122333333333333333                              
  17 3333333333333333333333332222111110000011111111111111122333333333333433                              
  18 3333333333333333333333322222111111000000011111111112222233333333334444                              
  19 3333333333333333333333222221111110000000011111111222222223333334444444                              
  20 3333333333333333333332222211111000000001111111112222222233333334444444                              
  21 3333333333333333333322221111110000000011111111222222222333333334444444                              
  22 3333333333333333333222211111100000001111111122222222222333333333334444                              
  23 3333333333333333332222111111100000111111111222222222233333333433333444                              
  24 3333333333333333322221111111100011111122222222111222223333333333333344                              
  25 2223333333333333222211111111111112222223222222221122222333333333333344                              
  26 2222323333333333222211111111110000003333333322221122222333333333333344                              
  27 2222223333333332222222211112220000004344433322221222222333333333333344                              
  28 2222223333333332222222222222331111114554443322222222222333333333333444                              
  29 2222223333333322222222222223331111115655543322112222222333333333333444                              
  30 2222223333333222222222222333442222226666                                                            
  31 3332223333333222222333333334552222227777                                                            
  32 3333233333332222223333334445562222228877                                                            
  33 3333333333332222223334444455663333339888                                                            
  34 3333333333322222223334445556773333339998                                                            
  35 3333333333322222223334455667774444449998                                                            
  36 333333333322222223334445667788444444a999                                                            
  37 333333333222222223334455677788555555a999                                                            
  38 333333333222222223334456678889555555a999                                                            
  39 33333333222212222333455677899a666666aa99                                                            
  40 3333333322211122233345567789ab666666aa99                                                            
  41 3333333322211112223345667889ab666666baa9                                                            
  42 3333333222111112223345667889ac777777baa9                                                            
  43 333333322211111122334567789abc777777baa9                                                            
  44 333333322111111112334567789abc888888baa9                                                            
  45 3333332221111111123455678899bc888888baa9                                                            
  46 3333332221111111122345678899acddedcbbaa9                                                            
  47 333333222111000012234567889abcddddcbaaa9                                                            
  48 333333221110000012234567889abcddddcbaaa9                                                            
  49 222233221110000012344567899abcddcccbaa99                                                            
  50 222222221110000012345667899abccccbbbaa99                                                            
  51 222222211110000112345678899abbbbbaaaaa99                                                            
  52 11222221110000011234567899aabaaaaaaaaa99                                                            
  53 1111222221110001234556789aabbaaaaaa9a998                                                            
  54 1111122221110001134567889aaaaaaaaa999998                                                            
  55 1111122221110001234567889aaaaaa999999988                                                            
  56 1111122221110001234567333333339999999888                                                            
  57 1111122211110001223456333333339989888877                                                            
  58 1112222111100001123456333333338888777777                                                            
  59 1112222111100001123445333333338777767666                                                            
  60 1122222211100011123345333333337766666665555444444444445555544444445555                              
  61 1222222221100111223344333333336666555555555444444444444444444444445555                              
  62 2222222222100111223333333333336665555544555444444444444444444444444555                              
  63 2222222222100111222233444444445555444444444444444444444444444444444555                              
  64 2222222222001111122233444444445444444444344444444444444444444444445555                              
  65 2222222222111111122223444444444444444443334444444444444444444455555555                              
  66 2222222222111111222223444444444444444443333444444444444444445555555555                              
  67 2222222222112222222223444444444444444443333334444444444444455555555555                              
  68 2222222222112222222223444444444444444444333334444444444444455555555555                              
  69 2222222222112222222333444444444444444444444444444444444444455555555555                              
  70      22222112233333333334444444445555444444444444444444444445555555555                              
  71      33322112333333333344444444555555555555555554444445444445555555556                              
  72      33332233334444444444544555556666555555555555555555555455555555556                              
  73      33334444444444444445555566666777777766666666555555555555555555556                              
  74      43344544555555555555555566677777777777778888877776665555555555566                              
  75      44444555555555555555555566777777888888888888887777666655555555666                              
  76      44445555555555555555555667778888888888888888888877766665555556666                              
  77      44444555555555555555555667788888888888888899888888776666555556666                              
  78      44444555555555555555556667788888889999999999988888877666655566677                              
  79      44444555555555555555555667778888999999999999998888877766655566777                              
  80      HHHHHHHHHHHHHHHHHHHH5555555555555555555555555HHHHHHHHHHHHHHHHHHHH                              
  81      5555555555555555555H5555555555555555555555555H7777777777777777777                              
  82      5555555555555555555H5555555555555555555555555H7777777777777777777                              
  83      555HHHH555555555555H5555555555555555555555555H77777HHHHHHHHHHH777                              
  84      555H555555555555555H5555555555555555555555555H77777777777HHHHH777                              
  85      5555555555555555H55H5555555555555555555555555H777777777777777H777                              
  86      55555555555HHHHHH55H555555HHHHHHHHHHHH5555555H7777777777777777777                              
  87      555H555HHHHHHHHHH55H555555HHHHHHHHHHHH5555555H77HH777777777777777                              
  88      555HHHHHHHHHHHHHH55H555555HHHHHHHHHHHH5555555H77HHHHHHHHH7777H777                              
  89      555HHHHHHHHHHHHHH55H5HHH55HHHHHHHHHHHH55HHH55H77HHHHHHHHHHHHHH777                              
  90      555HHHHHHHHHHHHHH55H5HHH55HHHHHHHHHHHH55HHH55H77HHHHHHHHHHHHHH777                              
  91      555HHHHHHHHHHHHHH55H5HHH55HHHHHHHHHHHH55HHH55H77HHHHHHHHHHHHHH777                              
  92      555HHHHHHHHHHHHHH55H555555HHHHHHHHHHHH5555555H77HHHHHHHHHHHHHH777                              
  93      555HHHHHHHHHHHHHH55H555555HHHHHHHHHHHH5555555H77HHHHHHHHHHHHHH777                              
  94      555HHHHHHHHHHHHHH55H555555HHHHHHHHHHHH5555555H77HHHHHHHHHHHHHH777                              
  95      555HHHHHHHHHHHHHH55H555555HHHHHHHHHHHH5555555H77HHHHHHHHHHHHHH777                              
  96      555HHHHHHHHHHHHHH55H555555HHHHHHHHHHHH5555555H77HHHHHHHHHHHHHH777                              
  97      5555555555555555555H555555HHHHHHHHHHHH5555555H7777777777777777777                              
  98      5555555555555555555H5555555555555555555555555H7777777777777777777                              
  99      5555555555555555555H5555555555555555555555555H7777777777777777777                              
low y11, high y25, range 14
