HEIGHTMAP  1 char = 1x1 blocks (the top-left block of each)  x -36..35 across, z -96..95 down
KEY  char = ground height above y11 in bands of 1 block(s): 0 = y11..11, 1 = …; H house or hall  ~ water  @ spawn point  ! goal  space = void
          -3        -2        -1         0         1         2         3     
     654321098765432109876543210987654321012345678901234567890123456789012345
 -96                     333333333333                                        
 -95                     3HHHHHHHHHH3                                        
 -94                     3HHHHHHHHHH3                                        
 -93                     3HHHHHHHHHH3                                        
 -92                     3HHHHHHHHHH3                                        
 -91                     3HHHHHHHHHH3                                        
 -90                     3HHHHHHHHHH3                                        
 -89                     HHHHHHHHHHHH                                        
 -88                     333333333444                                        
 -87                     333333334444                                        
 -86                     333333344444                                        
 -85                     333333444444                                        
 -84                     333334444444                                        
 -83                     333344444444                                        
 -82                     333444444444                                        
 -81                     444444444444                                        
 -80                     444444444444                                        
 -79                     444444444444                                        
 -78                     444444444444                                        
 -77                     444444444444                                        
 -76                     44444444444444444444444444444444                    
 -75                     44444444444444444444444444444444                    
 -74                     44444444444444444444444444444443                    
 -73                     44444444444444444444444444444433                    
 -72                     444444444444444444444444444443333333333333333333    
 -71                     44444444444444444444444444444333333333333HHHHHH3    
 -70                     44444444444444444444444444444333333333333HHHHHH3    
 -69                     44444444444444444444444444444333333333333HHHHHH3    
 -68                     44444444444444444444444444444333333333333HHHHHH3    
 -67                     44444444444444444444444444444333333333333HHHHHH3    
 -66                     44444444444444444444444444443333333333333HHHHHH3    
 -65                     44444444444444444444444444443333333333333HHHHHH3    
 -64                     444444444444        444444443333333333333HHHHHH3    
 -63                     334444444444        444444443333333333333HHHHHH3    
 -62                     333344444444        444444433333333333333HHHHHH3    
 -61                     333334444444        4444443333333333333333333333    
 -60 1111111H111111122222333334444444        444444333333                    
 -59 1HHHHHHH111111122222233333444444        444443333333                    
 -58 1HHHHHHH111111122222222333344444        444333333333                    
 -57 1HHHHHHH111111122222222233334444        433333333222                    
 -56 1HHHHHHH111111122222222223333333        333333332222                    
 -55 1HHHHHHH111111112222222222333333        333333222222                    
 -54 1HHHHHHH111111111222222222222233        322222222222                    
 -53 1HHHHHHH111111111122222222222222        222222222222                    
 -52 1HHHHHHH111111111111111122222222        222222222222                    
 -51 1HHHHHHH111111111111111111111111        222222222222                    
 -50 1HHHHHHH111111111111111111111111        112222222111                    
 -49 1111111H111111111111111111111111        111122111111                    
 -48                     11111111111111111111111111111111                    
 -47                     11111110111111111111111111111111                    
 -46                     11111111111111111111111111111111                    
 -45                     11111111111111111111111111111111                    
 -44                     10011111111111111111111111111111                    
 -43                     01111111111111111111111111111111                    
 -42                     11111111111111111111111111111111                    
 -41                     11111111111111111111111111111111                    
 -40                     11111111111111111111111111111111                    
 -39                     11111111111111111111111111111111                    
 -38                     11111111111111111111111111111111                    
 -37                     11111111111111111111111111111111                    
 -36                         111111111111111111111111                        
 -35                         111111111111111111111111                        
 -34                         111111111111111111111111                        
 -33                         111111111111111111111111                        
 -32                         111111111111111111111111                        
 -31                         111111111111111111111111                        
 -30                         111111111111111111111111                        
 -29                         111111111111111111111111                        
 -28                         111111111111111111111111                        
 -27                         111111111111111111111111                        
 -26                         111111111111111111111111                        
 -25                         111111111111111111111111                        
 -24                         111111111111111111111111                        
 -23                         111111111111111111111111                        
 -22                         111111111111111111111111                        
 -21                         111111111111111111111111                        
 -20                         111111111111111111111111                        
 -19                         111111111111111111111111                        
 -18                         111111111111111111111111                        
 -17                         111111111111111111111111                        
 -16                                                                         
 -15                                                                         
 -14                                                                         
 -13                                                                         
 -12                                                                         
 -11                                                                         
 -10                                                                         
  -9                                                                         
  -8                                                                         
  -7                                                                         
  -6                                                                         
  -5                                                                         
  -4                                                                         
  -3                                                                         
  -2                                                                         
  -1                                                                         
   0                                                                         
   1                                                                         
   2                                                                         
   3                                                                         
   4                                                                         
   5                                                                         
   6                                                                         
   7                                                                         
   8                                                                         
   9                                                                         
  10                                                                         
  11                                                                         
  12                                                                         
  13                                                                         
  14                                                                         
  15                                                                         
  16                         111111111111111111111111                        
  17                         111111111111111111111111                        
  18                         111111111111111111111111                        
  19                         111111111111111111111111                        
  20                         111111111111111111111111                        
  21                         111111111111111111111111                        
  22                         111111111111111111111111                        
  23                         111111111111111111111111                        
  24                         111111111111111111111111                        
  25                         111111111111111111111111                        
  26                         111111111111111111111111                        
  27                         111111111111111111111111                        
  28                         111111111111111111111111                        
  29                         111111111111111111111111                        
  30                         111111111111111111111111                        
  31                         111111111111111111111111                        
  32                         111111111111111111111111                        
  33                         111111111111111111111111                        
  34                         111111111111111111111111                        
  35                         111111111111111111111111                        
  36                     11111111111111111111111111111111                    
  37                     11111111111111111111111111111111                    
  38                     11111111111111111111111111111111                    
  39                     11111111111111111111111111111111                    
  40                     11111111111111111111111111111111                    
  41                     11111111111111111111111111111111                    
  42                     11111111111111111111111111111110                    
  43                     11111111111111111111111111111001                    
  44                     11111111111111111111111111111111                    
  45                     11111111111111111111111111111111                    
  46                     11111111111111111111111101111111                    
  47                     11111111111111111111111111111111                    
  48                     111111221111        111111111111111111111111H1111111
  49                     111222222211        111111111111111111111111HHHHHHH1
  50                     222222222222        111111111111111111111111HHHHHHH1
  51                     222222222222        222222221111111111111111HHHHHHH1
  52                     222222222222        222222222222221111111111HHHHHHH1
  53                     222222222223        332222222222222111111111HHHHHHH1
  54                     222222333333        333333222222222211111111HHHHHHH1
  55                     222233333333        333333322222222221111111HHHHHHH1
  56                     222333333334        444433332222222221111111HHHHHHH1
  57                     333333333444        444443333222222221111111HHHHHHH1
  58                     333333344444        444444333332222221111111HHHHHHH1
  59                     333333444444        444444433333222221111111H1111111
  60     3333333333333333333333444444        444444433333                    
  61     3HHHHHH333333333333334444444        444444443333                    
  62     3HHHHHH333333333333344444444        444444444433                    
  63     3HHHHHH333333333333344444444        444444444444                    
  64     3HHHHHH33333333333334444444444444444444444444444                    
  65     3HHHHHH33333333333334444444444444444444444444444                    
  66     3HHHHHH33333333333344444444444444444444444444444                    
  67     3HHHHHH33333333333344444444444444444444444444444                    
  68     3HHHHHH33333333333344444444444444444444444444444                    
  69     3HHHHHH33333333333344444444444444444444444444444                    
  70     3HHHHHH33333333333344444444444444444444444444444                    
  71     333333333333333333344444444444444444444444444444                    
  72                     33444444444444444444444444444444                    
  73                     34444444444444444444444444444444                    
  74                     44444444444444444444444444444444                    
  75                     44444444444444444444444444444444                    
  76                                         444444444444                    
  77                                         444444444444                    
  78                                         444444444444                    
  79                                         444444444444                    
  80                                         444444444444                    
  81                                         444444444333                    
  82                                         444444443333                    
  83                                         444444433333                    
  84                                         444444333333                    
  85                                         444443333333                    
  86                                         444433333333                    
  87                                         444333333333                    
  88                                         HHHHHHHHHHHH                    
  89                                         3HHHHHHHHHH3                    
  90                                         3HHHHHHHHHH3                    
  91                                         3HHHHHHHHHH3                    
  92                                         3HHHHHHHHHH3                    
  93                                         3HHHHHHHHHH3                    
  94                                         3HHHHHHHHHH3                    
  95                                         333333333333                    
low y11, high y15, range 4
