CLAIMS  1 char = 1 block  x -55..54 across, z -122..121 down
KEY  0 free  1 water  2 paving  3 structure  4 tree  5 boulder  6 flora  7 spawn keep-out  8 door approach  9 goal clearance  a wool-room keep-out  b structure keep-out  space void
         -5        -4        -3        -2        -1         0         1         2         3         4         5    
     54321098765432109876543210987654321098765432109876543210123456789012345678901234567890123456789012345678901234
-122                                            aaaaaaaaaaaaaaaaaaaaaaaa                                           
-121                                            aaaaaaaaaaaaaaaaaaaaaaaa                                           
-120                                            aaaaaaaaaaaaaaaaaaaaaaaa                                           
-119                                            aaaaaaaaaaaaaaaaaaaaaaaa                                           
-118                                            aaaaaaaaaaaaaaaaaaaaaaaa                                           
-117                                            aaaaaaaaaaaaaaaaaaaaaaaa                                           
-116                                            aaaaaaaaaaaaaaaaaaaaaaaa                                           
-115                                            aaaaaaaaaaaaaaaaaaaaaaaa                                           
-114                                            aaaaaaaaaaaaaaaaaaaaaaaa                                           
-113                                            aaaaaaaaaaaaaaaaaaaaaaaa                                           
-112                                            aaaaaaaaaaaaaaaaaaaaaaaa                                           
-111                                            aaaaaaaaabbbbbbaaaaaaaaa                                           
-110                                            aaaaaaaaabbbbbbaaaaaaaaa                                           
-109                                            aaaaaaaaabbbbbbaaaaaaaaa                                           
-108                                            aaaaaaaaabbbbbbaaaaaaaaa                                           
-107                                            aaaaaaaaabbbbbbaaaaaaaaa                                           
-106                                            aaaaaaaaabbbbbbaaaaaaaaa                                           
-105                                            aaaaaaaaaaaaaaaaaaaaaaaa                                           
-104                                            aaaaaaaaaaaaaaaaaaaaaaaa                                           
-103                                            aaaaaaaaaaaaaaaaaaaaaaaa                                           
-102                                            aaaaaaaaaaaaaaaaaaaaaaaa                                           
-101                                            aaaaaaaaaaaaaaaaaaaaaaaa                                           
-100                                            aaaaaaaaaaaaaaaaaaaaaaaa                                           
 -99                                            aaaaaaaaaaaaaaaaaaaaaaaa                                           
 -98                                            bbbbbbbbbbbbbbbbbbbbbbbb                                           
 -97                                            bbbbbbbbbbbbbbbbbbbbbbbb                                           
 -96                                            bbbbbbbbbbbbbbbbbbbbbbbb                                           
 -95                          777777777777777777bb          bbbbbbbbbbbba0000000                                   
 -94                          777777777777777777bb          bbbbbbbbbbbba0000000                                   
 -93                        77777777777777777777aa          aaaaaaaaaaaaa000000000                                 
 -92                        7777777777777777777777          8888888888000000000000                                 
 -91                        7777777777777777777777          8888888888000000000000                                 
 -90                        777777777777777aaaaa77          8888888888000000000000                                 
 -89                        777777777777777aaaaa77          8888888888000000000000                                 
 -88                        777777777777777aaaaa77          0000000000000000000000                                 
 -87                        777777777777777aaaaa77          0000000000000000000000                                 
 -86                        777777777777777aaaaa77          0000000000000000000000                                 
 -85                        7777777777777777777777          0000000000000000000000                                 
 -84                        7777777777777777777777          0000000000000000000000                                 
 -83                        777777777bbbbbb7777777          0000000000000000000000                                 
 -82                        777777777bbbbbb2222777          0000000000000000000000                                 
 -81                        777777777bbbbb22222227          0000000000000000000000                                 
 -80                        777777777bbbb222222222          0000000000000000000000                                 
 -79                        777777777bbbb222222222          0000000333333333333333                                 
 -78                        777777777bbbb222222222          0000000333333333333333                                 
 -77                        7777777777777222222222          0000000333333333333333                                 
 -76                        7777777777777722222222          0000000333333333333333                                 
 -75 00000000000000000000   7777777777777772222222          0000000333333333333333                                 
 -74 00000000000000000000   7777777777777777722222          0000000333333333333333                                 
 -73 00000000000000000000   7777777777777777772222          0000000333333333333333                                 
 -72 00000000000000000000   7777777777777777777722          0000000333333333333333                                 
 -71 02200000000000000000   7777777777777777777772          0000000333333333333333                                 
 -70 22200000000000055000   7777777777777777777777          2000000333333333333333                                 
 -69 00020000000005555500   7777777777777777777777          2200000333333333333333                                 
 -68 00220000000055555550   7777777777777777777777          2200000333333333333333                                 
 -67 00000000000055555550   7777777777777777777777          2200000333333333333333                                 
 -66 22220000000055555550   7777777777777777777777          2220000000000000000000                                 
 -65 22020000004455555550000777777777777777777777777700222222220000000000000000000                                 
 -64 22220000044455555550000777777777777777777777777700222222220000000000000000000                                 
 -63 022200000444455555000007777777777777777777777777002222222220000000000000000                                   
 -62 222200000444440000000000000088888888888888800000000222222220000000000000000                                   
 -61 200000000044400000000000000088888888888888800000000222222220000000000000000                                   
 -60 222200000000000000000000000088888888888888800000000222222220000000000000000                                   
 -59 222200000000000000000000000088888888888888800000000222222220000000000000000                                   
 -58 202000000000000000000000000088888888888888800000000222222220000000000000000                                   
 -57 022200000000000000000000000088888888888888800000000222222220000000000000000                                   
 -56 022200000000000000000000000088888888888888800000000222222220000000000000000                                   
 -55 020200000000000000000000000088888888888888800000000222222220000000000000000                                   
 -54 002200000004444400000000000088888888888888800000000222222220000000000000000                                   
 -53 200200000044444440000000000088888888888888800000000222222220000000000000000                                   
 -52 222200000044444440000000000088888888888888800000000222222220000000000000000                                   
 -51 202000000444444440000000000088888888888888800000000222222220000000000000000                                   
 -50 022000000044444444000000000000000000000000000000000222222220000000000000000                                   
 -49 022000000044444440000000000000000000000000000000000222222220000000000000444                                   
 -48 220200000004444400000000000000000000000000000000000222222220000000000004444                                   
 -47 002200000000044000000000000000444000000000000000000222222220000000000004444                                   
 -46 020200000000000000000000000004444455500004440000000222222220000000000004444                                   
 -45 222000000004440000000000000004444555550044444000000222222220000000000000444          00000000000000000000     
 -44 220200000044444400000000000004445555555044444000000222222220000000000000000          00000000000000000000     
 -43 222200000444444400000000000000445555555044444000000222222220000000005555500          00000000000000000000     
 -42 222200000444444400000000000000005555555504440000000222222220000000055555550          00000000000000000000     
 -41 200000000444444400000000000000005555555000000000000222222220000000055555550          00000444000000000000     
 -40 222200000444444000000000000000005555555000000000000222222220000000555555550          00004444466666666600     
 -39 222000004444444000000000000000000555550000000000000222222220000000055555550          00004444466666666600     
 -38 220200000444444000000000000000000000000000000000000222222220000000055555550          00004444466006666600     
 -37 002020000444440000000000000000000000000000000000000222222220000000005555500          00000444000000666600     
 -36 002220000444400000000000000000000000000000000000000222222220000000000550000          00000000000000066600     
 -35 022200000004000000000000000000000000000000000000000222222220000000000000000          00000000000000066600     
 -34 020200000000000000000000000000000000000000000000000222222220000000000000000          00000000000000006600     
 -33 000000000000000000000000000000044400000000000000000222222220000000444000000bbbbbbbbbb00000000000066066600     
 -32 022220000000000000000000000000444440000400000000000222222220000004444400000bbbbbbbbbb00000000000666666600     
 -31 022020000444444000000000000004444444004440000000000222222220000044444440000bbbbbbbbbb00000000006666666600     
 -30 022220000444444400000000000044444444404440000000000222222220000044444440000bbbbbbbbbb00000000666666666600     
 -29 002000004444444440000000000044444444404440000000000222222220000044444440000bbbbbbbbbb00000066666666666600     
 -28 000220004444444400000000000044444444000400000000000222222220000044444400000bbbbbbbbbb00000666666666666600     
 -27 020220004444444440000000000004444444000000000000000222222220000004444000000          00000666666666666600     
 -26 002220000444444400000000000000444440000000000000000222222220000000000000000          00006666666666666600     
 -25 002022000444444000000000000000004000000000000000000222222220000000000000000          00006666666666666600     
 -24 002020000000400000000000000000000000000000000000000222222220000000000000000          00006666660000066600     
 -23 000202000000000000000000000000000000000000000000000222222220000000000000000          00666666600000000600     
 -22 002222000000000000000000000000000000000000000000000222222220000000000000000          00666666000000000000     
 -21 002202000444000000000000000000000000000000000000000222222220000000000000000          00666644440000000000     
 -20 000222004444000000000000000000000000000000000000000222222220000000000000000          00666444440000000000     
 -19 000220004444400000000000000000000000000000000000000222222220000000000000000          00666444440000066600     
 -18 000000000040000000000000000000000000000000000000000222222220000000000000000          00000444440000000000     
 -17 000000000000000000000000000000000000000000000000000222222220000000000000000          00000044400000000000     
 -16 000000000000000000000000000000000000000000000000000022222200000000000000000          00000000000000000000     
 -15 000000000000000000000000000000000000000000000000000002222000000000000000000                                   
 -14 000000000000000000000000000666666666666666000666660000000006666660000000000                                   
 -13 000000000000000000000000066666666666666666666666660006666666666060000000000                                   
 -12 000000000000000000000000066666666666666666666666666666666666600000000000000                                   
 -11 000000000000000000000000066666666666666666666666666666666666600000000000000                                   
 -10                                                                                                               
  -9                                                                                                               
  -8                                                                                                               
  -7                                                                                                               
  -6                                                                                                               
  -5                                                                                                               
  -4                                                                                                               
  -3                                                                                                               
  -2                                                                                                               
  -1                                                                                                               
   0                                                                                                               
   1                                                                                                               
   2                                                                                                               
   3                                                                                                               
   4                                                                                                               
   5                                                                                                               
   6                                                                                                               
   7                                                                                                               
   8                                                                                                               
   9                                                                                                               
  10                                    000000000066666666666660000000006666666666666660000000000000000000000000000
  11                                    000000000000000666666660000000000666066666666660000000000000000000000000000
  12                                    000000000000000000066600000000000000000666666660000000000000000000000000000
  13                                    000000000000000000066660000000000000000000666600000000000000000000000000000
  14                                    000000000000000000222200000000000000000000000000000000000000000000000000000
  15      00000000000000000000          000000000000000002222220000000000000000000000000000000000000000000000000000
  16      00000000000444000000          000000000000000022222222000000000000000000000000000000000000000000000000000
  17      00000000004444400000          000000000000000022222222000000000000000000000000000000000000000040000000000
  18      00666066664444466600          000000000000000022222222000000000000000000000000000000000000004444400022000
  19      00660066664444466600          000000000000000022222222000000000000000000000000000000000000000444400222000
  20      00000666664444666600          000000000000000022222222000000000000000000000000000000000000000444000202200
  21      00000666666666666600          000000000000000022222222000000000000000000000000000000000000000000000222200
  22      00000666666666666600          000000000000000022222222000000000000000000000000000000000000000000000202000
  23      00000666666666666600          000000000000000022222222000000000000000000000000000000000000004000000020200
  24      00000666666666666600          000000000000000022222222000000000000000000400000000000000000444444000220200
  25      00006666666666666600          000000000000000022222222000000000000000044444000000000000004444444000022200
  26      00666666666666666600          000000444400000022222222000000000000000444444400000000000044444444400022020
  27      00666666666666666600bbbbbbbbbb000004444440000022222222000000000004000444444440000000000004444444400022000
  28      00666666666666666600bbbbbbbbbb000044444440000022222222000000000044404444444440000000000044444444400000200
  29      00666666666666666600bbbbbbbbbb000044444440000022222222000000000044404444444440000000000004444444000022220
  30      00666666666666666600bbbbbbbbbb000044444440000022222222000000000044400444444400000000000000444444000020220
  31      00666666666666666600bbbbbbbbbb000004444400000022222222000000000004000044444000000000000000000000000022220
  32      00666666666666666600bbbbbbbbbb000000444000000022222222000000000000000004440000000000000000000000000000000
  33      00666666666666666600          000000000000000022222222000000000000000000000000000000000000000000000002020
  34      00666666666666666600          000000000000000022222222000000000000000000000000000000000000000400000002220
  35      00666666666666666600          000055000000000022222222000000000000000000000000000000000000004444000022200
  36      00666666666644466600          005555500000000022222222000000000000000000000000000000000000044444000020200
  37      00666666666444446600          055555550000000022222222000000000000000000000000000000000000444444000002022
  38      00666666666444446600          055555550000000022222222000000000000055555000000000000000000444444400000222
  39      00666666666444446600          055555555000000022222222000000000000555555500000000000000000444444000002222
  40      00000000000044400000          055555550000000022222222000000000000555555500000000000000004444444000000002
  41      00000000000000000000          055555550000000022222222000000044405555555500000000000000004444444000002222
  42      00000000000000000000          005555500000000022222222000000444440555555544000000000000004444444000002222
  43      00000000000000000000          000000000000000022222222000000444440555555544400000000000004444440000002022
  44      00000000000000000000          444000000000000022222222000000444440055555444400000000000000044400000000222
  45                                    444400000000000022222222000000044400005554444400000000000000000000000002020
  46                                    444400000000000022222222000000000000000000444000000000000000440000000002200
  47                                    444400000000000022222222000000000000000000000000000000000004444400000002022
  48                                    444000000000000022222222000000000000000000000000000000000044444440000000220
  49                                    000000000000000022222222000000000000000000000000000000000444444440000000220
  50                                    000000000000000022222222000000000000000000000000000000000044444444000000202
  51                                    000000000000000022222222000000000888888888888888000000000044444440000002222
  52                                    000000000000000022222222000000000888888888888888000000000044444440000002002
  53                                    000000000000000022222222000000000888888888888888000000000004444400000002200
  54                                    000000000000000022222222000000000888888888888888000000000000000000000002020
  55                                    000000000000000022222222000000000888888888888888000000000000000000000002220
  56                                    000000000000000022222222000000000888888888888888000000000000000000000002220
  57                                    000000000000000022222222000000000888888888888888000000000000000000000000202
  58                                    000000000000000022222222000000000888888888888888000000000000000000000002222
  59                                    000000000000000022222222000000000888888888888888000000000000000000000002222
  60                                    000000000000000022222222000000000888888888888888000000000000004440000000002
  61                                    000000000000000022222222000000000888888888888888000000000000044444000002222
  62                                    000000000000000022222222200000000888888888888888000000000555554444000002220
  63                                  00000000000000000002222222200077777777777777777777777770005555555444000002222
  64                                  00000000000000000002222222200077777777777777777777777770005555555440000002022
  65                                  0000000000000000000222          7777777777777777777777   05555555000000002222
  66                                  3333333333333330000022          7777777777777777777777   05555555000000000000
  67                                  3333333333333330000022          7777777777777777777777   05555555000000002200
  68                                  3333333333333330000022          7777777777777777777777   00555550000000002000
  69                                  3333333333333330000002          7777777777777777777777   00055000000000000222
  70                                  3333333333333330000000          27aaaaa777777777777777   00000000000000000220
  71                                  3333333333333330000000          22aaaaa777777777777777   00000000000000000000
  72                                  3333333333333330000000          2222aaa777777777777777   00000000000000000000
  73                                  3333333333333330000000          22222aa777777777777777   00000000000000000000
  74                                  3333333333333330000000          2222222777777777777777   00000000000000000000
  75                                  3333333333333330000000          2222222277777777777777                       
  76                                  3333333333333330000000          2222222227777777777777                       
  77                                  3333333333333330000000          222222222bbbb777777777                       
  78                                  3333333333333330000000          222222222bbbb777777777                       
  79                                  0000000000000000000000          222222222bbbb777777777                       
  80                                  0000000000000000000000          72222222bbbbb777777777                       
  81                                  0000000000000000000000          7772222bbbbbb777777777                       
  82                                  0000000000000000000000          7777777bbbbbb777777777                       
  83                                  0000000000000000000000          7777777777777777777777                       
  84                                  0000000000000000000000          7777777777777777777777                       
  85                                  0000000000000000000000          7777777777777777777777                       
  86                                  0000000000000000000000          7777777777777777777777                       
  87                                  0000000000000000000000          7777777777777777777777                       
  88                                  0000000000000000000000          7777777777777777777777                       
  89                                  0000000000000888888888          7777777777777777777777                       
  90                                  0000000000000888888888          7777777777777777777777                       
  91                                  0000000000000888888888          7777777777777777777777                       
  92                                  0000000000000888888888          7777777777777777777777                       
  93                                    00000000bbbbbbbbbbbb          bba77777777777777777                         
  94                                    00000000bbbbbbbbbbbb          bba77777777777777777                         
  95                                            bbbbbbbbbbbbbbbbbbbbbbbb                                           
  96                                            bbbbbbbbbbbbbbbbbbbbbbbb                                           
  97                                            bbbbbbbbbbbbbbbbbbbbbbbb                                           
  98                                            aaaaaaaaaaaaaaaaaaaaaaaa                                           
  99                                            aaaaaaaaaaaaaaaaaaaaaaaa                                           
 100                                            aaaaaaaaaaaaaaaaaaaaaaaa                                           
 101                                            aaaaaaaaaaaaaaaaaaaaaaaa                                           
 102                                            aaaaaaaaaaaaaaaaaaaaaaaa                                           
 103                                            aaaaaaaaaaaaaaaaaaaaaaaa                                           
 104                                            aaaaaaaaaaaaaaaaaaaaaaaa                                           
 105                                            aaaaaaaaabbbbbbaaaaaaaaa                                           
 106                                            aaaaaaaaabbbbbbaaaaaaaaa                                           
 107                                            aaaaaaaaabbbbbbaaaaaaaaa                                           
 108                                            aaaaaaaaabbbbbbaaaaaaaaa                                           
 109                                            aaaaaaaaabbbbbbaaaaaaaaa                                           
 110                                            aaaaaaaaabbbbbbaaaaaaaaa                                           
 111                                            aaaaaaaaaaaaaaaaaaaaaaaa                                           
 112                                            aaaaaaaaaaaaaaaaaaaaaaaa                                           
 113                                            aaaaaaaaaaaaaaaaaaaaaaaa                                           
 114                                            aaaaaaaaaaaaaaaaaaaaaaaa                                           
 115                                            aaaaaaaaaaaaaaaaaaaaaaaa                                           
 116                                            aaaaaaaaaaaaaaaaaaaaaaaa                                           
 117                                            aaaaaaaaaaaaaaaaaaaaaaaa                                           
 118                                            aaaaaaaaaaaaaaaaaaaaaaaa                                           
 119                                            aaaaaaaaaaaaaaaaaaaaaaaa                                           
 120                                            aaaaaaaaaaaaaaaaaaaaaaaa                                           
 121                                            aaaaaaaaaaaaaaaaaaaaaaaa                                           
decline DR-CLAIM tree 'wood-flank-0' rests on (-43, -68), claimed by the prop 'rock-3'
placed 44, declined 1
