HEIGHTMAP  1 char = 1x1 blocks (the top-left block of each)  x -44..43 across, z -88..87 down
KEY  char = ground height above y8 in bands of 1 block(s): 0 = y8..8, 1 = …; H house or hall  ~ water  @ spawn point  ! goal  space = void
        -4        -3        -2        -1         0         1         2         3         4   
     4321098765432109876543210987654321098765432101234567890123456789012345678901234567890123
 -88 555555555555555H566777888999a                                                           
 -87 5HHHHHHH5555555H566777888999aa                                                          
 -86 5HHHHHHH5555555H566777888999aaa                                                         
 -85 5HHHHHHH5555555H566777888999999a                                                        
 -84 5HHHHHHH5555555H5667778889999999                                                        
 -83 5HHHHHHH5555555H5667778888899999                                                        
 -82 5HHHHHHH5555555H5566778888888888                                                        
 -81 5HHHHHHH5555555H5566777888888888                                                        
 -80 5HHHHHHH5555555H5566677778888888                                                        
 -79 5HHHHHHH5555555H5556667777777788                                                        
 -78 5HHHHHHH5555555H5556666677777777                                                        
 -77 555555555555555H5555566666777777                                                        
 -76                     555666666667                                                        
 -75                     555555666666                                                        
 -74                     555555555556                                                        
 -73                     555555555555                                                        
 -72                     555555555555                                                        
 -71                     555555555555                                                        
 -70                     555555555555                                                        
 -69                     555555555555                                                        
 -68                     555555555555                                                        
 -67                     555555555555                                                        
 -66                     555555555555                                                        
 -65                     HHHHHHHHHHHH                                                        
 -64                     HHHHHHHHHHHH                                                        
 -63                     555555555555               555555                                   
 -62                     555555555555         555555555555555555                             
 -61                     555555555555   555555555555555555555555555555                       
 -60         555555555555555555555555555555555555555555555555555555555555                    
 -59         555555555555555555555555555555555555555555555555555555555555                    
 -58         666655555555555555555555555555555555555555555555555555555555                    
 -57        6666666555555555555555555555555555555555555555555555555555555                    
 -56        666666666555555555555555555555555555555555555555555555555555566666666666666666666
 -55        6676666665555555555555555555555555555555555555555555555555555666666666666HHHHHHH6
 -54        7777766665555554444455555555555555555555555555555555555555555666666666666HHHHHHH6
 -53        7777776665555544433444444455555555555555555555555555555555555666666666666HHHHHHH6
 -52        7777776666555444333333344444444455555555555555555555555555555666666666666HHHHHHH6
 -51       77777777666554433333333333334444444445555555555555555555555555666666666666HHHHHHH6
 -50       77777777665554433333333333333344444444555555555555555555555555666666666666HHHHHHH6
 -49       777777776655443322   33322223344444444455555555555555555555555666666666666HHHHHHH6
 -48       77777777665443322       22222334444444            4445555555556666666HHH66HHHHHHH6
 -47       7877777665543332          222334444444            4444445555555666666HHH66HHHHHHH6
 -46       887777666544333           222233444444            4444444455555666666HHH66HHHHHHH6
 -45      888777766554333            222233444444            44444444445556666666666666666666
 -44      88877776655433             212233333333            444444444444                    
 -43      88877766665443              11223333333            444444444444                    
 -42      888777666654332             11122333333            4444444444444                   
 -41      888777666654332             11122333333            3333344444443                   
 -40      887776666554322            011112333333            3333333333333                   
 -39       777766655543211          0001112233333            33333333333333                  
 -38       7776665555432110        00001122222222            33333333333333                  
 -37       666666555543211000     000001122222222            33333333333333                  
 -36       666665555543211000000 0000011222222222            333333333333332                 
 -35       65555555544322110000000000112222222222            222222222222222                 
 -34       55555555444332111000000001112222222222            222222222222222                 
 -33        5555555444332211100000001122222222222            222222222222222                 
 -32        4555554443322221111100011122222222222            22222222222222                  
 -31        4444444433322211111111111111111111222            22222222222222                  
 -30        4444444333222111111111111111111111111            22222222222222                  
 -29        3343333332221111111111111111111111111            1111111111111                   
 -28        3333333322221111111111111111111111111            1111111111111                   
 -27         233322222211111111111111111111111111            1111111111111                   
 -26         222222221111111111111111111111111111            111111111111                    
 -25         222222111111111111111111111111111111            111111111111                    
 -24           111111111111111111111111111111111                                             
 -23                1111111111111111111111111                                                
 -22                     111111111111111111                                                  
 -21                             1111111                                                     
 -20                                                                                         
 -19                                                                                         
 -18                                                                                         
 -17                                                                                         
 -16                                                                                         
 -15                                                                                         
 -14                                                                                         
 -13                                                                                         
 -12                                                                                         
 -11                                                                                         
 -10                                                                                         
  -9                                         22222222                                        
  -8                                   22222222222222222                                     
  -7                                   22222222222222222222                                  
  -6                                   2222222222222222222233                                
  -5                                   3333333333333333333333                                
  -4                                   3333333333333333333333                                
  -3                                   3333333333333333333333                                
  -2                                   3333333333333333333333                                
  -1                                   3333333333333333333333                                
   0                                   3333333333333333333333                                
   1                                   3333333333333333333333                                
   2                                   3333333333333333333333                                
   3                                   3333333333333333333333                                
   4                                   3333333333333333333333                                
   5                                   2222222222222222222233                                
   6                                   22222222222222222222                                  
   7                                   22222222222222222                                     
   8                                         22222222                                        
   9                                                                                         
  10                                                                                         
  11                                                                                         
  12                                                                                         
  13                                                                                         
  14                                                                                         
  15                                                                                         
  16                                                                                         
  17                                                                                         
  18                                                                                         
  19                                                                                         
  20                             1111111                                                     
  21                     111111111111111111                                                  
  22                1111111111111111111111111                                                
  23           111111111111111111111111111111111                                             
  24         222222111111111111111111111111111111            111111111111                    
  25         222222221111111111111111111111111111            111111111111                    
  26         233322222211111111111111111111111111            1111111111111                   
  27        3333333322221111111111111111111111111            1111111111111                   
  28        3343333332221111111111111111111111111            1111111111111                   
  29        4444444333222111111111111111111111111            22222222222222                  
  30        4444444433322211111111111111111111222            22222222222222                  
  31        4555554443322221111100011122222222222            22222222222222                  
  32        5555555444332211100000001122222222222            222222222222222                 
  33       55555555444332111000000001112222222222            222222222222222                 
  34       65555555544322110000000000112222222222            222222222222222                 
  35       666665555543211000000 0000011222222222            333333333333332                 
  36       666666555543211000     000001122222222            33333333333333                  
  37       7776665555432110        00001122222222            33333333333333                  
  38       777766655543211          0001112233333            33333333333333                  
  39      887776666554322            011112333333            3333333333333                   
  40      888777666654332             11122333333            3333344444443                   
  41      888777666654332             11122333333            4444444444444                   
  42      88877766665443              11223333333            444444444444                    
  43      88877776655433             212233333333            444444444444                    
  44      888777766554333            222233444444            44444444445556666666666666666666
  45       887777666544333           222233444444            4444444455555666666HHH66HHHHHHH6
  46       7877777665543332          222334444444            4444445555555666666HHH66HHHHHHH6
  47       77777777665443322       22222334444444            4445555555556666666HHH66HHHHHHH6
  48       777777776655443322   33322223344444444455555555555555555555555666666666666HHHHHHH6
  49       77777777665554433333333333333344444444555555555555555555555555666666666666HHHHHHH6
  50       77777777666554433333333333334444444445555555555555555555555555666666666666HHHHHHH6
  51        7777776666555444333333344444444455555555555555555555555555555666666666666HHHHHHH6
  52        7777776665555544433444444455555555555555555555555555555555555666666666666HHHHHHH6
  53        7777766665555554444455555555555555555555555555555555555555555666666666666HHHHHHH6
  54        6676666665555555555555555555555555555555555555555555555555555666666666666HHHHHHH6
  55        666666666555555555555555555555555555555555555555555555555555566666666666666666666
  56        6666666555555555555555555555555555555555555555555555555555555                    
  57         666655555555555555555555555555555555555555555555555555555555                    
  58         555555555555555555555555555555555555555555555555555555555555                    
  59         555555555555555555555555555555555555555555555555555555555555                    
  60                     555555555555   555555555555555555555555555555                       
  61                     555555555555         555555555555555555                             
  62                     555555555555               555555                                   
  63                     HHHHHHHHHHHH                                                        
  64                     HHHHHHHHHHHH                                                        
  65                     555555555555                                                        
  66                     555555555555                                                        
  67                     555555555555                                                        
  68                     555555555555                                                        
  69                     555555555555                                                        
  70                     555555555555                                                        
  71                     555555555555                                                        
  72                     555555555555                                                        
  73                     555555555556                                                        
  74                     555555666666                                                        
  75                     555666666667                                                        
  76 555555555555555H5555566666777777                                                        
  77 5HHHHHHH5555555H5556666677777777                                                        
  78 5HHHHHHH5555555H5556667777777788                                                        
  79 5HHHHHHH5555555H5566677778888888                                                        
  80 5HHHHHHH5555555H5566777888888888                                                        
  81 5HHHHHHH5555555H5566778888888888                                                        
  82 5HHHHHHH5555555H5667778888899999                                                        
  83 5HHHHHHH5555555H5667778889999999                                                        
  84 5HHHHHHH5555555H566777888999999a                                                        
  85 5HHHHHHH5555555H566777888999aaa                                                         
  86 5HHHHHHH5555555H566777888999aa                                                          
  87 555555555555555H566777888999a                                                           
low y8, high y18, range 10
