CLAIMS  1 char = 1 block  x -75..74 across, z -106..105 down
KEY  0 free  1 water  2 route  3 structure  4 tree  5 boulder  6 flora  7 spawn keep-out  8 door approach  9 goal clearance  a wool-room keep-out  b structure keep-out  space void
         -7        -6        -5        -4        -3        -2        -1         0         1         2         3         4         5         6         7    
     543210987654321098765432109876543210987654321098765432109876543210987654321012345678901234567890123456789012345678901234567890123456789012345678901234
-106                 000000000                                                                       000000000000                                          
-105             000000000000000000                                                          0000000000000000000000000000                                  
-104           0000000000000000000000000                                                 00000000000000000000000000000000000000                            
-103         00000000000000000000000000000000                                      000000000000000000000000000000000000000000000000                        
-102        000000000000000000000000000000000000000                           77777777777777700000000000000000000000000000000000000000000        0         
-101       00000000000000044440000000000000000000000000000             777777777777777777777700000000000000000000000000000000000000000000000000000000      
-100      00000000000000004444400000000000000000000000000000000000007777777777777777777777777000000000000000000000000000000000000000000000000000000000     
 -99     0000000000000000004440000000000000000000000000000000000000077777777777777777777777770000000000000000000000000000000000000000000000000000000000    
 -98    00000000000000000004400000000000000000000000003333333333300077777777777777777777777770003333333333300000000000000000000000000000000044000000000    
 -97   000000000000000000000000000000000000000000000003333333333300077777777777777777777777770003333333333300000000000000000000000000000000444000000000    
 -96   000000000400000000000000000000000000000000000003333333333300077777777777777777777777770003333333333300000000000000000000000000000000444400000000    
 -95  0000000044440000000000000000000000000000000000003333333333300077777777777777777777777770003333333333300000000000000000000000000000000044000000000    
 -94  0000000004444000000000000000000000000000444440003333333333300077777777777777777777777770003333333333300000000000000000000000000000000000000000000    
 -93  00000000044400000000000000000000000000004040000033333333333000777777777bbbbbb7777777777000333333333330000000000000000000000000000000000000000000     
 -92  00000000000000000000000000000000000000000000000033333333333000777777777bbbbbb7777777777000333333333330000000000000000000000000000000000000000000     
 -91 000000000000000000000000000000000000000000000000033333333333000777777777bbbbbb7777777777000333333333330000000000000000000000000000000000000000000     
 -90 000000000000000000000000000000000000000000000000000000000000000777777777bbbbbb7777777777000000000000000000000000000000000000000000000000000000000     
 -89 000000000000000000000000000000000000000000000000000000000000000777777777bbbbbb7777777777000000000000000000000000000000000000000000000000000000000     
 -88 000000000000000000000000000000000000000000444440003333333333333377777777bbbbbb7777777773333333333333300000000000000000000000000000000000000000000     
 -87 0000000000000000000000000000000000000000004444000033333333333333777777777777777777777773333333333333300000000000000000000000000000000000000000000     
 -86 0000000000000000000000000000000000000000000000000033333333333333777777777777777777777773333333333333300000000000000000000000000000000000000000000     
 -85 0000000000000000000000000000000000000000000000000033333333333333777777777777777777777773333333333333300000000000000000000000000000000000000000000     
 -84 0000000000000000000000000000000000000000000000000033333333333333777777777777777777777773333333333333300000000000000000000000000000000000000000000     
 -83 0000000000000000000000000000000000000000000000000033333333333333777777777777777777777773333333333333300000000000000000000000000000000000000000000     
 -82 0000000000000000000000000000000000000000000000000033333333333333777777777777777722277773333333333333300000000000000000000000000000000000000000000     
 -81 0000000000000000000000000000000000000000000000000033333333333333772222277777777222227773333333333333300000000000000000000000000000000000000000000     
 -80 0000000000000000000000000000000000000000000000000000000000000007222222277777772222222227000000000000000000000000000000000000000000000000000000000     
 -79 00000000000000000000000000000000000005550000000000000000000002222222222277777722222222222200000000000000000000000000000000000000000000000000000000    
 -78 00000000000000000000000000000000000055550000000000000000000222222222222777777722222222222222000000000000000000000000000000000000000000000000000000    
 -77 00000000000000000000000000000000000055500000000000000000002222222222228888888882222222222222220000000000000000000000000000000000000000000000000000    
 -76  0000000000000000000000000000000000055000000000000000000222222222220008888888888802222222222222000000000000000000000000000000000000000000000000000    
 -75  0000000000000000000000000000000000000000000000000000002222222222000008888888888800022222222222200000000000000000000000000000000000000000000000000    
 -74  0000000000000000000000000000000000000000000000000000222222222000000008888888888800000022222222220000000000000000000000000000000000000000000000000    
 -73  0000000000000000000000000000000000000000000000000002222222000000000008888888888800000000222222222000000000000000000000000000000000000000000000000    
 -72  0000000000000000000000000000000000000000000000000022222200000000000008888888888800000000002222222200000000004000000000000000000000000004400000000    
 -71  0000000000000000000000000000000000000000000000000222222000000000000008888888888800000000000022222220000000000000000000000000000000000004440000000    
 -70  0000000000000400000000000000000000000000000000000222200000000000000008888888888800000000000002222220000000000040000000000000000000000044444000000    
 -69  00000000000044000000000000000004440000000000000022220000000000000000088888888888000000000000002222200000000000000000000440000000000000444444000000   
 -68  00000000000044444000000000000044444000000000000022220000000000000000088888888888000000000000002222220000000000000000004400000000000044444444000000   
 -67  00000000000044444440000000000444444400000000000022220000000000000000088888888888000000000000000222220000000000000000044400000000000444444444000000   
 -66  00000000000004440000000000000444444400000000000222220000000000000000088888888888000000000000000222220000000000000000044400000000000044444440000000   
 -65  00000000000000440000000000000444444400000000000222220000000000000000088888888888000000000000000222222000000000000000444400000000000004444400000000   
 -64   0000000000000000000000000000044444000009999999222229999999990000000000000000000000000009999999222222999999990000000004400000000000000444000000000   
 -63   0000000000000000000000000000004440000009999992222229999999990000000000000000000000000009999999922222999999990000000000000000000000000000000000000   
 -62   00000000000000000000000000000000000000099999992222229999999900000000000000000000000000099999992222229999999900000000000000000000000000000000000000  
 -61   00000000000000000000000000000000000000099999992222229999999900000000000000000000000000099999992222229999999900000000000000000000000000000000000000  
 -60   00000000000000000000000000000000000000099999992222229999999900000000000000000000000000099999992222229999999900000000000000000000000000000000000000  
 -59   00000000000000000000000000000000000000099999992222229999999900000000000000000000000000099999999222299999999900000000000000000000000000000000000000  
 -58   000000000000000000000000000000000000000999999992222299999999000000000000000000000000000999999992222999999999000000000000000000000000000000000000000 
 -57   000000000000000000000000000000000000000999999992222299999999000000000000000000000000000999999992222999999999000000000000000000000000000000000000000 
 -56   000000000000000000000000000000000000000999999992222299999999000000000000000000000000000999999992222999999999000000000000000000000000000000000000000 
 -55   000000000000000000000000000005500000000999999992222299999999000000000000000000000000000999999992222999999999000000000000000000000000000000000000000 
 -54   000000000000000000000000000055555000000999999992222299999999000000000000000000000000000999999992222299999999000000555550000000000000000000000000000 
 -53    00000000000000000000000000555555000000999999992222999999999000000000000000000000000000999999999222299999999000005555555000000000000000000000000000 
 -52    00000000000000000000000005555555500000999999922222999999999000000000000000000000000000999999999222299999999000055555555500000000000000000000000000 
 -51    00000000000000000000000005555555500000999999922222999999999000000000000000000000000000999999999222229999999000055555555500000000000000000000000000 
 -50    00000000000000000000000055555555500000999999922222999999999000000000000000000000000000999999999222229999999000055555555500000000000000000000000000 
 -49    00000000000000000000000005555555500000999999922229999999999000000000000000000000000000999999999222222999999000005555555500000000000000000000000000 
 -48    00000000000000000000000000555555500000999999222229999999999000000000000000000000000000999999999222222999999000005555555500000000000000000000000000 
 -47    0000000000000000000000000055555500000099999922222999999999900000000000000000000000000099999999922222299999900000055555550000000000000000000000000  
 -46    0000000000000000000000000005555000000099999922222999999999900000000000000000000000000099999999922222299999900000005555000000000000000000000000000  
 -45    0000000000000000000000000000000000000099999922222999999999900000000000000000000000000099999999992222299999900000000000000000000000000000000000000  
 -44    0000000000000000000000000000000000000099999922229999999999900000000000000000000000000099999999992222999999900000000000000000000000000000000000000  
 -43    000000000000000000000000000000000000000000000000000000000000000000000000000000000000000000000000000000000000000000000000000000000000000000000000   
 -42     0000000000000000000000000000000000000000000000000000000000000000000000000000000000000000000000000000000000000000000000000000000000000000000000    
 -41     000000000000000000000000000000000000000000000000000000000000000000000000000000000000000000000000000000000000000000000000000000000000000000000     
 -40       000000000000000000000000000000000000000000000000000000000000000000000000000000000000000000000000000000000000000000000000000000000000000000      
 -39                             00000000000000000000000000000000000000000000000000000000000000                        00000000000000000000000000000       
 -38                                    0000000000000000000000000000000000000000000000000                                     000000000000000000000        
 -37                                          0000000000000000000000000000000000000                                               00000000000000           
 -36                                                 00000000000000000000000                                                                               
 -35                                                                                                                                                       
 -34                                                                                                                                                       
 -33                                                                                                                                                       
 -32                                                                                                                                                       
 -31                                                                                                                                                       
 -30                                                                                                                                                       
 -29                                                                                                                                                       
 -28                                                                                                                                                       
 -27                                                                                                                                                       
 -26                                                                                                                                                       
 -25                                                                     0000000000000                                                                     
 -24                                                            0000000000000000000000000000000                                                            
 -23                                                      0000000000000000000000000000000000000000000                                                      
 -22                                                00000000000000000000000000000000000000000000000000000000                                               
 -21                           000000      00000000000000000000000000000000000000000000000000000000000000000000000000      000000                          
 -20                          0000000000000000000000000000000000000000000000000000000000000000000000000000000000000000000000000000                         
 -19                         000000000000000000000000000000000000000000000000000000000000000000000000000000000000000000000000000000                        
 -18                         000000000000000000000000000000000000000000000000000000000000000000000000000000000000000000000000000000                        
 -17                         000000000000000000000000000000000000000000000000000000000000000000000000000000000000000000000000000000                        
 -16                         000000000000000000000000000000000000000000000000000000000000000000000000000000000000000000000000000000                        
 -15                         000000000000000000000000000000000000000000000000000000000000000000000000000000000000000000000000000000                        
 -14                         000000000000000000000000000000000000000000000000000000000000000000000000000000000000000000000000000000                        
 -13                         000000000000000000000000000000000000000000000000000000000000000000000000000000000000003333333330000000                        
 -12                         000000000000000000000000000000000000000000000000000000000000000000000000000000000000003333333330000000                        
 -11                         000000000000000000000000000000000000000000000000000000000000000000000000000000000000003333333330000000                        
 -10                         000000000000000000000000000000000000000000000000000000000000000000000000000000000000003333333330000000                        
  -9                         000000000000000000000000000000000000000000000000000000400004400000000000000000000000003333333330000000                        
  -8                         000000000000000000000000000000000000000400000000000000044444000000000000000000000000003333333330000000                        
  -7                        00000000000000000000000000000000444000400000000000000000044400000000000000000000000000033333333300000000                       
  -6                        00000000000000000000000000000004444400040000000000000000000000000000000000000000000000033333333300000000                       
  -5                        00000000033333333300000000000044444440000400000000000000000000000000000000000000000000000000000000000000                       
  -4                        00000000033333333300000000000044444440000000000000000000000000000000000000000000000000000000000000000000                       
  -3                        00000000033333333300000000000044444440000000000000000000000000000000000000000000000000333333333000000000                       
  -2                        00000000033333333300000000000004444400000000000000000000000000000000000000000000000000333333333000000000                       
  -1                        00000000033333333300000000000000444000000000000000000000000000000000000000000000000000333333333000000000                       
   0                        00000000033333333300000000000000000000000000000000000000000000000000044400000000000000333333333000000000                       
   1                        00000000033333333300000000000000000000000000000000000000000000000000444440000000000000333333333000000000                       
   2                       0000000000333333333000000000000000000000000000000000000000000000000044444440000000000003333333330000000000                      
   3                       0000000000000000000000000000000000000000000000000000000000000000000044444440000000000003333333330000000000                      
   4                       0000000000000000000000000000000000000000000000000000000000000004000044444440000000000003333333330000000000                      
   5                       0000000003333333330000000000000000000000000000000000000000000000040004444400000000000000000000000000000000                      
   6                       0000000003333333330000000000000000000000000004440000000000000000004000444000000000000000000000000000000000                      
   7                       0000000003333333330000000000000000000000000044444000000000000000400000000000000000000000000000000000000000                      
   8                       0000000003333333330000000000000000000000000440000400000000000000000000000000000000000000000000000000000000                      
   9                       0000000003333333330000000000000000000000000000000000000000000000000000000000000000000000000000000000000000                      
  10                       0000000003333333330000000000000000000000000000000000000000000000000000000000000000000000000000000000000000                      
  11                       0000000003333333330000000000000000000000000000000000000000000000000000000000000000000000000000000000000000                      
  12                       0000000003333333330000000000000000000000000000000000000000000000000000000000000000000000000000000000000000                      
  13                       0000000000000000000000000000000000000000000000000000000000000000000000000000000000000000000000000000000000                      
  14                       0000000000000000000000000000000000000000000000000000000000000000000000000000000000000000000000000000000000                      
  15                        00000000000000000000000000000000000000000000000000000000000000000000000000000000000000000000000000000000                       
  16                        00000000000000000000000000000000000000000000000000000000000000000000000000000000000000000000000000000000                       
  17                        00000000000000000000000000000000000000000000000000000000000000000000000000000000000000000000000000000000                       
  18                         000000000000000000000000000000000000000000000000000000000000000000000000000000000000000000000000000000                        
  19                          0000000000000000000000000000000000000000000000000000000000000000000000000000000000000000000000000000                         
  20                          0000000000000000000000000000000000000000000000000000000000000000000000000000000000000000000000000000                         
  21                            00000000000000000000000000000000000                          00000000000000000000000000000000000                           
  22                              000000000000000000000000                                            000000000000000000000000                             
  23                                00000000000000                                                            00000000000000                               
  24                                                                                                                                                       
  25                                                                                                                                                       
  26                                                                                                                                                       
  27                                                                                                                                                       
  28                                                                                                                                                       
  29                                                                                                                                                       
  30                                                                                                                                                       
  31                                                                                                                                                       
  32                                                                                                                                                       
  33                                                                                                                                                       
  34                                                                                                                                                       
  35                                                                                00000000000000000000000                                                
  36            00000000000000                                               0000000000000000000000000000000000000                                         
  37         000000000000000000000                                     0000000000000000000000000000000000000000000000000                                   
  38        00000000000000000000000000000                        00000000000000000000000000000000000000000000000000000000000000                            
  39       000000000000000000000000000000000000000000000000000000000000000000000000000000000000000000000000000000000000000000000000000000000000000000      
  40      000000000000000000000000000000000000000000000000000000000000000000000000000000000000000000000000000000000000000000000000000000000000000000000    
  41     0000000000000000000000000000000000000000000000000000000000000000000000000000000000000000000000000000000000000000000000000000000000000000000000    
  42    000000000000000000000000000000000000000000000000000000000000000000000000000000000000000000000000000000000000000000000000000000000000000000000000   
  43   0000000000000000000000000000000000000099999992222999999999900000000000000000000000000099999999999222299999900000000000000000000000000000000000000   
  44   0000000000000000000000000000000000000099999922222999999999900000000000000000000000000099999999992222299999900000000000000000000000000000000000000   
  45   0000000000000000000000000005555000000099999922222299999999900000000000000000000000000099999999992222299999900000005555000000000000000000000000000   
  46   0000000000000000000000000555555500000099999922222299999999900000000000000000000000000099999999992222299999900000055555500000000000000000000000000   
  47  00000000000000000000000000555555550000099999922222299999999900000000000000000000000000099999999992222299999900000555555500000000000000000000000000   
  48  00000000000000000000000000555555550000099999922222299999999900000000000000000000000000099999999992222999999900000555555550000000000000000000000000   
  49  00000000000000000000000000555555555000099999992222299999999900000000000000000000000000099999999922222999999900000555555555000000000000000000000000   
  50  00000000000000000000000000555555555000099999992222299999999900000000000000000000000000099999999922222999999900000555555550000000000000000000000000   
  51  00000000000000000000000000555555555000099999999222299999999900000000000000000000000000099999999922222999999900000555555550000000000000000000000000   
  52  00000000000000000000000000055555550000099999999222299999999900000000000000000000000000099999999922229999999900000055555500000000000000000000000000   
  53  000000000000000000000000000055555000000999999992222299999999000000000000000000000000000999999992222299999999000000555550000000000000000000000000000  
  54  000000000000000000000000000000000000000999999999222299999999000000000000000000000000000999999992222299999999000000005500000000000000000000000000000  
  55  000000000000000000000000000000000000000999999999222299999999000000000000000000000000000999999992222299999999000000000000000000000000000000000000000  
  56  000000000000000000000000000000000000000999999999222299999999000000000000000000000000000999999992222299999999000000000000000000000000000000000000000  
  57  000000000000000000000000000000000000000999999999222299999999000000000000000000000000000999999992222299999999000000000000000000000000000000000000000  
  58   00000000000000000000000000000000000000999999999222299999999000000000000000000000000000999999992222229999999000000000000000000000000000000000000000  
  59   00000000000000000000000000000000000000999999992222229999999000000000000000000000000000999999992222229999999000000000000000000000000000000000000000  
  60   00000000000000000000000000000000000000999999992222229999999000000000000000000000000000999999992222229999999000000000000000000000000000000000000000  
  61   00000000000000000000000000000000000000999999992222229999999000000000000000000000000000999999992222229999999000000000000000000000000000000000000000  
  62    0000000000000000000000000000000000000999999992222299999999000000000000000000000000000999999999222222999999000000444000000000000000000000000000000  
  63    0000000004440000000000000044000000000999999992222229999999000000000000000000000000000999999999222229999999000004444400000000000000000000000000000  
  64    00000000444440000000000000444400000000000000022222200000000000000000000000000000000000000000002222200000000000444444400000000000004400000000000000 
  65    00000004444444000000000000444000000000000000002222200000000000000008888888888800000000000000002222200000000000444444400000000000004440000000000000 
  66    00000044444444400000000000444000000000000000002222200000000000000008888888888800000000000000002222000000000000444444400000000004444444000000000000 
  67    00000044444444000000000000440000000000000000002222220000000000000008888888888800000000000000002222000000000000044444000000000000044444000000000000 
  68    00000044444400000000000004400000000000000000000222220000000000000008888888888800000000000000002222000000000000004440000000000000000044000000000000 
  69     0000004444400000000000000000000000400000000000222222000000000000008888888888800000000000000022220000000000000000000000000000000000040000000000000 
  70     0000000444000000000000000000000000000000000000222222200000000000008888888888800000000000002222220000000000000000000000000000000000000000000000000 
  71     0000000044000000000000000000000000004000000000022222222000000000008888888888800000000000022222200000000000000000000000000000000000000000000000000 
  72     0000000000000000000000000000000000000000000000002222222220000000008888888888800000000002222222000000000000000000000000000000000000000000000000000 
  73     0000000000000000000000000000000000000000000000000222222222200000008888888888800000002222222220000000000000000000000000000000000000000000000000000 
  74     0000000000000000000000000000000000000000000000000022222222222200008888888888800002222222222000000000000000000000000000000000000000000000000000000 
  75     0000000000000000000000000000000000000000000000000002222222222222008888888888800222222222220000000000000000055500000000000000000000000000000000000 
  76     00000000000000000000000000000000000000000000000000002222222222222228888888882222222222220000000000000000000555000000000000000000000000000000000000
  77     00000000000000000000000000000000000000000000000000000022222222222222888888822222222222200000000000000000005555000000000000000000000000000000000000
  78     00000000000000000000000000000000000000000000000000000000222222222222777777222222222220000000000000000000005550000000000000000000000000000000000000
  79      0000000000000000000000000000000000000000000000000000000000222222222777777722222227700000000000000000000000000000000000000000000000000000000000000
  80      0000000000000000000000000000000000000000000033333333333333777222227777777722222773333333333333300000000000000000000000000000000000000000000000000
  81      0000000000000000000000000000000000000000000033333333333333777722277777777777777773333333333333300000000000000000000000000000000000000000000000000
  82      0000000000000000000000000000000000000000000033333333333333777777777777777777777773333333333333300000000000000000000000000000000000000000000000000
  83      0000000000000000000000000000000000000000000033333333333333777777777777777777777773333333333333300000000000000000000000000000000000000000000000000
  84      0000000000000000000000000000000000000000000033333333333333777777777777777777777773333333333333300000000000000000000000000000000000000000000000000
  85      0000000000000000000000000000000000000000000033333333333333777777777777777777777773333333333333300000000000000000000000000000000000000000000000000
  86      0000000000000000000000000000000000000000000033333333333333777777777777777777777773333333333333300004444000000000000000000000000000000000000000000
  87      0000000000000000000000000000000000000000000033333333333333777777777bbbbbb777777773333333333333300044444000000000000000000000000000000000000000000
  88      0000000000000000000000000000000000000000000000000000000000777777777bbbbbb777777777700000000000000000000000000000000000000000000000000000000000000
  89      0000000000000000000000000000000000000000000000000000000000777777777bbbbbb777777777700000000000000000000000000000000000000000000000000000000000000
  90      0000000000000000000000000000000000000000000333333333330000777777777bbbbbb777777777700333333333330000000000000000000000000000000000000000000000000
  91      0000000000000000000000000000000000000000000333333333330000777777777bbbbbb77777777770033333333333000000000000000000000000000000000000000000000000 
  92      0000000000000000000000000000000000000000000333333333330000777777777bbbbbb77777777770033333333333000004040000000000000000000000000000444000000000 
  93     0000000000000000000000000000000000000000000033333333333000077777777777777777777777770033333333333000444440000000000000000000000000004444000000000 
  94     0000000004400000000000000000000000000000000033333333333000077777777777777777777777770033333333333000000000000000000000000000000000000444400000000 
  95     000000004444000000000000000000000000000000003333333333300007777777777777777777777777003333333333300000000000000000000000000000000000004000000000  
  96     000000000444000000000000000000000000000000003333333333300007777777777777777777777777003333333333300000000000000000000000000000000000000000000000  
  97     00000000044000000000000000000000000000000000333333333330000777777777777777777777777700333333333330000000000000000000000000440000000000000000000   
  98     0000000000000000000000000000000000000000000000000000000000077777777777777777777777770000000000000000000000000000000000000444000000000000000000    
  99      00000000000000000000000000000000000000000000000000000000007777777777777777777777777000000000000000000000000000000000000444440000000000000000     
 100       000000000000000000000000000000000000000000000000000000000777777777777777777777             00000000000000000000000000004444000000000000000      
 101          0        00000000000000000000000000000000000000000000077777777777777                           000000000000000000000000000000000000000       
 102                         000000000000000000000000000000000000000777777777                                      00000000000000000000000000000000        
 103                             00000000000000000000000000000000000000                                                 0000000000000000000000000          
 104                                   0000000000000000000000000000                                                          000000000000000000            
 105                                           000000000000                                                                       000000000                
placed 48, declined 0
