## spawn-red -> destroyable-1-0
ROUTE (7, -95) -> (-1, -43) aim travel: 55 blocks, 3 placed, 0 drop(s), worst drop 0
  place            y   step
  (7, -95)          13
  (7, -94)          13
  (7, -93)          13
  (7, -92)          13
  (7, -91)          13
  (7, -90)          13
  (7, -89)          13
  (7, -88)          13
  (7, -87)          13
  (7, -86)          13
  (7, -85)          13
  (7, -84)          13
  (7, -83)          13
  (7, -82)          13
  (7, -81)          13
  (7, -80)          12
  (7, -79)          12
  (7, -78)          12
  (7, -77)          12
  (7, -76)          12
  (7, -75)          12
  (7, -74)          12
  (7, -73)          12
  (7, -72)          12
  (7, -71)          12
  (7, -70)          12
  (7, -69)          12
  (7, -68)          12
  (7, -67)          12
  (7, -66)          12
  (7, -65)          11
  (7, -64)          11
  (7, -63)          11
  (7, -62)          11
  (7, -61)          11
  (7, -60)          11
  (7, -59)          11
  (7, -58)          11
  (7, -57)          11
  (7, -56)          11
  (7, -55)          11
  (6, -54)          11
  (5, -53)          11
  (4, -52)          11
  (3, -51)          11
  (2, -50)          15   barrier +4
  (2, -49)          15
  (2, -48)          15
  (2, -47)          15
  (2, -46)          15
  (1, -45)          15
  (0, -44)          15
  (-1, -43)         16
rises 1, falls 0, worst step 4: barrier +4 at (2, -50)
beside: destroyable destroyable-1 at (-1, -43) d0, spawn spawn-1 at (7, -95) d0

## spawn-red -> destroyable-1-1
ROUTE (7, -95) -> (-1, 41) aim travel: 139 blocks, 51 placed, 2 drop(s), worst drop 16
  place            y   step
  (7, -95)          13
  (7, -94)          13
  (7, -93)          13
  (7, -92)          13
  (7, -91)          13
  (7, -90)          13
  (7, -89)          13
  (7, -88)          13
  (7, -87)          13
  (7, -86)          13
  (7, -85)          13
  (7, -84)          13
  (7, -83)          13
  (7, -82)          13
  (7, -81)          13
  (7, -80)          12
  (7, -79)          12
  (7, -78)          12
  (7, -77)          12
  (7, -76)          12
  (7, -75)          12
  (7, -74)          12
  (7, -73)          12
  (7, -72)          12
  (7, -71)          12
  (7, -70)          12
  (7, -69)          12
  (7, -68)          12
  (7, -67)          12
  (7, -66)          12
  (7, -65)          11
  (7, -64)          11
  (7, -63)          11
  (7, -62)          11
  (7, -61)          11
  (7, -60)          11
  (7, -59)          11
  (7, -58)          11
  (7, -57)          11
  (7, -56)          11
  (7, -55)          11
  (7, -54)          11
  (7, -53)          11
  (7, -52)          11
  (7, -51)          11
  (7, -50)          10
  (7, -49)          10
  (7, -48)          10
  (7, -47)          10
  (7, -46)          11
  (7, -45)          12
  (7, -44)          13
  (7, -43)          14
  (7, -42)          15
  (7, -41)          15
  (7, -40)          15
  (7, -39)          15
  (7, -38)          15
  (7, -37)          14
  (7, -36)          13
  (7, -35)          12
  (7, -34)          11
  (7, -33)          10
  (7, -32)          10
  (7, -31)          10
  (7, -30)          10
  (7, -29)          10
  (7, -28)          10
  (7, -27)          10
  (7, -26)          10
  (7, -25)           9
  (7, -24)           9
  (7, -23)           9
  (7, -22)           9
  (7, -21)           9
  (7, -20)           9
  (7, -19)           9
  (7, -18)           9
  (7, -17)           9
  (7, -16)           9
  (7, -15)           9
  (7, -14)           9
  (7, -13)           9
  (7, -12)           9
  (7, -11)           9
  (7, -10)           9
  (7, -9)            9
  (7, -8)            9
  (7, -7)            9
  (7, -6)           25   barrier +16
  (7, -5)           25
  (7, -4)           25
  (7, -3)           25
  (7, -2)           25
  (7, -1)           26
  (7, 0)            26
  (7, 1)            25
  (7, 2)            25
  (7, 3)            25
  (7, 4)            25
  (7, 5)            25
  (7, 6)             9   drop -16
  (7, 7)             9
  (7, 8)             9
  (7, 9)             9
  (7, 10)            9
  (7, 11)            9
  (7, 12)            9
  (7, 13)            9
  (7, 14)            9
  (7, 15)            9
  (7, 16)            9
  (7, 17)            9
  (7, 18)            9
  (7, 19)            9
  (7, 20)            9
  (7, 21)            9
  (7, 22)            9
  (7, 23)            9
  (7, 24)            9
  (7, 25)           10
  (7, 26)           10
  (7, 27)           10
  (7, 28)           10
  (7, 29)           10
  (7, 30)           10
  (7, 31)           10
  (7, 32)           10
  (7, 33)           11
  (6, 34)           12
  (5, 35)           13
  (4, 36)           24   barrier +11
  (3, 37)           23
  (2, 38)           15   drop -8
  (1, 39)           15
  (0, 40)           15
  (-1, 41)          16
rises 2, falls 2, worst step 16: barrier +16 at (7, -6); drop -16 at (7, 6); barrier +11 at (4, 36); drop -8 at (2, 38)
beside: destroyable destroyable-1#1 at (-1, 41) d0, spawn spawn-1 at (7, -95) d0

## spawn-red -> red-0
ROUTE (7, -95) -> (50, -54) aim travel: 78 blocks, 10 placed, 2 drop(s), worst drop 8
  place            y   step
  (7, -95)          13
  (7, -94)          13
  (7, -93)          13
  (7, -92)          13
  (7, -91)          13
  (7, -90)          13
  (7, -89)          13
  (7, -88)          13
  (7, -87)          13
  (7, -86)          13
  (7, -85)          13
  (7, -84)          13
  (7, -83)          13
  (7, -82)          13
  (7, -81)          13
  (7, -80)          12
  (7, -79)          12
  (7, -78)          12
  (7, -77)          12
  (7, -76)          12
  (7, -75)          12
  (7, -74)          12
  (7, -73)          12
  (7, -72)          12
  (7, -71)          12
  (7, -70)          12
  (7, -69)          12
  (7, -68)          12
  (8, -67)          12
  (9, -66)          12
  (10, -65)         11
  (11, -64)         11
  (12, -63)         11
  (13, -62)         11
  (14, -61)         11
  (15, -60)         11
  (16, -59)         11
  (17, -58)         11
  (18, -57)         11
  (19, -56)         16   wall +5
  (20, -55)         16
  (21, -55)         12   wall -4
  (22, -55)         12
  (23, -55)         12
  (24, -55)         12
  (25, -55)         12
  (26, -55)         12
  (27, -55)         12
  (28, -55)         12
  (29, -55)         12
  (30, -55)         12
  (31, -55)         12
  (32, -55)         12
  (33, -55)         12
  (34, -55)         12
  (35, -55)         13
  (36, -55)         14
  (37, -55)         15
  (38, -55)         16
  (39, -55)         17
  (40, -55)         17
  (41, -55)         17
  (42, -55)         17
  (43, -55)         17
  (44, -55)         17
  (45, -55)         18
  (46, -55)         25   barrier +7
  (47, -56)         25
  (48, -57)         17   drop -8
  (48, -56)         17
  (49, -55)         17
  (50, -54)         17
rises 2, falls 2, worst step 8: wall +5 at (19, -56); wall -4 at (21, -55); barrier +7 at (46, -55); drop -8 at (48, -57)
beside: redstoneline 0 at (45, -55) d0, spawn spawn-1 at (7, -95) d0, tree acacia-east at (24, -55) d0, wall 0 at (19, -56) d0, wool wool-1 at (46, -55) d0

## spawn-red -> orange-0
ROUTE (7, -95) -> (-30, -85) aim travel: 78 blocks, 11 placed, 2 drop(s), worst drop 8
  place            y   step
  (7, -95)          13
  (7, -94)          13
  (7, -93)          13
  (7, -92)          13
  (7, -91)          13
  (7, -90)          13
  (7, -89)          13
  (7, -88)          13
  (7, -87)          13
  (7, -86)          13
  (7, -85)          13
  (7, -84)          13
  (7, -83)          13
  (7, -82)          13
  (7, -81)          13
  (7, -80)          12
  (7, -79)          12
  (7, -78)          12
  (7, -77)          12
  (7, -76)          12
  (7, -75)          12
  (7, -74)          12
  (7, -73)          12
  (7, -72)          12
  (6, -71)          12
  (5, -70)          12
  (4, -69)          12
  (3, -68)          12
  (2, -67)          12
  (1, -66)          12
  (0, -65)          11
  (-1, -65)         11
  (-2, -65)         11
  (-3, -65)         11
  (-4, -65)         11
  (-5, -65)         11
  (-6, -65)         11
  (-7, -65)         11
  (-8, -65)         11
  (-9, -65)         11
  (-10, -65)        11
  (-11, -65)        11
  (-12, -65)        11
  (-13, -65)        11
  (-14, -65)        11
  (-15, -65)        11
  (-16, -65)        11
  (-17, -65)        11
  (-18, -65)        11
  (-19, -65)        11
  (-20, -65)        11
  (-21, -65)        17   wall +6
  (-21, -66)        17
  (-21, -67)        13   wall -4
  (-21, -68)        13
  (-21, -69)        13
  (-21, -70)        13
  (-21, -71)        13
  (-21, -72)        13
  (-21, -73)        13
  (-21, -74)        13
  (-21, -75)        13
  (-21, -76)        13
  (-22, -77)        13
  (-23, -78)        13
  (-24, -79)        13
  (-25, -80)        13
  (-26, -81)        14
  (-27, -82)        21   barrier +7
  (-28, -83)        21
  (-29, -84)        13   drop -8
  (-30, -85)        13
rises 2, falls 2, worst step 8: wall +6 at (-21, -65); wall -4 at (-21, -67); barrier +7 at (-27, -82); drop -8 at (-29, -84)
beside: redstoneline 1 at (-26, -81) d0, spawn spawn-1 at (7, -95) d0, wall 1 at (-21, -66) d0, wool wool-2 at (-30, -85) d0

## spawn-red -> blue-1
ROUTE (7, -95) -> (-50, 54) aim travel: 190 blocks, 37 placed, 2 drop(s), worst drop 8
  place            y   step
  (7, -95)          13
  (7, -94)          13
  (7, -93)          13
  (7, -92)          13
  (7, -91)          13
  (7, -90)          13
  (7, -89)          13
  (7, -88)          13
  (7, -87)          13
  (7, -86)          13
  (7, -85)          13
  (7, -84)          13
  (7, -83)          13
  (7, -82)          13
  (7, -81)          13
  (7, -80)          12
  (7, -79)          12
  (7, -78)          12
  (7, -77)          12
  (7, -76)          12
  (7, -75)          12
  (7, -74)          12
  (7, -73)          12
  (7, -72)          12
  (7, -71)          12
  (7, -70)          12
  (7, -69)          12
  (7, -68)          12
  (7, -67)          12
  (7, -66)          12
  (7, -65)          11
  (7, -64)          11
  (7, -63)          11
  (6, -62)          11
  (5, -61)          11
  (4, -60)          11
  (3, -59)          11
  (2, -58)          11
  (1, -57)          11
  (0, -56)          11
  (-1, -55)         11
  (-2, -54)         11
  (-3, -53)         11
  (-4, -52)         11
  (-5, -51)         11
  (-6, -50)         10
  (-6, -49)         10
  (-6, -48)         10
  (-6, -47)         10
  (-6, -46)         11
  (-6, -45)         12
  (-6, -44)         13
  (-6, -43)         14
  (-6, -42)         15
  (-6, -41)         15
  (-6, -40)         15
  (-6, -39)         15
  (-6, -38)         15
  (-7, -37)         14
  (-8, -36)         13
  (-9, -35)         10
  (-9, -34)         10
  (-9, -33)         10
  (-9, -32)         10
  (-9, -31)         10
  (-9, -30)         10
  (-9, -29)         10
  (-9, -28)         10
  (-9, -27)         10
  (-9, -26)         10
  (-9, -25)          9
  (-9, -24)          9
  (-9, -23)          9
  (-9, -22)          9
  (-9, -21)          9
  (-9, -20)          9
  (-9, -19)          9
  (-9, -18)          9
  (-9, -17)          9
  (-9, -16)          9
  (-9, -15)          9
  (-9, -14)          9
  (-9, -13)          9
  (-9, -12)          9
  (-9, -11)          9
  (-9, -10)          9
  (-9, -9)           9
  (-9, -8)           9
  (-10, -7)          9
  (-11, -6)          9
  (-12, -5)          9
  (-13, -4)          9
  (-14, -3)          9
  (-15, -2)          9
  (-16, -1)          9
  (-17, 0)           9
  (-17, 1)           9
  (-17, 2)           9
  (-17, 3)           9
  (-17, 4)           9
  (-17, 5)           9
  (-17, 6)           9
  (-17, 7)           9
  (-17, 8)           9
  (-17, 9)           9
  (-17, 10)          9
  (-17, 11)          9
  (-18, 12)          9
  (-19, 13)          9
  (-20, 14)          9
  (-20, 15)          9
  (-20, 16)          9
  (-20, 17)          9
  (-20, 18)          9
  (-20, 19)          9
  (-20, 20)          9
  (-20, 21)          9
  (-20, 22)          9
  (-20, 23)          9
  (-20, 24)          9
  (-20, 25)         10
  (-20, 26)         10
  (-20, 27)         10
  (-20, 28)         10
  (-20, 29)         10
  (-20, 30)         10
  (-20, 31)         10
  (-20, 32)         10
  (-20, 33)         10
  (-20, 34)         10
  (-20, 35)         10
  (-20, 36)         10
  (-20, 37)         10
  (-20, 38)         10
  (-20, 39)         10
  (-20, 40)         10
  (-20, 41)         10
  (-20, 42)         10
  (-20, 43)         10
  (-20, 44)         10
  (-20, 45)         10
  (-20, 46)         10
  (-20, 47)         10
  (-20, 48)         10
  (-20, 49)         10
  (-20, 50)         16   wall +6
  (-21, 50)         16
  (-22, 50)         12   wall -4
  (-23, 50)         12
  (-24, 50)         12
  (-25, 50)         12
  (-26, 50)         12
  (-27, 50)         12
  (-28, 50)         12
  (-29, 50)         12
  (-30, 50)         12
  (-31, 50)         12
  (-32, 50)         12
  (-33, 50)         12
  (-34, 50)         12
  (-35, 50)         12
  (-36, 50)         13
  (-37, 50)         14
  (-38, 50)         15
  (-39, 50)         16
  (-40, 50)         17
  (-41, 50)         17
  (-42, 50)         17
  (-43, 50)         17
  (-44, 51)         17
  (-45, 52)         17
  (-46, 53)         18
  (-47, 54)         25   barrier +7
  (-48, 55)         25
  (-49, 56)         17   drop -8
  (-49, 55)         17
  (-50, 54)         17
rises 2, falls 2, worst step 8: wall +6 at (-20, 50); wall -4 at (-22, 50); barrier +7 at (-47, 54); drop -8 at (-49, 56)
beside: redstoneline 0#1 at (-46, 53) d0, spawn spawn-1 at (7, -95) d0, wall 0#1 at (-21, 50) d0, wool wool-1#1 at (-50, 54) d0

## spawn-red -> light_blue-1
ROUTE (7, -95) -> (30, 85) aim travel: 189 blocks, 42 placed, 4 drop(s), worst drop 8
  place            y   step
  (7, -95)          13
  (7, -94)          13
  (7, -93)          13
  (7, -92)          13
  (7, -91)          13
  (7, -90)          13
  (7, -89)          13
  (7, -88)          13
  (7, -87)          13
  (7, -86)          13
  (7, -85)          13
  (7, -84)          13
  (7, -83)          13
  (7, -82)          13
  (7, -81)          13
  (7, -80)          12
  (7, -79)          12
  (7, -78)          12
  (7, -77)          12
  (7, -76)          12
  (7, -75)          12
  (7, -74)          12
  (7, -73)          12
  (7, -72)          12
  (7, -71)          12
  (7, -70)          12
  (7, -69)          12
  (7, -68)          12
  (7, -67)          12
  (7, -66)          12
  (7, -65)          11
  (7, -64)          11
  (7, -63)          11
  (7, -62)          11
  (7, -61)          11
  (7, -60)          11
  (7, -59)          11
  (7, -58)          11
  (7, -57)          11
  (7, -56)          11
  (7, -55)          11
  (7, -54)          11
  (7, -53)          11
  (7, -52)          11
  (7, -51)          11
  (7, -50)          10
  (7, -49)          10
  (7, -48)          10
  (7, -47)          10
  (7, -46)          11
  (7, -45)          12
  (7, -44)          13
  (7, -43)          14
  (7, -42)          15
  (7, -41)          15
  (7, -40)          15
  (7, -39)          15
  (7, -38)          15
  (8, -37)          10   drop -5
  (9, -36)          10
  (10, -35)         10
  (10, -34)         10
  (10, -33)         10
  (10, -32)         10
  (10, -31)         10
  (10, -30)         10
  (10, -29)         10
  (10, -28)         10
  (10, -27)         10
  (10, -26)         10
  (10, -25)          9
  (10, -24)          9
  (10, -23)          9
  (10, -22)          9
  (10, -21)          9
  (10, -20)          9
  (10, -19)          9
  (10, -18)          9
  (10, -17)          9
  (10, -16)          9
  (10, -15)          9
  (10, -14)          9
  (10, -13)          9
  (10, -12)          9
  (10, -11)          9
  (10, -10)          9
  (10, -9)           9
  (10, -8)           9
  (10, -7)           9
  (10, -6)           9
  (11, -5)           9
  (12, -4)           2   drop -7
  (12, -3)           2
  (12, -2)           2
  (12, -1)           2
  (12, 0)            2
  (12, 1)            2
  (12, 2)            2
  (12, 3)            2
  (12, 4)            9   barrier +7
  (12, 5)            9
  (12, 6)            9
  (12, 7)            9
  (12, 8)            9
  (12, 9)            9
  (12, 10)           9
  (12, 11)           9
  (12, 12)           9
  (12, 13)           9
  (12, 14)           9
  (12, 15)           9
  (12, 16)           9
  (12, 17)           9
  (12, 18)           9
  (12, 19)           9
  (12, 20)           9
  (12, 21)           9
  (12, 22)           9
  (12, 23)           9
  (12, 24)           9
  (12, 25)          10
  (12, 26)          10
  (12, 27)          10
  (12, 28)          10
  (12, 29)          10
  (12, 30)          10
  (12, 31)          10
  (12, 32)          10
  (12, 33)          10
  (12, 34)          10
  (12, 35)          10
  (12, 36)          10
  (12, 37)          10
  (12, 38)          10
  (12, 39)          10
  (12, 40)          10
  (12, 41)          10
  (12, 42)          10
  (12, 43)          10
  (12, 44)          10
  (12, 45)          10
  (12, 46)          10
  (12, 47)          10
  (12, 48)          10
  (12, 49)          10
  (12, 50)          11
  (12, 51)          11
  (12, 52)          11
  (12, 53)          11
  (12, 54)          11
  (12, 55)          11
  (13, 56)          11
  (14, 57)          11
  (15, 58)          11
  (16, 59)          11
  (17, 60)          11
  (18, 61)          11
  (19, 62)          11
  (20, 63)          12
  (20, 64)          17   wall +5
  (20, 65)          17
  (20, 66)          13   wall -4
  (20, 67)          13
  (20, 68)          13
  (20, 69)          13
  (20, 70)          13
  (20, 71)          13
  (20, 72)          13
  (20, 73)          13
  (20, 74)          13
  (20, 75)          13
  (21, 76)          13
  (22, 77)          13
  (23, 78)          13
  (24, 79)          13
  (25, 80)          14
  (26, 81)          21   barrier +7
  (27, 82)          21
  (28, 83)          13   drop -8
  (29, 84)          13
  (30, 85)          13
rises 3, falls 4, worst step 8: drop -5 at (8, -37); drop -7 at (12, -4); barrier +7 at (12, 4); wall +5 at (20, 64); wall -4 at (20, 66); barrier +7 at (26, 81); drop -8 at (28, 83)
beside: house house-post#1 at (12, 43) d0, redstoneline 1#1 at (25, 80) d0, spawn spawn-1 at (7, -95) d0, wall 1#1 at (20, 64) d0, wool wool-2#1 at (26, 81) d0, boulder rock-west#1 at (13, 26) d1

## spawn-blue -> destroyable-1-0
ROUTE (-7, 95) -> (-1, -43) aim travel: 140 blocks, 41 placed, 1 drop(s), worst drop 16
  place            y   step
  (-7, 95)          13
  (-7, 94)          13
  (-7, 93)          13
  (-7, 92)          13
  (-7, 91)          13
  (-7, 90)          13
  (-7, 89)          13
  (-7, 88)          13
  (-7, 87)          13
  (-7, 86)          13
  (-7, 85)          13
  (-7, 84)          13
  (-7, 83)          13
  (-7, 82)          13
  (-7, 81)          13
  (-7, 80)          13
  (-7, 79)          12
  (-7, 78)          12
  (-7, 77)          12
  (-7, 76)          12
  (-7, 75)          12
  (-7, 74)          12
  (-7, 73)          12
  (-7, 72)          12
  (-7, 71)          12
  (-7, 70)          12
  (-7, 69)          12
  (-7, 68)          12
  (-7, 67)          12
  (-7, 66)          12
  (-7, 65)          12
  (-7, 64)          11
  (-7, 63)          11
  (-7, 62)          11
  (-7, 61)          11
  (-7, 60)          11
  (-7, 59)          11
  (-7, 58)          11
  (-7, 57)          11
  (-7, 56)          11
  (-7, 55)          11
  (-7, 54)          11
  (-7, 53)          11
  (-7, 52)          11
  (-7, 51)          11
  (-7, 50)          11
  (-7, 49)          10
  (-7, 48)          10
  (-7, 47)          10
  (-7, 46)          10
  (-7, 45)          11
  (-7, 44)          12
  (-7, 43)          13
  (-7, 42)          14
  (-7, 41)          15
  (-7, 40)          15
  (-7, 39)          15
  (-7, 38)          15
  (-7, 37)          15
  (-7, 36)          14
  (-7, 35)          13
  (-7, 34)          12
  (-7, 33)          11
  (-7, 32)          10
  (-7, 31)          10
  (-7, 30)          10
  (-7, 29)          10
  (-7, 28)          10
  (-7, 27)          10
  (-7, 26)          10
  (-7, 25)          10
  (-7, 24)           9
  (-7, 23)           9
  (-7, 22)           9
  (-7, 21)           9
  (-7, 20)           9
  (-7, 19)           9
  (-7, 18)           9
  (-7, 17)           9
  (-7, 16)           9
  (-7, 15)           9
  (-7, 14)           9
  (-7, 13)           9
  (-7, 12)           9
  (-7, 11)           9
  (-7, 10)           9
  (-7, 9)            9
  (-7, 8)            9
  (-7, 7)            9
  (-7, 6)            9
  (-7, 5)           25   barrier +16
  (-7, 4)           25
  (-7, 3)           25
  (-7, 2)           25
  (-7, 1)           25
  (-7, 0)           26
  (-7, -1)          26
  (-7, -2)          25
  (-7, -3)          25
  (-7, -4)          25
  (-7, -5)          25
  (-7, -6)          25
  (-7, -7)           9   drop -16
  (-7, -8)           9
  (-7, -9)           9
  (-7, -10)          9
  (-7, -11)          9
  (-7, -12)          9
  (-7, -13)          9
  (-7, -14)          9
  (-7, -15)          9
  (-7, -16)          9
  (-7, -17)          9
  (-7, -18)          9
  (-7, -19)          9
  (-7, -20)          9
  (-7, -21)          9
  (-7, -22)          9
  (-7, -23)          9
  (-7, -24)          9
  (-7, -25)          9
  (-7, -26)         10
  (-7, -27)         10
  (-7, -28)         10
  (-7, -29)         10
  (-7, -30)         10
  (-7, -31)         10
  (-7, -32)         10
  (-7, -33)         10
  (-7, -34)         11
  (-7, -35)         12
  (-7, -36)         13
  (-7, -37)         14
  (-6, -38)         15
  (-5, -39)         15
  (-4, -40)         15
  (-3, -41)         15
  (-2, -42)         15
  (-1, -43)         16
rises 1, falls 1, worst step 16: barrier +16 at (-7, 5); drop -16 at (-7, -7)
beside: destroyable destroyable-1 at (-3, -41) d0, spawn spawn-1#1 at (-7, 92) d0

## spawn-blue -> destroyable-1-1
ROUTE (-7, 95) -> (-1, 41) aim travel: 56 blocks, 3 placed, 0 drop(s), worst drop 0
  place            y   step
  (-7, 95)          13
  (-7, 94)          13
  (-7, 93)          13
  (-7, 92)          13
  (-7, 91)          13
  (-7, 90)          13
  (-7, 89)          13
  (-7, 88)          13
  (-7, 87)          13
  (-7, 86)          13
  (-7, 85)          13
  (-7, 84)          13
  (-7, 83)          13
  (-7, 82)          13
  (-7, 81)          13
  (-7, 80)          13
  (-7, 79)          12
  (-7, 78)          12
  (-7, 77)          12
  (-7, 76)          12
  (-7, 75)          12
  (-7, 74)          12
  (-7, 73)          12
  (-7, 72)          12
  (-7, 71)          12
  (-7, 70)          12
  (-7, 69)          12
  (-7, 68)          12
  (-7, 67)          12
  (-7, 66)          12
  (-7, 65)          12
  (-7, 64)          11
  (-7, 63)          11
  (-7, 62)          11
  (-7, 61)          11
  (-7, 60)          11
  (-7, 59)          11
  (-7, 58)          11
  (-7, 57)          11
  (-7, 56)          11
  (-7, 55)          11
  (-7, 54)          11
  (-7, 53)          11
  (-6, 52)          11
  (-5, 51)          11
  (-4, 50)          11
  (-3, 49)          15   barrier +4
  (-3, 48)          15
  (-3, 47)          15
  (-3, 46)          15
  (-3, 45)          15
  (-3, 44)          15
  (-3, 43)          15
  (-2, 42)          15
  (-1, 41)          16
rises 1, falls 0, worst step 4: barrier +4 at (-3, 49)
beside: destroyable destroyable-1#1 at (-3, 43) d0, spawn spawn-1#1 at (-7, 92) d0

## spawn-blue -> red-0
ROUTE (-7, 95) -> (50, -54) aim travel: 192 blocks, 43 placed, 3 drop(s), worst drop 8
  place            y   step
  (-7, 95)          13
  (-7, 94)          13
  (-7, 93)          13
  (-7, 92)          13
  (-7, 91)          13
  (-7, 90)          13
  (-7, 89)          13
  (-7, 88)          13
  (-7, 87)          13
  (-7, 86)          13
  (-7, 85)          13
  (-7, 84)          13
  (-7, 83)          13
  (-7, 82)          13
  (-7, 81)          13
  (-7, 80)          13
  (-7, 79)          12
  (-7, 78)          12
  (-7, 77)          12
  (-7, 76)          12
  (-7, 75)          12
  (-7, 74)          12
  (-7, 73)          12
  (-7, 72)          12
  (-7, 71)          12
  (-7, 70)          12
  (-7, 69)          12
  (-7, 68)          12
  (-7, 67)          12
  (-7, 66)          12
  (-7, 65)          12
  (-7, 64)          11
  (-7, 63)          11
  (-7, 62)          11
  (-7, 61)          11
  (-6, 60)          11
  (-5, 59)          11
  (-4, 58)          11
  (-3, 57)          11
  (-2, 56)          11
  (-1, 55)          11
  (0, 54)           11
  (1, 53)           11
  (2, 52)           11
  (3, 51)           11
  (4, 50)           11
  (5, 49)           10
  (5, 48)           10
  (5, 47)           10
  (5, 46)           10
  (5, 45)           11
  (5, 44)           12
  (5, 43)           13
  (5, 42)           14
  (5, 41)           15
  (5, 40)           15
  (5, 39)           15
  (5, 38)           15
  (5, 37)           15
  (6, 36)           14
  (7, 35)           13
  (8, 34)           10
  (8, 33)           10
  (8, 32)           10
  (8, 31)           10
  (8, 30)           10
  (8, 29)           10
  (8, 28)           10
  (8, 27)           10
  (8, 26)           10
  (8, 25)           10
  (8, 24)            9
  (8, 23)            9
  (8, 22)            9
  (8, 21)            9
  (8, 20)            9
  (8, 19)            9
  (8, 18)            9
  (8, 17)            9
  (8, 16)            9
  (8, 15)            9
  (8, 14)            9
  (8, 13)            9
  (8, 12)            9
  (8, 11)            9
  (8, 10)            9
  (8, 9)             9
  (8, 8)             9
  (8, 7)             9
  (9, 6)             9
  (10, 5)            9
  (11, 4)            9
  (12, 3)            2   drop -7
  (12, 2)            2
  (12, 1)            2
  (12, 0)            2
  (12, -1)           2
  (12, -2)           2
  (12, -3)           2
  (12, -4)           2
  (12, -5)           9   barrier +7
  (12, -6)           9
  (12, -7)           9
  (12, -8)           9
  (12, -9)           9
  (12, -10)          9
  (12, -11)          9
  (12, -12)          9
  (12, -13)          9
  (12, -14)          9
  (12, -15)          9
  (12, -16)          9
  (12, -17)          9
  (12, -18)          9
  (12, -19)          9
  (12, -20)          9
  (12, -21)          9
  (12, -22)          9
  (12, -23)          9
  (12, -24)          9
  (12, -25)          9
  (12, -26)         10
  (12, -27)         10
  (12, -28)         10
  (12, -29)         10
  (12, -30)         10
  (12, -31)         10
  (12, -32)         10
  (12, -33)         10
  (12, -34)         10
  (12, -35)         10
  (12, -36)         10
  (12, -37)         10
  (12, -38)         10
  (12, -39)         10
  (12, -40)         10
  (12, -41)         10
  (12, -42)         10
  (12, -43)         10
  (12, -44)         10
  (13, -45)         10
  (14, -46)         10
  (15, -47)         10
  (16, -48)         10
  (17, -49)         10
  (18, -50)         10
  (19, -51)         16   wall +6
  (20, -52)         16
  (21, -52)         12   wall -4
  (22, -52)         12
  (23, -52)         12
  (24, -52)         12
  (25, -52)         12
  (26, -52)         12
  (27, -52)         12
  (28, -52)         12
  (29, -52)         12
  (30, -52)         12
  (31, -52)         12
  (32, -52)         12
  (33, -52)         12
  (34, -52)         12
  (35, -52)         13
  (36, -52)         14
  (37, -52)         15
  (38, -52)         16
  (39, -52)         17
  (40, -52)         17
  (41, -52)         17
  (42, -52)         17
  (43, -52)         17
  (44, -53)         17
  (45, -54)         18
  (46, -55)         25   barrier +7
  (47, -56)         25
  (48, -57)         17   drop -8
  (48, -56)         17
  (49, -55)         17
  (50, -54)         17
rises 3, falls 3, worst step 8: drop -7 at (12, 3); barrier +7 at (12, -5); wall +6 at (19, -51); wall -4 at (21, -52); barrier +7 at (46, -55); drop -8 at (48, -57)
beside: redstoneline 0 at (45, -54) d0, spawn spawn-1#1 at (-7, 92) d0, wall 0 at (19, -51) d0, wool wool-1 at (46, -55) d0

## spawn-blue -> orange-0
ROUTE (-7, 95) -> (-30, -85) aim travel: 189 blocks, 44 placed, 5 drop(s), worst drop 8
  place            y   step
  (-7, 95)          13
  (-7, 94)          13
  (-7, 93)          13
  (-7, 92)          13
  (-7, 91)          13
  (-7, 90)          13
  (-7, 89)          13
  (-7, 88)          13
  (-7, 87)          13
  (-7, 86)          13
  (-7, 85)          13
  (-7, 84)          13
  (-7, 83)          13
  (-7, 82)          13
  (-7, 81)          13
  (-7, 80)          13
  (-7, 79)          12
  (-7, 78)          12
  (-7, 77)          12
  (-7, 76)          12
  (-7, 75)          12
  (-7, 74)          12
  (-7, 73)          12
  (-7, 72)          12
  (-7, 71)          12
  (-7, 70)          12
  (-7, 69)          12
  (-7, 68)          12
  (-7, 67)          12
  (-7, 66)          12
  (-7, 65)          12
  (-7, 64)          11
  (-7, 63)          11
  (-7, 62)          11
  (-7, 61)          11
  (-7, 60)          11
  (-7, 59)          11
  (-7, 58)          11
  (-7, 57)          11
  (-7, 56)          11
  (-7, 55)          11
  (-7, 54)          11
  (-7, 53)          11
  (-7, 52)          11
  (-7, 51)          11
  (-7, 50)          11
  (-7, 49)          10
  (-7, 48)          10
  (-7, 47)          10
  (-7, 46)          10
  (-7, 45)          11
  (-7, 44)          12
  (-7, 43)          13
  (-7, 42)          14
  (-7, 41)          15
  (-7, 40)          15
  (-7, 39)          15
  (-7, 38)          15
  (-7, 37)          15
  (-8, 36)          14
  (-9, 35)          10   drop -4
  (-10, 34)         10
  (-10, 33)         10
  (-10, 32)         10
  (-10, 31)         10
  (-10, 30)         10
  (-10, 29)         10
  (-10, 28)         10
  (-10, 27)         10
  (-10, 26)         10
  (-10, 25)         10
  (-10, 24)          9
  (-10, 23)          9
  (-10, 22)          9
  (-10, 21)          9
  (-10, 20)          9
  (-10, 19)          9
  (-10, 18)          9
  (-10, 17)          9
  (-10, 16)          9
  (-10, 15)          9
  (-10, 14)          9
  (-10, 13)          9
  (-10, 12)          9
  (-10, 11)          9
  (-10, 10)          9
  (-10, 9)           9
  (-10, 8)           9
  (-10, 7)           9
  (-11, 6)           9
  (-12, 5)           9
  (-13, 4)           9
  (-14, 3)           9
  (-15, 2)           9
  (-16, 1)           9
  (-17, 0)           9
  (-17, -1)          9
  (-17, -2)          9
  (-17, -3)          9
  (-17, -4)          9
  (-17, -5)          9
  (-17, -6)          9
  (-17, -7)          9
  (-17, -8)          9
  (-17, -9)          9
  (-17, -10)         9
  (-17, -11)         9
  (-17, -12)         9
  (-18, -13)         9
  (-19, -14)         9
  (-20, -15)         9
  (-20, -16)         9
  (-20, -17)         9
  (-20, -18)         9
  (-20, -19)         9
  (-20, -20)         9
  (-20, -21)         9
  (-20, -22)         9
  (-20, -23)         9
  (-20, -24)         9
  (-20, -25)         9
  (-20, -26)        10
  (-20, -27)        10
  (-20, -28)        10
  (-20, -29)        10
  (-20, -30)        10
  (-20, -31)        10
  (-20, -32)        10
  (-20, -33)        10
  (-20, -34)        10
  (-20, -35)        10
  (-20, -36)        10
  (-20, -37)        10
  (-20, -38)        15   barrier +5
  (-20, -39)        15
  (-20, -40)        15
  (-20, -41)        15
  (-20, -42)        15
  (-20, -43)        15
  (-20, -44)        15
  (-20, -45)        20   barrier +5
  (-20, -46)        20
  (-20, -47)        20
  (-20, -48)        20
  (-20, -49)        20
  (-20, -50)        20
  (-20, -51)        15   drop -5
  (-20, -52)        11   drop -4
  (-20, -53)        11
  (-20, -54)        11
  (-20, -55)        11
  (-20, -56)        11
  (-20, -57)        11
  (-20, -58)        11
  (-20, -59)        11
  (-20, -60)        11
  (-20, -61)        11
  (-20, -62)        11
  (-20, -63)        11
  (-21, -64)        12
  (-21, -65)        17   wall +5
  (-21, -66)        17
  (-21, -67)        13   wall -4
  (-21, -68)        13
  (-21, -69)        13
  (-21, -70)        13
  (-21, -71)        13
  (-21, -72)        13
  (-21, -73)        13
  (-21, -74)        13
  (-21, -75)        13
  (-21, -76)        13
  (-22, -77)        13
  (-23, -78)        13
  (-24, -79)        13
  (-25, -80)        13
  (-26, -81)        14
  (-27, -82)        21   barrier +7
  (-28, -83)        21
  (-29, -84)        13   drop -8
  (-30, -85)        13
rises 4, falls 5, worst step 8: drop -4 at (-9, 35); barrier +5 at (-20, -38); barrier +5 at (-20, -45); drop -5 at (-20, -51); drop -4 at (-20, -52); wall +5 at (-21, -65); wall -4 at (-21, -67); barrier +7 at (-27, -82); drop -8 at (-29, -84)
beside: house house-post at (-20, -51) d0, redstoneline 1 at (-26, -81) d0, spawn spawn-1#1 at (-7, 92) d0, wall 1 at (-21, -66) d0, wool wool-2 at (-30, -85) d0, boulder rock-west at (-18, -31) d2

## spawn-blue -> blue-1
ROUTE (-7, 95) -> (-50, 54) aim travel: 78 blocks, 10 placed, 2 drop(s), worst drop 8
  place            y   step
  (-7, 95)          13
  (-7, 94)          13
  (-7, 93)          13
  (-7, 92)          13
  (-7, 91)          13
  (-7, 90)          13
  (-7, 89)          13
  (-7, 88)          13
  (-7, 87)          13
  (-7, 86)          13
  (-7, 85)          13
  (-7, 84)          13
  (-7, 83)          13
  (-7, 82)          13
  (-7, 81)          13
  (-7, 80)          13
  (-7, 79)          12
  (-7, 78)          12
  (-7, 77)          12
  (-7, 76)          12
  (-7, 75)          12
  (-7, 74)          12
  (-7, 73)          12
  (-7, 72)          12
  (-7, 71)          12
  (-7, 70)          12
  (-7, 69)          12
  (-7, 68)          12
  (-8, 67)          12
  (-9, 66)          12
  (-10, 65)         12
  (-11, 64)         11
  (-12, 63)         11
  (-13, 62)         11
  (-14, 61)         11
  (-15, 60)         11
  (-16, 59)         11
  (-17, 58)         11
  (-18, 57)         11
  (-19, 56)         11
  (-20, 55)         16   wall +5
  (-21, 54)         16
  (-22, 54)         12   wall -4
  (-23, 54)         12
  (-24, 54)         12
  (-25, 54)         12
  (-26, 54)         12
  (-27, 54)         12
  (-28, 54)         12
  (-29, 54)         12
  (-30, 54)         12
  (-31, 54)         12
  (-32, 54)         12
  (-33, 54)         12
  (-34, 54)         12
  (-35, 54)         12
  (-36, 54)         13
  (-37, 54)         14
  (-38, 54)         15
  (-39, 54)         16
  (-40, 54)         17
  (-41, 54)         17
  (-42, 54)         17
  (-43, 54)         17
  (-44, 54)         17
  (-45, 54)         17
  (-46, 54)         18
  (-47, 54)         25   barrier +7
  (-48, 55)         25
  (-49, 56)         17   drop -8
  (-49, 55)         17
  (-50, 54)         17
rises 2, falls 2, worst step 8: wall +5 at (-20, 55); wall -4 at (-22, 54); barrier +7 at (-47, 54); drop -8 at (-49, 56)
beside: redstoneline 0#1 at (-46, 54) d0, spawn spawn-1#1 at (-7, 92) d0, tree acacia-east#1 at (-25, 54) d0, wall 0#1 at (-21, 54) d0, wool wool-1#1 at (-50, 54) d0

## spawn-blue -> light_blue-1
ROUTE (-7, 95) -> (30, 85) aim travel: 80 blocks, 11 placed, 2 drop(s), worst drop 8
  place            y   step
  (-7, 95)          13
  (-7, 94)          13
  (-7, 93)          13
  (-7, 92)          13
  (-7, 91)          13
  (-7, 90)          13
  (-7, 89)          13
  (-7, 88)          13
  (-7, 87)          13
  (-7, 86)          13
  (-7, 85)          13
  (-7, 84)          13
  (-7, 83)          13
  (-7, 82)          13
  (-7, 81)          13
  (-7, 80)          13
  (-7, 79)          12
  (-7, 78)          12
  (-7, 77)          12
  (-7, 76)          12
  (-7, 75)          12
  (-7, 74)          12
  (-7, 73)          12
  (-7, 72)          12
  (-7, 71)          12
  (-7, 70)          12
  (-6, 69)          12
  (-5, 68)          12
  (-4, 67)          12
  (-3, 66)          12
  (-2, 65)          12
  (-1, 64)          11
  (0, 64)           11
  (1, 64)           11
  (2, 64)           11
  (3, 64)           11
  (4, 64)           11
  (5, 64)           11
  (6, 64)           11
  (7, 64)           11
  (8, 64)           11
  (9, 64)           11
  (10, 64)          11
  (11, 64)          11
  (12, 64)          11
  (13, 64)          11
  (14, 64)          11
  (15, 64)          11
  (16, 64)          11
  (17, 64)          11
  (18, 64)          11
  (19, 64)          11
  (20, 64)          17   wall +6
  (20, 65)          17
  (20, 66)          13   wall -4
  (20, 67)          13
  (20, 68)          13
  (20, 69)          13
  (20, 70)          13
  (20, 71)          13
  (20, 72)          13
  (20, 73)          13
  (20, 74)          13
  (20, 75)          13
  (21, 76)          13
  (22, 77)          13
  (23, 78)          13
  (24, 79)          13
  (25, 80)          14
  (26, 81)          21   barrier +7
  (27, 82)          21
  (28, 83)          13   drop -8
  (29, 84)          13
  (30, 85)          13
rises 2, falls 2, worst step 8: wall +6 at (20, 64); wall -4 at (20, 66); barrier +7 at (26, 81); drop -8 at (28, 83)
beside: redstoneline 1#1 at (25, 80) d0, spawn spawn-1#1 at (-7, 92) d0, wall 1#1 at (20, 64) d0, wool wool-2#1 at (26, 81) d0
