CLAIMS  1 char = 1 block  x -55..54 across, z -100..99 down
KEY  0 free  1 water  2 paving  3 structure  4 tree  5 boulder  6 flora  7 spawn keep-out  8 door approach  9 goal clearance  a wool-room keep-out  b structure keep-out  space void
         -5        -4        -3        -2        -1         0         1         2         3         4         5    
     54321098765432109876543210987654321098765432109876543210123456789012345678901234567890123456789012345678901234
-100                                                        777777777777777                                        
 -99                                                        777777777777777                                        
 -98                                                        7777bbbbbb77777                                        
 -97                                                        7777bbbbbb77777                                        
 -96                                                        aaaabbbbbbaaaaa                                        
 -95                                                        aaaabbbbbbaaaaa                                        
 -94                                                        aaaabbbbbbaaaaa                                        
 -93                                                        aaaabbbbbbaaaaa                                        
 -92                                                        aaaaa77777aaaaa                                        
 -91                                                        777777777777777                                        
 -90                     aaaaaaaaaaaaaaa                    777777777777777                                        
 -89                     aaaaaaaaaaaaaaa                    777777777777777                                        
 -88                     aabbbbbbaaaaaaa                    777777777777777                                        
 -87                     aabbbbbbaaaaaaa                    777777777777777                                        
 -86                     aabbbbbbaaaaaaa                    777777777777777                                        
 -85                     aabbbbbbaaaaaaa                    777777777777777                                        
 -84                     aabbbbbbaaaaaaa                    777777777777777                                        
 -83                     bbbbbbbbbbbbbbb                    777777777777777                                        
 -82                     bbbbbbbbbbbbbbb                    777777722777777                                        
 -81                     bbbbbbbbbbbbbbb                    777777222777777                                        
 -80                     bbbbbbbbbbbbbbb                    777777222777777                                        
 -79                     bbbbbbbbbbbbbbb                    777777222777777                                        
 -78                     aaaaaaaaaaaaaaa                    777777222777777                                        
 -77                     088888888888888                    088888222888888                                        
 -76                     088888888888888                    088888222888888                                        
 -75                     088888888888888                    088888222888888                                        
 -74                     088888888888888                    088888222888888                                        
 -73                     088888888888888                    088888222888888                                        
 -72                     088888888888888                    088888222888888                                        
 -71                     088888888888888                    000000222000000                                        
 -70                     000000000000000                    000000222000000                                        
 -69                     000000000000000                    000000222000000                                        
 -68                     bbbbbbbbbbbbbbb                    000000222000000                                        
 -67                     bbbbbbbbbbbbbbb                    000000022200000                                        
 -66                     bbbbbbbbbbbbbbb                    000000022200000                                        
 -65                     bbbbbbbbbbbbbbbbbb0000000000000000000000002220000000b4444444444444000000000000bbbbbaaaaaaa
 -64                     bbbbbbbbbbbbbbbbbb0000000000000000000000000222000000b4444444444444000008888888bbbbbaaaaaaa
 -63                     bbbbbbbbbbbbbbbbbb0000000000000000000000000222000000b4444444444444000008888888bbbbbaaaaaaa
 -62                     bbbbbbbbbbbbbbbbbb000000000000000000000000002220000044444444444444400008888888bbbbbaaaaaaa
 -61                     0004000000000000000000000000000000000000000022200000b4444444444444000008888888bbbbbaaaaaaa
 -60                     4444444000000000000000000000000000000000000022220000b44444444444440000     888bbbbbaaaaaaa
 -59                     4444444400000000000000000000000000000000000002220000b44444444444440000     888bbbbbaaaaaaa
 -58                     4444444440000000000000000000000000000000000002220000bb4444444444400000     888bbbbbbbbbbba
 -57                     4444444444000000000000000000000000000000000002220000bbb444444444000000     888bbbbbbbbbbba
 -56                     4444444444000000000000000000000000000000000002220000bbbb44444440000000     888bbbbbbbbbbba
 -55                     4444444444000000000000000000000000000000000000222000bbbbbbb4000000000008888888bbbbbbbbbbba
 -54                     4444444444400000000000000000000000000000000000222000bbbbbbb0000000000008888888bbbbbbbbbbba
 -53                     4444444444000000000000009999999999999999999990222000bbbbbbb0000000000008888888bbbbbbbbbbba
 -52                     4444444444000000000000009999999999999999999990222000bbbbbbb0000000000008888888bbbbbbbbbbba
 -51                     4444444444000033333333309999999999999999999990222000bbbbbbb0000000000008888888bbbbbaaaaaaa
 -50                                    3333333309999999999999999999990222000bbb                                   
 -49                                    3333333309999999999999999999990222000bbb                                   
 -48                                    3333333309999999999999999999990222000bbb                                   
 -47                                    3333333309999999999999999999990222000000                                   
 -46                                    3333333309999999999999999999990222000000                                   
 -45                                    3333333309999999999999999999990222000000                                   
 -44                                    3333333309999999999999999999990222000000                                   
 -43                                    3333333009999999999999999999990222000000                                   
 -42                                    3333333009999999999999999999990222000000                                   
 -41                                    3333333009999999999999999999990222000000                                   
 -40                                    3333333009999999999999999999990222000000                                   
 -39                                    3333333009999999999999999999990222000000                                   
 -38                                    3333333009999999999999999999990222000000                                   
 -37                                    3333333009999999999999999999990222000000                                   
 -36                                    0000000009999999999999999999990222000000                                   
 -35                                    000000000999999          999990222000000                                   
 -34                                    000000000999999          999990222000000                                   
 -33                                    000000000999999          999990222000000                                   
 -32                                    000000000000000          000000222000000                                   
 -31                                    005555000000000          000000222000000                                   
 -30                                    005555500000000          000000222000000                                   
 -29                                    005555500000000          000000222000000                                   
 -28                                    005555500000000          000000222000000                                   
 -27                                    005555500000000          000000222000000                                   
 -26                                    000550000000000          000000222000000                                   
 -25                                    0000000000000000000000000000000222000000                                   
 -24                                    0000000000000000000000000000000222000000                                   
 -23                                    0000000000000000000000000000000222000000                                   
 -22                                    0000000000000000000000000000000222000000                                   
 -21                                    0000000000000000000000000000000222000000                                   
 -20                                    0000000000000000000000000000000222000000                                   
 -19                                    0000000000000000000000000000000020000000                                   
 -18                                    0000000000000000000000000000000000000000                                   
 -17                                    0000000000000000000000000000000000000000                                   
 -16                                    0000000000000000000000000000000000000000                                   
 -15                                    000000000000000          000000000000000                                   
 -14                                    000000000000000          000000000000000                                   
 -13                                                                                                               
 -12                                                                                                               
 -11                                                                                                               
 -10                                                                                                               
  -9                                                                                                               
  -8                                                                                                               
  -7                                                                                                               
  -6                                                                                                               
  -5                                                                                                               
  -4                                                                                                               
  -3                                                                                                               
  -2                                                                                                               
  -1                                                                                                               
   0                                                                                                               
   1                                                                                                               
   2                                                                                                               
   3                                                                                                               
   4                                                                                                               
   5                                                                                                               
   6                                                                                                               
   7                                                                                                               
   8                                                                                                               
   9                                                                                                               
  10                                                                                                               
  11                                                                                                               
  12                                                                                                               
  13                                    000000000000000          000000000000000                                   
  14                                    000000000000000          000000000000000                                   
  15                                    0000000000000000000000000000000000000000                                   
  16                                    0000000000000000000000000000000000000000                                   
  17                                    0000000000000000000000000000000000000000                                   
  18                                    0000000200000000000000000000000000000000                                   
  19                                    0000002220000000000000000000000000000000                                   
  20                                    0000002220000000000000000000000000000000                                   
  21                                    0000002220000000000000000000000000000000                                   
  22                                    0000002220000000000000000000000000000000                                   
  23                                    0000002220000000000000000000000000000000                                   
  24                                    0000002220000000000000000000000000000000                                   
  25                                    000000222000000          000000000055000                                   
  26                                    000000222000000          000000005555500                                   
  27                                    000000222000000          000000005555500                                   
  28                                    000000222000000          000000005555500                                   
  29                                    000000222000000          000000005555500                                   
  30                                    000000222000000          000000000555500                                   
  31                                    000000222999999          999990000000000                                   
  32                                    000000222999999          999990000000000                                   
  33                                    000000222999999          999990000000000                                   
  34                                    000000222999999          999990000000000                                   
  35                                    0000002229999999999999999999990000000000                                   
  36                                    0000002229999999999999999999990003333333                                   
  37                                    0000002229999999999999999999990003333333                                   
  38                                    0000002229999999999999999999990003333333                                   
  39                                    0000002229999999999999999999990003333333                                   
  40                                    0000002229999999999999999999990003333333                                   
  41                                    0000002229999999999999999999990003333333                                   
  42                                    0000002229999999999999999999990003333333                                   
  43                                    0000002229999999999999999999990033333333                                   
  44                                    0000002229999999999999999999990033333333                                   
  45                                    0000002229999999999999999999990033333333                                   
  46                                    0000002229999999999999999999990033333333                                   
  47                                    0000002229999999999999999999990033333333                                   
  48                                    bbbb002229999999999999999999990033333333                                   
  49                                    bbbb002229999999999999999999990033333333                                   
  50 aaaaaaabbbbba0000000000000000000bbbbbbb002229999999999999999999990033333333300004444444444                    
  51 abbbbbbbbbbba8888888000000000000bbbbbbb002229999999999999999999990000000000000004444444444                    
  52 abbbbbbbbbbba8888888000000000000bbbbbbb002220000000000000000000000000000000000004444444444                    
  53 abbbbbbbbbbba8888888000000000000bbbbbbb002220000000000000000000000000000000000044444444444                    
  54 abbbbbbbbbbba8888888000000000040bbbbbbb002220000000000000000000000000000000000004444444444                    
  55 abbbbbbbbbbba88     00000004444444bbbbb000222000000000000000000000000000000000004444444444                    
  56 abbbbbbbbbbba88     000000444444444bbbb000222000000000000000000000000000000000004444444444                    
  57 abbbbbbbbbbba88     0000044444444444bbb000222000000000000000000000000000000000000444444444                    
  58 aaaaaaabbbbba88     00004444444444444bb000222000000000000000000000000000000000000044444444                    
  59 aaaaaaabbbbba88     00004444444444444bb000222200000000000000000000000000000000000004444444                    
  60 aaaaaaabbbbba888888800004444444444444bb000022200000000000000000000000000000000000000004000                    
  61 aaaaaaabbbbba8888888000444444444444444b000022200000000000000000000000000000000000000000000                    
  62 aaaaaaabbbbba888888800004444444444444bb0000022200000000000000000000000000bbbbbbbbbbbbbbbbb                    
  63 aaaaaaabbbbba888888800004444444444444bb0000022200000000000000000000000000bbbbbbbbbbbbbbbbb                    
  64 aaaaaaabbbbba888888800004444444444444bb0000002220000000000000000000000000bbbbbbbbbbbbbbbbb                    
  65                                         000002220000000                    bbbbbbbbbbbbbbb                    
  66                                         000002220000000                    bbbbbbbbbbbbbbb                    
  67                                         000000222000000                    bbbbbbbbbbbbbbb                    
  68                                         000000222000000                    bbbbbbbbbbbbbbb                    
  69                                         000000222000000                    000000000000000                    
  70                                         000000222000000                    000000000000000                    
  71                                         000000222000000                    088888888888888                    
  72                                         088888222888888                    088888888888888                    
  73                                         088888222888888                    088888888888888                    
  74                                         088888222888888                    088888888888888                    
  75                                         088888222888888                    088888888888888                    
  76                                         088888222888888                    088888888888888                    
  77                                         088888222888888                    088888888888888                    
  78                                         777777222777777                    bbbbbbbbbbbbbbb                    
  79                                         777777222777777                    bbbbbbbbbbbbbbb                    
  80                                         777777222777777                    bbbbbbbbbbbbbbb                    
  81                                         777777227777777                    bbbbbbbbbbbbbbb                    
  82                                         777777777777777                    bbbbbbbbbbbbbbb                    
  83                                         777777777777777                    aaaaaaabbbbbbaa                    
  84                                         777777777777777                    aaaaaaabbbbbbaa                    
  85                                         777777777777777                    aaaaaaabbbbbbaa                    
  86                                         777777777777777                    aaaaaaabbbbbbaa                    
  87                                         777777777777777                    aaaaaaabbbbbbaa                    
  88                                         777777777777777                    aaaaaaaaaaaaaaa                    
  89                                         777777777777777                    aaaaaaaaaaaaaaa                    
  90                                         777777777777777                                                       
  91                                         aaaaa77777aaaaa                                                       
  92                                         aaaaabbbbbbaaaa                                                       
  93                                         aaaaabbbbbbaaaa                                                       
  94                                         aaaaabbbbbbaaaa                                                       
  95                                         aaaaabbbbbbaaaa                                                       
  96                                         77777bbbbbb7777                                                       
  97                                         77777bbbbbb7777                                                       
  98                                         777777777777777                                                       
  99                                         777777777777777                                                       
placed 10, declined 0
