CLAIMS  1 char = 1 block  x -141..140 across, z -82..81 down
KEY  0 free  1 water  2 paving  3 structure  4 tree  5 boulder  6 flora  7 spawn keep-out  8 door approach  9 goal clearance  a wool-room keep-out  b structure keep-out  space void
     -4        -3        -2        -1        -0        -9        -8        -7        -6        -5        -4        -3        -2        -1         0         1         2         3         4         5         6         7         8         9         0         1         2         3         4
     109876543210987654321098765432109876543210987654321098765432109876543210987654321098765432109876543210987654321098765432109876543210987654321012345678901234567890123456789012345678901234567890123456789012345678901234567890123456789012345678901234567890123456789012345678901234567890
 -82                                                                                                                                                                                                      0666660                                                                              
 -81                                                                                                                                                                                                 000000666666600                                                                           
 -80                                                                            0000000                                                                                                          00000000000006666000000                                                                       
 -79                                                                       0000000000000000                                                                                                   0000000000000000660000000000                                                                     
 -78                                                                   00000000000000000000000                                                                                            00000000000000000000660006600000000                                                                  
 -77                                                                000000000000000000000000000000                                                                                     0000000000000000000000066666660000000000                                                                
 -76                                                              000000000000000000000000000000000000                                                                               66000000000000000000000000666000000000000000                                                              
 -75                                                           0000000000000000000000000000000000000000000                                                                         000600000000000000000000000000000000000000000000                                                            
 -74                                                         0000000000000000000000000000000000000000000000000                                                                   0000000000000000000000000000000000000000000000000000                                                          
 -73                                                       00000000000000000000000000000000000000000000000000000                                                               00000000000000000000000000000000000000000000000000000000                                                        
 -72                                                     0000000000066000000000000000000000000000000000000000000000                                                          000000000000000000000000000000000000000000000000000000000000                                                      
 -71                                                   000000000000066000000000000000000000000000000000066000000000000                                                     0000000000000000666660000000000000000000000000000000000000000000                                                    
 -70                                                 0000000000000000000000000000000000000000000000000066660000000000000                                                  00000000000000006666666000000000000000000000000000000000000060000000                                                 
 -69                                               00000000000000000000000000000000000000000000000000006666000000000000000                                              000000000000000000000000000000000000000000000000000000000000006000000000                                               
 -68                                             000000000000000000000000000000000000000000000000000000666000000000000000000                                           000000000000000000000000000000000000000000000000000000000000000000000000000                                             
 -67                                           0000000000000000000000000000000000000000000000000000000066600000000000000000000                                       0000000000000000000000000000000000000000000000000000000000000000000000000000000                                           
 -66                                          000000000000000000000000000000000000000000000000000000000660000000000000000000000                                     000000000000000000000000000000000000000000000000000000000000000000000000000000000                                          
 -65                                         000000000000000000000000000000000000000000000000000000000066000000000000000000000000                                  000000000000000000000000000000000000000000000000000060000060000000000000000000000000                                        
 -64                                        00000000000000000060000000000000000000000000000000000000000000000000000000000000000000                                00000000000000000000000000000000000000000000000000000660006660000000000000000000000000                                       
 -63                                       000000000000000000060000000000000000000000000000000000000000000000000000000000000000000                                000000000000000000000000000000000000000000000000000006666666600000000000000000000000000                                      
 -62                                      0000000000000000000000000000000000000000000000000000000000000000000000000000000000000000                                0000000000000000000000000000000000000000000000000000066606666000000000000000000000000000                                     
 -61                                     00000000000000000000000000000000000000000000000000000000000000000000000000000000000060000                               000000000000000000000000000000000000000000000000000006660000000000000000000000000000000006                                    
 -60                                    0000000000000000000000000000000000000000000000000000000000000000000000000000000000006600000                              0000000000000000000000000000000000000000000000000000066600000000000000000000000000000000066                                   
 -59                                   00000000000000000000000000000000000000000000000000000000000000000000000000000000000000600000                              00000000000000000000000000000000000000000000000000000000000000000000000000000000000000000066                                  
 -58                                 0000000000000000000000000000000000000000000000000000000000000000000000000000000000000000000000                              0000000000000000000000000000000000000000000000000066600000000000000000000000000000000000000000                                
 -57                                00000000000000000000000000000000000000000000000000000000000000000000000000000000000000000006600                              00666666000000000000000000000000000000000000000666666040000000000000000000000000000000000000060                               
 -56                              0000000000000000000000000000000000000000000000000000000000000000000000000000000000000000000000600                              0066666600000000000000000000000000000000000000666664444444000000000000000000000000000000000000000                             
 -55                             00000000000000000000000000000000000000000000000000000000000000000000000000000000000000000000000000                              00666000000000000000000000000000000000000000006604444444444400000000000000000000000000000000000000                            
 -54                           0000000000000000000000000000000000000000000000000000000000000000000000000000000000000000000000000000                             00006000000000000000000000000000000000000000000604444444444444000000000000000000000000000000000000000                          
 -53                          00000000000000000000000000000000000000000000000000000000000000000000000000000000000000000000000000000                             000000000000000000000000000000000000000000000000044444444444440000000000000000000000000000000000000000                         
 -52                        0000000000000000000000000000000000000000000000000000000000000000000000000000000000000000000000000000000                             0000000000000000000000000000000000000000005550004444444444444440000000000000000000000000000000000000000                        
 -51                       00000000000000000000000000000000000000000000000000000000000000000000000000000000000000000000000000000000                             000000000000000000000000000000000000000000555000444444444444444000000000000000000000000000000000000000000                      
 -50                      000000000000000000000000000000000000000000000000000000000000000000000000000000000000000000000000000000000                             0000000000000000000000000000000000000000005550004444444444444440000000000000000000000000000000000000000000                     
 -49                     0000000000000000000000000000000000000000000000000000000000000000000000000000000000000000000000000060000000                             00000000000000000000000000000000000000000600000444444444444444440000000000000000000000000000000000000000000                    
 -48                   000000000000000000000000000000000000000000000000000000000000000000000000000000000000000000000000006660000000                             000000000000000000000000000000000000000066000000444444444444444000000000000000000000000000000000000000000000                   
 -47                  0000000000000000000000000000000000000000000000000000000000000000000000000000000000000000000000000000000000000                             00000000000000000000000000000000000000000000000044444444444444400000000000000000000000000000000000000000000000                 
 -46                 00000000000000000000000000000000000000000000000000000000000000000000000000000000000000000000000000000000000000                             000000000000000000000000000000000000000000000000444444444444444000000000000000000000000000000000000000000000000                
 -45                000000000000000000000000000000000000000000000000000000000002222000000000000000005555000000000000000000000000000                             6000000000000000000000000000000000000000000000000444444444444400000000000000000000000000000000000000000000000000               
 -44                000000000000000000000000000000000000000000000000000002222222222222220000000000005555500000000000000000000000000                             6600000000000000000000000000000000000000000000000444444444444400000000000000000000000000000000000000004000000000               
 -43               0000000000000000000000000000000000000000000000000022222222222222222222220000000000555000000000000000000000000000                             66600000000000000000500000000000000000000000000000444444444440000000000000000000550060000000000000044444440000006              
 -42               0000000000000000000000000000000000000000000000022222222222220000222222222220000000050000000000000000000000000000                             66600000000000000055550000000000000000000000000002222222222222200000000000000000555066600000000004444444444400006              
 -41              00000000000000000000000000000000000000000000022222222220000000000000002222222200000000000000000000000000000000000                             666000000000000000555500000000000000000000000222222222222222222222200000000000055555660000000000444444444444400000             
 -40              00000000000000000000000000000000000000000002222222200000000000000000000002222222000000000000000000000000000000000                             666000000000000000055500000000000000000000222222222222222222222222222200000000005550000000000000444444444444400000             
 -39             000000000000000000000000000000000000000000222222200000000000000000000000000022222220000000000000000000000000000000                              66000000000000000000000000000000000000022222222200000000000000222222222200000000500000000000004444444444444440000             
 -38             000000000000000000000000000000006600000022222220000000000000000000000000000000022222200000000000000000000000000000                              60000000000000000000000000000000000002222222000000000000000000000022222222000000000000000000004444444444444440000             
 -37            0000000000000000000000000000000666600000222222000000060000000000000006600000000000222220000000000000000000000000000                              600000000000000000000000000000000002222222000000000000000000000000000222222000000000000000000044444444444444400000            
 -36            0000000000000000000000000000006666600022222200000000660000000000000006660000000000022222200000000000000000000000000                              600000000000000000000000000000000222222200000006660000000000000000000002222220000000000000000444444444444444444000            
 -35            0000000000000000000000000000000666600222220000000000000000000000000000660000000000000222220000000000000000000000000                              600000000000000000000000000000022222200000000006666000000000000000000000022222000000000000000044444444444444444444            
 -34           00000400000000000000000000000000000002222000000000000000000000000000000000000000000000022222200000000000000000000000                              0000000000000000000000000000002222200000000000066660000000000000000000000002222200060000000000444444444444444444444           
 -33           00444444400000000000000000000000000222220000000000000000000000000000000000000000000000000222222200000000000000000000                              0000000000000000000000000000222222000000000000066600000000000000000000000000222220666000000000444444444444444444444           
 -32           44444444444000000000000000000000002222200000000000000000000000000000000000000000000000000002222222000000000000000000                              0000000000000000000000000222222200000000000000000000000000000000000000000000022222060000000000044444444444444444444           
 -31           44444444444400000000000000000000022222000000000000000000000000000000000000000000000000000000022222222000000000000000                              0000002222222222002222222222222000000000000000000000000000000000000000000000002222200000000000044444444444444444444           
 -30           44444444444400000000000000000000222220000000000000000000000000000000000000000000000000000000000222222222200000000000                              00000022222222222222222222220000000000000000000000000000000000000000060000000000222200000000000044444444444444444444          
 -29           44444444444440000000000000000002222200000000000000000000000000000000000000000000000000000000000000222222222222000000                              00000002222222222222222220000000000000000000000000000000000000000000000000000000022220000000000000444444444444444444          
 -28           44444444444440000000000000000022222000000000000000000000000000000000000000000000000000000000000000000222222222200000                              00000000000000002200000000000000000000000000000000000000000000000000000000000000002222000000000000000444444444444444          
 -27           4444444444444000000000000000022222000000000000000000000000000000000000000000000000000000000000555000000002222220000                               00000000000000660000000000000000000000000000000000000000000000000000000000000000000222200000000000000004444444444444          
 -26          44444444444444400000000000000222220000000000000000000000000000000000000000000000000000000000000555000000000000000000                               000000000000000000000000000000000000000000000000000000000000000000000000000000000002222200000000000000044444444444444         
 -25          44444444444444000000000000000222200000000000000000000000000000000000000000000000000000000000000555000000000000000000                               000000000000000000000000000000000000000000000000000000000000000000000000000000000000222200000000000000044444444444444         
 -24          44444444444444000000000066002222000000000000000000000000000000000000000000000000000000000000000066000000000000000000                               000000000000000000000000000000000000000000000000000000000000000000000000000000000000022220000000000000004444444444444         
 -23         444444444444444000000000066022220000000000000000000000000000000000000000000000000000000000000000066000000000000000000                               0000000000000000000000000000000000000000000000000000000000000000000000000000000000000022220000000000000044444444444444        
 -22         444444444444440000000000066222200000000000000000000000000000000000000000000000000000000000000000066000000000000000000                               0000000000000000000000000000000000000000000000000000000000000000000000000000000000000002222000000000000004444444444444        
 -21        4444444444444440000000000062222000000000000000000000000000000000000000000000000000000000000000000066000000000000000000                               00000000000000000000000000000000000000000000000000000000000000000000000000000000000000002222000000000000000444444444444       
 -20        4444444444444400000000000022220000000000000000000000000000000000000000000000000000000000000000000066000000000000000000                               00002222000000000000000000000000000000000000000000000000000000000000000000000000000000000222200000000000000000444444444       
 -19       44444444444440000000000000022200000000000000000000000000000000000000000000000000000000000000000000006000000000000000000                               000022222200000000000000000000000000000000000000000000000000000000000000000000000000000000222000000000000000044444444444      
 -18       44444444444000000000000000222200000000000000000000000000000000000000000000000000000000000000000000000000000000000000000                               000022222222000000000000000000000000000000000000000000000000000000000000000000000000000000222200000000000000004444444444      
 -17      444444444440000000000000002222000000000000000000000000000000000000000000000000000000000000000000000000000000000000000000                               0000022222222000000000000000000000000000000000000000000000000000000000000000000000000000000222200000000000000044444444444     
 -16      444444444440000000000000022220000000000000000000000000000000000000000000000000000000000000000000000000000000000000000000                               00000002222222200000000000000000000000000000000000000000000000000000000000000000000000000000222200000000000000444444444444    
 -15     4444444444446600000000000222200000000000000000000000000000000000000000000000000000000000000000000000000000000000000000000                               60000000022222222000000000000000000000009999999999999999999990000000000000000000000000000000022220000000000000044444444444    
 -14    44444444444466660000000000222200000000000000000000000000000000000000000000000000000000000000000000000000000000500000000000                               000000000002222222200000000000000000000099999999999999999999900000000000000000000000000000000222200000000000000444444444444   
 -13    44444444444466660000000002222000000000000000000000000000000000000000000000000000000000000000000000000000000005550000060000                               000000000006222222222000000000000000000099999999999999999999900000000000000000000000000000000022220000000000000044444444444   
 -12   044444444444666660000000022220000000000000000000000000000000000000000000000000000000000000000000000000000000005555000066000                               0000000000000022222222200000000000000000999999999999999999999000000000000000000000000000000000022220000000000000004444444000  
 -11   000444444400666000000000222200000000000000000000000000000000000000000000000000000000000000000000000000000000005550000066000                               0000000000000000022222222000000000000000999999999999999999999000000000000000000000000000000000002222000000000000000004000000  
 -10   777777477777777777777700222000000000000000000000000000000000000000000000000000000000000000000000000000000000000000000666000                               0000000000006000000222222222000000000000999999999999999999999000000000000000000000000000066600000222000777777777777777777777  
  -9  7777777777777777777777702222000000000666600000000000000000000000000000000000000000000000000000000000000000000000000000666000                               00000000000000000000222222222200000000009999999999999999999990000000000000000000000000000666000002222007777777777777777777777 
  -8  7777777777777777777777722220000000000666600000000000000000000000000000000000000000000000000000000000000000000000000000060000                               00000000000000000000002222222222000000009999999999999999999990000000000000000000000000000666000000222207777777777777777777777 
  -7  7777777777777777777777222288888888880000600000000000000000000000000000000000000000000000000000000000000000000000000000000000                               00000000000000000000000022222222222222209999999999999999999990000000000000000000000000000088888888822227777777777777777777777 
  -6  7777777777777777777777222888888888880000000000000000000000000000999999999999999999999000000000000000000000000000000000000000                               00000000000000000000000000022222222222222299999999999999999990000000000000000000000000000088888888882227777777777777777777777 
  -5  7777777777777777777777222888888888880000000000000000000000000000999999999999999999999000000000000000000000000000000000000000                               00000000000000000000000000000222222222222299999999999999999990000000000000000000000000000088888888882227777777777777777777777 
  -4 77777777777777777777777788888888888880000000000000000000000000000999999999999999999999000000000000000000000000000000000000000                               000000000000000000000000000000022222222222999999999999999999900222200000000000000000000000888888888888877777777777777777777777
  -3 77777777bbbbbb777777777788888888888880000000000000000000000000000999999999999999999999000000000000000000000000000000000000000                               0000000000000000000000000000000000000002999999999999999999999022222222222222222000000000008888888888888777777777bbbbbb77777777
  -2 77777777bbbbbb777777722222222222222222222222222000000000000000000999999999999999999999000000000000000000000000000000000000000                               0000000000000000000000000000000000000000999999999999999999999022222222222222222222222222222222222222222227777777bbbbbb77777777
  -1 77777777bbbbbb777777222222222222222222222222222222222222222000000999999999999999999999000000000000000000000000000000000000000                               0000000000006000000000000000000000000000999999999999999999999002222222222222222222222222222222222222222222777777bbbbbb77777777
   0 77777777bbbbbb7777772222222222222222222222222222222222222222222009999999999999999999990000000000000000000000000006000000000000                               000000000000000000000000000000000000000999999999999999999999000000222222222222222222222222222222222222222777777bbbbbb77777777
   1 77777777bbbbbb7777777222222222222222222222222222222222222222222209999999999999999999990000000000000000000000000000000000000000                               000000000000000000000000000000000000000999999999999999999999000000000000000000222222222222222222222222227777777bbbbbb77777777
   2 77777777bbbbbb7777777777888888888888800000000002222222222222222209999999999999999999992000000000000000000000000000000000000000                               000000000000000000000000000000000000000999999999999999999999000000000000000000000000000008888888888888777777777bbbbbb77777777
   3 777777777777777777777777888888888888800000000000000000000002222009999999999999999999222222222220000000000000000000000000000000                               00000000000000000000000000000000000000099999999999999999999900000000000000000000000000000888888888888877777777777777777777777
   4  77777777777777777777772228888888888800000000000000000000000000009999999999999999999222222222222200000000000000000000000000000                               0000000000000000000000000000000000000009999999999999999999990000000000000000000000000000088888888882227777777777777777777777 
   5  77777777777777777777772228888888888800000000000000000000000000009999999999999999999222222222222222000000000000000000000000000                               0000000000000000000000000000000000000009999999999999999999990000000000000000000000000000088888888882227777777777777777777777 
   6  77777777777777777777772222888888888800000000000000000000000000009999999999999999999990222222222222222000000000000000000000000                               0000000000000000000000000000000000000000000000000000000000000000000000000000000000060000088888888822227777777777777777777777 
   7  77777777777777777777777222288888888800000000000000000000000000009999999999999999999990000000022222222220000000000000000000000                               0000600000000000000000000000000000000000000000000000000000000000000000000000000000066660088888888222287777777777777777777777 
   8  77777777777777777777777022220000066600000000000000000000000000009999999999999999999990000000000222222222200000000000000000000                               0006660000000000000000000000000000000000000000000000000000000000000000000000000000066660000000002222007777777777777777777777 
   9   7777777777777777777777002220000066600000000000000000000000000009999999999999999999990000000000002222222220000006000000000000                               000666000000000000000000000000000000000000000000000000000000000000000000000000000000000000000000222000777777777777774777777  
  10   7777774777777777777777002222000000000000000000000000000000000009999999999999999999990000000000000002222222200000000000000000                               000660000055500000000000000000000000000000000000000000000000000000000000000000000000000000000002222000777777777774444444777  
  11   0004444444000000000000000222200000000000000000000000000000000009999999999999999999990000000000000000022222222200000000000000                               000660000555500000000000000000000000000000000000000000000000000000000000000000000000000000000022220000000066666444444444440  
  12    444444444440000000000000022220000000000000000000000000000000009999999999999999999990000000000000000000222222222600000000000                               00006000005550000000000000000000000000000000000000000000000000000000000000000000000000000000022220000000006666444444444444   
  13    444444444444000000000000002222000000000000000000000000000000009999999999999999999990000000000000000000002222222200000000000                               00000000000500000000000000000000000000000000000000000000000000000000000000000000000000000000222200000000006666444444444444   
  14     44444444444000000000000002222000000000000000000000000000000009999999999999999999990000000000000000000000022222222000000006                               0000000000000000000000000000000000000000000000000000000000000000000000000000000000000000000022220000000000066444444444444    
  15     44444444444400000000000000222200000000000000000000000000000000000000000000000000000000000000000000000000000222222220000000                               000000000000000000000000000000000000000000000000000000000000000000000000000000000000000000022220000000000000044444444444     
  16      4444444444400000000000000022220000000000000000000000000000000000000000000000000000000000000000000000000000002222222200000                               000000000000000000000000000000000000000000000000000000000000000000000000000000000000000000222200000000000000044444444444     
  17       444444444400000000000000002222000000000000000000000000000000000000000000000000000000000000000000000000000000222222220000                               00000000000000000000000000000000000000000000000000000000000000000000000000000000000000000222200000000000000044444444444      
  18       444444444440000000000000000222000000000000000000000000000000000000000000000000000000000000000000000000000000002222220000                               00000000000000000060000000000000000000000000000000000000000000000000000000000000000000000222000000000000004444444444444      
  19        44444444400000000000000000222200000000000000000000000000000000000000000000000000000000000000000000000000000000022220000                               0000000000000000006600000000000000000000000000000000000000000000000000000000000000000000222200000000000044444444444444       
  20        44444444444400000000000000022220000000000000000000000000000000000000000000000000000000000000000000000000000000000000000                               0000000000000000006600000000000000000000000000000000000000000000000000000000000000000002222600000000000444444444444444       
  21         4444444444444000000000000002222000000000000000000000000000000000000000000000000000000000000000000000000000000000000000                               000000000000000000660000000000000000000000000000000000000000000000000000000000000000002222660000000000044444444444444        
  22         4444444444444400000000000000222200000000000000000000000000000000000000000000000000000000000000000000000000000000000000                               000000000000000000660000000000000000000000000000000000000000000000000000000000000000022220660000000000444444444444444        
  23          444444444444400000000000000022220000000000000000000000000000000000000000000000000000000000000000000000000000000000000                               00000000000000000066000000000000000000000000000000000000000000000000000000000000000022220066000000000044444444444444         
  24          444444444444440000000000000002222000000000000000000000000000000000000000000000000000000000000000000000000000000000000                               00000000000000000055500000000000000000000000000000000000000000000000000000000000000222200000000000000044444444444444         
  25          444444444444440000000000000002222200000000000000000000000000000000000000000000000000000000000000000000000000000000000                               00000000000000000055500000000000000000000000000000000000000000000000000000000000002222200000000000000444444444444444         
  26           44444444444440000000000000000222200000000000000000000000000000000000000000000000000000000000000000006600000000000000                               0000222222000000005550000000000000000000000000000000000000000000000000000000000002222200000000000000004444444444444          
  27           44444444444444400000000000000022220000000000000000000000000000000000000000000000000000000000000000220000000000000000                              00000222222222200000000000000000000000000000000000000000000000000000000000000000022222000000000000000004444444444444          
  28           44444444444444444400000000000002222000000000000000000000000000000000000000000000000000000002222222222222222220000000                              00000022222222222200000000000000000000000000000000000000000000000000000000000000222220000000000000000004444444444444          
  29           44444444444444444444000000000000222200000000006000000000000000000000000000000000000000002222222222222222222222000000                              00000000000222222222200000000000000000000000000000000000000000000000000000000002222200000000000000000000444444444444          
  30            4444444444444444444400000000000022222000000000000000000000000000000000000000000000002222222222222002222222222000000                              00000000000000022222222000000000000000000000000000000000000000000000000000000022222000000000000000000000444444444444          
  31            4444444444444444444400000000000602222200000000000000000000000000000000000000000000022222220000000000000000000000000                              00000000000000000022222220000000000000000000000000000000000000000000000000000222220000000000000000000000044444444444          
  32            4444444444444444444440000000006660222220000000000000000000000000066600000000000002222220000000000000000000000000000                              00000000000000000000222222200000000000000000000000000000000000000000000000002222200000000000000000000000000444444400          
  33            4444444444444444444440000000000600022222000000000000000000000000666600000000000022222000000000000000000000000000000                              00000000000000000000000222222000000000000000000000000000000000000000000000022220000000000000000000000000000000400000          
  34             444444444444444444440000000000000000222220000000000000000000000666600000000002222220000000000000000000000000000006                              0000000000000000000000000222220000000000000660000000000000000000000000000222220066660000000000000000000000000000000           
  35             000444444444444444444000000000000000022222200000000000000000000066600000002222222000000000000000000000000000000006                              0000000000000000000000000022222200000000000666000000000000000660000000022222200066666000000000000000000000000000000           
  36             000004444444444444440000000000000000000222222000000000000000000000000000222222200000000000000000000000000000000006                              0000000000000000000000000000222220000000000066000000000000000600000002222220000066660000000000000000000000000000000           
  37              00004444444444444440000000000000000000022222222000000000000000000000022222220000000000000000000000000000000000006                              000000000000000000000000000002222220000000000000000000000000000000022222220000006600000000000000000000000000000000            
  38              00004444444444444440000000000000500000000222222222200000000000000222222222000000000000000000000000000000000000066                              000000000000000000000000000000022222220000000000000000000000000002222222000000000000000000000000000000000000000000            
  39              000004444444444444000000000000055500000000002222222222222222222222222222000000000000000000005550000000000000000666                             00000000000000000000000000000000022222220000000000000000000000222222220000000000000000000000000000000000000000000             
  40              000004444444444444000000000066555550000000000002222222222222222222222000000000000000000000005555000000000000000666                             00000000000000000000000000000000000222222220000000000000002222222222000000000000000000000000000000000000000000000             
  41               60000444444444440000000000666055500000000000000000222222222222220000000000000000000000000005555000000000000000666                             0000000000000000000000000000500000000222222222220000222222222222200000000000000000000000000000000000000000000000              
  42               60000004444444000000000000006005500000000000000000004444444444400000000000000000000000000000500000000000000000666                             0000000000000000000000000005550000000000222222222222222222222200000000000000000000000000000000000000000000000000              
  43                0000000004000000000000000000000000000000000000000044444444444440000000000000000000000000000000000000000000000066                             000000000000000000000000005555500000000000022222222222222200000000000000000000000000000000000000000000000000000               
  44                0000000000000000000000000000000000000000000000000044444444444440000000000000000000000000000000000000000000000006                             000000000000000000000000000555500000000000000000222200000000000000000000000000000000000000000000000000000000000               
  45                 000000000000000000000000000000000000000000000000444444444444444000000000000000000000000000000000000000000000000                             00000000000000000000000000000000000000000000000000000000000000000000000000000000000000000000000000000000000000                
  46                  00000000000000000000000000000000000000000000000444444444444444000000000000000000000000000000000000000000000000                             0000000000000000000000000000000000000000000000000000000000000000000000000000000000000000000000000000000000000                 
  47                    000000000000000000000000000000000000000000000444444444444444000000660000000000000000000000000000000000000000                             000000066600000000000000000000000000000000000000000000000000000000000000000000000000000000000000000000000000                  
  48                     00000000000000000000000000000000000000000004444444444444444400000600000000000000000000000000000000000000000                             0000000600000000000000000000000000000000000000000000000000000000000000000000000000000000000000000000000000                    
  49                      0000000000000000000000000000000000000000000444444444444444000555000000000000000000000000000000000000000000                             000000000000000000000000000000000000000000000000000000000000000000000000000000000000000000000000000000000                     
  50                       000000000000000000000000000000000000000000444444444444444000555000000000000000000000000000000000000000000                             00000000000000000000000000000000000000000000000000000000000000000000000000000000000000000000000000000000                      
  51                         0000000000000000000000000000000000000000444444444444444000555000000000000000000000000000000000000000000                             0000000000000000000000000000000000000000000000000000000000000000000000000000000000000000000000000000000                       
  52                          000000000000000000000000000000000000000044444444444440000000000000000000000000000000000000000000000000                             00000000000000000000000000000000000000000000000000000000000000000000000000000000000000000000000000000                         
  53                           00000000000000000000000000000000000000044444444444440600000000000000000000000000000000000000000060000                             0000000000000000000000000000000000000000000000000000000000000000000000000000000000000000000000000000                          
  54                             00000000000000000000000000000000000000444444444440660000000000000000000000000000000000000000066600                              00000000000000000000000000000000000000000000000000000000000000000000000000000000000000000000000000                            
  55                              0000000000000000000000000000000000000004444444666660000000000000000000000000000000000000066666600                              0060000000000000000000000000000000000000000000000000000000000000000000000000000000000000000000000                             
  56                                06000000000000000000000000000000000000004066666600000000000000000000000000000000000000066666600                              00660000000000000000000000000000000000000000000000000000000000000000000000000000000000000000000                               
  57                                 0000000000000000000000000000000000000000066600000000000000000000000000000000000000000000000000                              0000000000000000000000000000000000000000000000000000000000000000000000000000000000000000000000                                
  58                                   66000000000000000000000000000000000000000000000000000000000000000000000000000000000000000000                              00000600000000000000000000000000000000000000000000000000000000000000000000000000000000000000                                  
  59                                    6600000000000000000000000000000000066600000000000000000000000000000000000000000000000000000                              0000066000000000000000000000000000000000000000000000000000000000000000000000000000000000000                                   
  60                                     600000000000000000000000000000000066600000000000000000000000000000000000000000000000000000                               00006000000000000000000000000000000000000000000000000000000000000000000000000000000000000                                    
  61                                      0000000000000000000000000006666066600000000000000000000000000000000000000000000000000000                                0000000000000000000000000000000000000000000000000000000000000000000000000000000000000000                                     
  62                                       000000000000000000000000006666666600000000000000000000000000000000000000000000000000000                                000000000000000000000000000000000000000000000000000000000000000000060000000000000000000                                      
  63                                        00000000000000000000000006660006600000000000000000000000000000000000000000000000000000                                00000000000000000000000000000000000000000000000000000000000000000006000000000000000000                                       
  64                                         000000000000000000000000060000060000000000000000000000000000000000000000000000000000                                  000000000000000000000000660000000000000000000000000000000000000000000000000000000000                                        
  65                                           000000000000000000000000000000000000000000000000000000000000000000000000000000000                                     000000000000000000000066000000000000000000000000000000000000000000000000000000000                                         
  66                                            0000000000000000000000000000000000000000000000000000000000000000000000000000000                                       0000000000000000000066600000000000000000000000000000000000000000000000000000000                                          
  67                                              000000000000000000000000000000000000000000000000000000000000000000000000000                                           000000000000000000666000000000000000000000000000000000000000000000000000000                                            
  68                                                000000000600000000000000000000000000000000000000000000000000000000000000                                              00000000000000066660000000000000000000000000000000000000000000000000000                                              
  69                                                  00000006000000000000000000000000000000000000066666660000000000000000                                                  0000000000000666600000000000000000000000000000000000000000000000000                                                
  70                                                     0000000000000000000000000000000000000000000666660000000000000000                                                     000000000000660000000000000000000000000000000000660000000000000                                                  
  71                                                       000000000000000000000000000000000000000000000000000000000000                                                          0000000000000000000000000000000000000000000006600000000000                                                    
  72                                                         00000000000000000000000000000000000000000000000000000000                                                               00000000000000000000000000000000000000000000000000000                                                      
  73                                                           0000000000000000000000000000000000000000000000000000                                                                   0000000000000000000000000000000000000000000000000                                                        
  74                                                             000000000000000000000000000000000000000000006000                                                                         0000000000000000000000000000000000000000000                                                          
  75                                                               00000000000000066600000000000000000000000066                                                                               000000000000000000000000000000000000                                                             
  76                                                                 0000000000666666600000000000000000000000                                                                                     000000000000000000000000000000                                                               
  77                                                                   00000000660006600000000000000000000                                                                                            00000000000000000000000                                                                  
  78                                                                      0000000000660000000000000000                                                                                                   0000000000000000                                                                      
  79                                                                        00000066660000000000000                                                                                                          0000000                                                                           
  80                                                                            006666666000000                                                                                                                                                                                                
  81                                                                               0666660                                                                                                                                                                                                     
placed 34, declined 0
