CLAIMS  1 char = 1 block  x -25..24 across, z -104..103 down
KEY  0 free  1 water  2 paving  3 structure  4 tree  5 boulder  6 flora  7 spawn keep-out  8 door approach  9 goal clearance  a wool-room keep-out  b structure keep-out  space void
         -2        -1         0         1         2    
     54321098765432109876543210123456789012345678901234
-104  000000000000000000777777777777777777777777700000 
-103  000000000000000000777777777777777777777777700000 
-102  000000000000000000777777777777777777777777700000 
-101  000000000000000000777777777777777777777777700000 
-100  000000000000000000777777777777777777777777700000 
 -99  000000000000000000777777777777777777777777700000 
 -98  000000000000000000777777777777777777777777700000 
 -97  0000000000000000007777bbbbbb77777777777777700000 
 -96  0000000000000000007777bbbbbb77777777777777700000 
 -95  3333333333300000007777bbbbbb77777777777777700000 
 -94  3333333333300000007777bbbbbb77777777777777700000 
 -93  3333333333300000007777bbbbbb77777777777777700000 
 -92  3333333333300000007777bbbbbb77777777777777700000 
 -91  333333333330000000777777777777777777777777700000 
 -90  333333333330000000777777227777777777777777700000 
 -89  333333333330000000777772222777777777777777700000 
 -88  333333333330000000777772222777777777777777700000 
 -87  000000000000000000777772222777777777777777700000 
 -86  000000000000000000777777222277777777777777700000 
 -85  000000000000000000777777222277777777777747700000 
 -84  000000000000000000777777222277777777777444400000 
 -83  000000000000000000777777222277777777774444440000 
 -82  000000000000000000777777222277777777777444440044 
 -81  000000000000000000000088822228888840400444444044 
 -80  000000000000000000000088822228888444440444400444 
 -79  000000000000000000000088822228884444444444444444 
 -78  000000000000000000440088822228888444444444444444 
 -77  000000000000000000444088822228488444444444444444 
 -76  000000000000000044444448822228448444444444444444 
 -75  000000000000000444444448822224444444444444440444 
 -74  000000000000555044444488822224444444444444444444 
 -73  000000000000555000444088882222444444444444444444 
 -72  000000000000555000044088882222844444444444555404 
 -71  000000000000000000000088882222884844440444555400 
 -70  000000004400000000000088882222888884444444555000 
 -69  000000004440000000000088882222888884444444444000 
 -68  000000444444004000000088882222888884444444444004 
 -67  000004444444444400004000002222000004444444444404 
 -66  000000444444444400444400002222000000444044440044 
 -65  000000004444444440444400002222000000444444444444 
 -64  000000004444444004444000000222200004444444444444 
 -63  000000044444444444444400000222200000444444444444 
 -62  000000444444444444444000000222200000004444444444 
 -61  000000044444444444444000000222200000000404444044 
 -60  000000000444444444444000000222220000000000444444 
 -59  000000000040444404444440000922229999999999444444 
 -58  000000000000044444444040000922222999999999444449 
 -57  000000000000044444444000000992222999999999444449 
 -56  000000000000044444040000000992222999999999949499 
 -55  000000000000044444000000000999229929999999999999 
 -54  000000000000004040000000000999999922999999999999 
 -53  000000000000000000000000000999999222299999999999 
 -52  000000000000000000000000000999999222299999999999 
 -51  000000000000000000000000000999999922999999999999 
 -50  000000000000000000000000000999999999999999999999 
 -49  000000000000000000000000000999999999999999999999 
 -48  000000000000000000000000000999999999999999999999 
 -47  000000000000000000000000000999999999999999999999 
 -46  0000000000000000000000000009999999999999999999990
 -45  000000000000000000000000000999999999999999999999 
 -44  000000000000000000000000000999999999999999999999 
 -43  000000000000000000000000000999999999999999999999 
 -42  000000000000000000000000000999999999999999999999 
 -41  000000000000000000000000000999999999999999999999 
 -40  000000000000000000000000000999999999922999999999 
 -39  000000000000000000000000000999999999222299999999 
 -38  000000000000000000000000000000000000222200000000 
 -37  000000000000000000000000000000000000222220000000 
 -36  000000000000000000000000000000000000022220000000 
 -35  000000000000000000000000000000000000022220000000 
 -34  000000000000000000000000000000000000022222000000 
 -33  000000000000000000000000000000000000002222000000 
 -32  000000000000000000000000000000000000002222000000 
 -31  000000000000000000000000000000000011112222200000 
 -30  000000000000005000000000000000000111111122200000 
 -29  000000000000555000000000000000001111111112200000 
 -28  000000000000555000000000000000001111111111100000 
 -27  000000000000050000000000000000111111111111110000 
 -26  000000000000000000000000000011111111111111111100 
 -25  000000000000000033333333333111111111111111111110 
 -24  000000000000000033333333333111111111111111111110 
 -23  000000000000000033333333333111111111111111111110 
 -22  000000000000000033333333333011111111111111111100 
 -21  000000000000000033333333333011111111111111111100 
 -20  000000000000000033333333333011111111111111111000 
 -19  000000000000000033333333333001111111111111111000 
 -18  000000000000000033333333333001111111111111111000 
 -17  000000000000000000000000000011111111111111111000 
 -16  000000000000000000000000000011111111111111110000 
 -15  000000000000000000000000000011111111111111110000 
 -14  000000000000000000000000000011111111111111110000 
 -13  000000000000000000000000000001111111111111100000 
 -12  000000000000000000000000000000000111111111100000 
 -11  000000000000000000000000000000000000022220000000 
 -10  000000000000000000000000000000000000022220000000 
  -9  000000000000000000000000000000000000002200000000 
  -8                                                   
  -7                                                   
  -6                                                   
  -5                                                   
  -4                                                   
  -3                                                   
  -2                                                   
  -1                                                   
   0                                                   
   1                                                   
   2                                                   
   3                                                   
   4                                                   
   5                                                   
   6                                                   
   7                                                   
   8  000000002200000000000000000000000000000000000000 
   9  000000022220000000000000000000000000000000000000 
  10  000000022220000000000000000000000000000000000000 
  11  000001111111111000000000000000000000000000000000 
  12  000001111111111111100000000000000000000000000000 
  13  000011111111111111110000000000000000000000000000 
  14  000011111111111111110000000000000000000000000000 
  15  000011111111111111110000000000000000000000000000 
  16  000111111111111111110000000000000000000000000000 
  17  000111111111111111100333333333330000000000000000 
  18  000111111111111111100333333333330000000000000000 
  19  000111111111111111110333333333330000000000000000 
  20  001111111111111111110333333333330000000000000000 
  21  001111111111111111110333333333330000000000000000 
  22  011111111111111111111333333333330000000000000000 
  23  011111111111111111111333333333330000000000000000 
  24  011111111111111111111333333333330000000000000000 
  25  001111111111111111110000000000000000000000000000 
  26  000011111111111111000000000000000050000000000000 
  27  000001111111111100000000000000000555000000000000 
  28  000002211111111100000000000000000555000000000000 
  29  000002221111111000000000000000000500000000000000 
  30  000002222211110000000000000000000000000000000000 
  31  000000222200000000000000000000000000000000000000 
  32  000000222200000000000000000000000000000000000000 
  33  000000222220000000000000000000000000000000000000 
  34  000000022220000000000000000000000000000000000000 
  35  000000022220000000000000000000000000000000000000 
  36  000000022222000000000000000000000000000000000000 
  37  000000002222000000000000000000000000000000000000 
  38  999999992222999999999000000000000000000000000000 
  39  999999999229999999999000000000000000000000000000 
  40  999999999999999999999000000000000000000000000000 
  41  999999999999999999999000000000000000000000000000 
  42  999999999999999999999000000000000000000000000000 
  43  999999999999999999999000000000000000000000000000 
  44  999999999999999999999000000000000000000000000000 
  45 0999999999999999999999000000000000000000000000000 
  46  999999999999999999999000000000000000000000000000 
  47  999999999999999999999000000000000000000000000000 
  48  999999999999999999999000000000000000000000000000 
  49  999999999999999999999000000000000000000000000000 
  50  999999999999229999999000000000000000000000000000 
  51  999999999992222999999000000000000000000000000000 
  52  999999999992222999999000000000000000000000000000 
  53  999999999999229999999000000000040400000000000000 
  54  999999999999929922999000000000444440000000000000 
  55  994949999999999222299000000040444440000000000000 
  56  944444999999999222299000000444444440000000000000 
  57  944444999999999222229000040444444440000000000000 
  58  444444999999999922229000044444404444040000000000 
  59  444444000000000022222000000444444444444000000000 
  60  440444404000000002222000000444444444444440000000 
  61  444444444400000002222000000444444444444444000000 
  62  444444444444000002222000004444444444444440000000 
  63  444444444444400002222000000444400444444400000000 
  64  444444444444000000222200004444044444444400000000 
  65  440044440444000000222200004444004444444444000000 
  66  404444444444400000222200000400004444444444400000 
  67  400444444444400000222200000000000400444444000000 
  68  000444444444408888222288888000000000044400000000 
  69  000555444444408888222288888000000000004400000000 
  70  004555444044448488222288888000000000000000000000 
  71  404555444444444448222288888440000555000000000000 
  72  444444444444444444222288888444000555000000000000 
  73  444444444444444444422228884444440555000000000000 
  74  444044444444444444422228844444444000000000000000 
  75  444444444444444844822228844444440000000000000000 
  76  444444444444444884822228888444000000000000000000 
  77  444444444444444888822228888044000000000000000000 
  78  444444444444444488822228888000000000000000000000 
  79  444004444044444888822228888000000000000000000000 
  80  440444444004048888822228888000000000000000000000 
  81  440044444000008888882222888000000000000000000000 
  82  000044444477777777772222777777700000000000000000 
  83  000004444777777777772222777777700000000000000000 
  84  000000747777777777772222777777700000000000000000 
  85  000000777777777777772222777777700000000000000000 
  86  000000777777777777777222277777700000000000000000 
  87  000000777777777777777222277777700000033333333333 
  88  000000777777777777777222277777700000033333333333 
  89  000000777777777777777722777777700000033333333333 
  90  000000777777777777777777777777700000033333333333 
  91  00000077777777777777bbbbbb7777700000033333333333 
  92  00000077777777777777bbbbbb7777700000033333333333 
  93  00000077777777777777bbbbbb7777700000033333333333 
  94  00000077777777777777bbbbbb7777700000033333333333 
  95  00000077777777777777bbbbbb7777700000000000000000 
  96  00000077777777777777bbbbbb7777700000000000000000 
  97  000000777777777777777777777777700000000000000000 
  98  000000777777777777777777777777700000000000000000 
  99  000000777777777777777777777777700000000000000000 
 100  000000777777777777777777777777700000000000000000 
 101  000000777777777777777777777777700000000000000000 
 102  000000777777777777777777777777700000000000000000 
 103  000000777777777777777777777777700000000000000000 
decline DR-STEEP boulder 'erratic-2' stands at (10, 28) on ground inclined 54°, and the theme painting that cell calls the ground a face from 40° — the slope is already the feature there and a rock pinned to it reads as neither. Move it onto the flat, or onto the graded band below the face
placed 28, declined 1
