## tree
SEATS  tree, footprint 1x1, 3 blocks off a route  1 char = 1 block  x -25..24 across, z -104..103 down
KEY  1 the footprint seats with its minimum corner here  0 refused  space void
         -2        -1         0         1         2    
     54321098765432109876543210123456789012345678901234
-104  111111111111111111000000000000000000000000011111 
-103  111111111111111111000000000000000000000000011111 
-102  111111111111111111000000000000000000000000011111 
-101  111111111111111111000000000000000000000000011111 
-100  111111111111111111000000000000000000000000011111 
 -99  111111111111111111000000000000000000000000011111 
 -98  111111111111111111000000000000000000000000011111 
 -97  111111111111111111000000000000000000000000011111 
 -96  111111111111111111000000000000000000000000011111 
 -95  000000000001111111000000000000000000000000011111 
 -94  000000000001111111000000000000000000000000011111 
 -93  000000000001111111000000000000000000000000011111 
 -92  000000000001111111000000000000000000000000011111 
 -91  000000000001111111000000000000000000000000011111 
 -90  000000000001111111000000000000000000000000011111 
 -89  000000000001111111000000000000000000000000011111 
 -88  000000000001111111000000000000000000000000011111 
 -87  111111111111111111000000000000000000000000011111 
 -86  111111111111111111000000000000000000000000011111 
 -85  111111111111111111000000000000000000000000011111 
 -84  111111111111111111000000000000000000000000011111 
 -83  111111111111111111000000000000000000000000001111 
 -82  111111111111111111000000000000000000000000001100 
 -81  111111111111111111111100000000000001011000000100 
 -80  111111111111111111111100000000000000001000011000 
 -79  111111111111111111111100000000000000000000000000 
 -78  111111111111111111001100000000000000000000000000 
 -77  111111111111111111000100000000000000000000000000 
 -76  111111111111111100000000000000000000000000000000 
 -75  111111111111111000000000000000000000000000001000 
 -74  111111111111000100000000000000000000000000000000 
 -73  111111111111000111000100000000000000000000000000 
 -72  111111111111000111100100000000000000000000000010 
 -71  111111111111111111111100000000000000001000000011 
 -70  111111110011111111111100000000000000000000000111 
 -69  111111110001111111111100000000000000000000000111 
 -68  111111000000110111111100000000000000000000000110 
 -67  111110000000000011110111000000001110000000000010 
 -66  111111000000000011000011000000000111000100001100 
 -65  111111110000000001000011000000000111000000000000 
 -64  111111110000000110000111000000000110000000000000 
 -63  111111100000000000000011000000000111000000000000 
 -62  111111000000000000000111100000000011110000000000 
 -61  111111100000000000000111100000000011111010000100 
 -60  111111111000000000000111100000000001111111000000 
 -59  111111111101000010000001100000000000000000000000 
 -58  111111111111100000000101100000000000000000000000 
 -57  111111111111100000000111110000000000000000000000 
 -56  111111111111100000101111110000000000000000000000 
 -55  111111111111100000111111111000000000000000000000 
 -54  111111111111110101111111111000000000000000000000 
 -53  111111111111111111111111111000000000000000000000 
 -52  111111111111111111111111111000000000000000000000 
 -51  111111111111111111111111111000000000000000000000 
 -50  111111111111111111111111111000000000000000000000 
 -49  111111111111111111111111111000000000000000000000 
 -48  111111111111111111111111111000000000000000000000 
 -47  111111111111111111111111111000000000000000000000 
 -46  1111111111111111111111111110000000000000000000001
 -45  111111111111111111111111111000000000000000000000 
 -44  111111111111111111111111111000000000000000000000 
 -43  111111111111111111111111111000000000000000000000 
 -42  111111111111111111111111111000000000000000000000 
 -41  111111111111111111111111111000000000000000000000 
 -40  111111111111111111111111111000000000000000000000 
 -39  111111111111111111111111111000000000000000000000 
 -38  111111111111111111111111111111111100000000011111 
 -37  111111111111111111111111111111111100000000011111 
 -36  111111111111111111111111111111111100000000001111 
 -35  111111111111111111111111111111111100000000001111 
 -34  111111111111111111111111111111111110000000001111 
 -33  111111111111111111111111111111111110000000000111 
 -32  111111111111111111111111111111111110000000000111 
 -31  111111111111111111111111111111111100000000000111 
 -30  111111111111111111111111111111111000000000000111 
 -29  111111111111111111111111111111110000000000000111 
 -28  111111111111111111111111111111110000000000000111 
 -27  111111111111111111111111111111000000000000000111 
 -26  111111111111111111111111111100000000000000000011 
 -25  111111111111111100000000000000000000000000000001 
 -24  111111111111111100000000000000000000000000000001 
 -23  111111111111111100000000000000000000000000000001 
 -22  111111111111111100000000000100000000000000000011 
 -21  111111111111111100000000000100000000000000000011 
 -20  111111111111111100000000000100000000000000000111 
 -19  111111111111111100000000000110000000000000000111 
 -18  111111111111111100000000000110000000000000000111 
 -17  111111111111111111111111111100000000000000000111 
 -16  111111111111111111111111111100000000000000000001 
 -15  111111111111111111111111111100000000000000000001 
 -14  111111111111111111111111111100000000000000000001 
 -13  111111111111111111111111111110000000000000011011 
 -12  111111111111111111111111111111111000000000011111 
 -11  111111111111111111111111111111111110000000011111 
 -10  111111111111111111111111111111111110000000011111 
  -9  111111111111111111111111111111111110000000011111 
  -8                                                   
  -7                                                   
  -6                                                   
  -5                                                   
  -4                                                   
  -3                                                   
  -2                                                   
  -1                                                   
   0                                                   
   1                                                   
   2                                                   
   3                                                   
   4                                                   
   5                                                   
   6                                                   
   7                                                   
   8  111110000000011111111111111111111111111111111111 
   9  111110000000011111111111111111111111111111111111 
  10  111110000000011111111111111111111111111111111111 
  11  111110000000000111111111111111111111111111111111 
  12  110110000000000000011111111111111111111111111111 
  13  100000000000000000001111111111111111111111111111 
  14  100000000000000000001111111111111111111111111111 
  15  100000000000000000001111111111111111111111111111 
  16  111000000000000000001111111111111111111111111111 
  17  111000000000000000011000000000001111111111111111 
  18  111000000000000000011000000000001111111111111111 
  19  111000000000000000001000000000001111111111111111 
  20  110000000000000000001000000000001111111111111111 
  21  110000000000000000001000000000001111111111111111 
  22  100000000000000000000000000000001111111111111111 
  23  100000000000000000000000000000001111111111111111 
  24  100000000000000000000000000000001111111111111111 
  25  110000000000000000001111111111111111111111111111 
  26  111000000000000000111111111111111111111111111111 
  27  111000000000000011111111111111111111111111111111 
  28  111000000000000011111111111111111111111111111111 
  29  111000000000000111111111111111111111111111111111 
  30  111000000000001111111111111111111111111111111111 
  31  111000000000011111111111111111111111111111111111 
  32  111000000000011111111111111111111111111111111111 
  33  111100000000011111111111111111111111111111111111 
  34  111100000000001111111111111111111111111111111111 
  35  111100000000001111111111111111111111111111111111 
  36  111110000000001111111111111111111111111111111111 
  37  111110000000001111111111111111111111111111111111 
  38  000000000000000000000111111111111111111111111111 
  39  000000000000000000000111111111111111111111111111 
  40  000000000000000000000111111111111111111111111111 
  41  000000000000000000000111111111111111111111111111 
  42  000000000000000000000111111111111111111111111111 
  43  000000000000000000000111111111111111111111111111 
  44  000000000000000000000111111111111111111111111111 
  45 1000000000000000000000111111111111111111111111111 
  46  000000000000000000000111111111111111111111111111 
  47  000000000000000000000111111111111111111111111111 
  48  000000000000000000000111111111111111111111111111 
  49  000000000000000000000111111111111111111111111111 
  50  000000000000000000000111111111111111111111111111 
  51  000000000000000000000111111111111111111111111111 
  52  000000000000000000000111111111111111111111111111 
  53  000000000000000000000111111111101011111111111111 
  54  000000000000000000000111111111000001111111111111 
  55  000000000000000000000011111101000001111111111111 
  56  000000000000000000000011111000000001111111111111 
  57  000000000000000000000001101000000001111111111111 
  58  000000000000000000000001100000010000101111111111 
  59  000000111111100000000001111000000000000111111111 
  60  001000010111110000000001111000000000000001111111 
  61  000000000011110000000001111000000000000000111111 
  62  000000000000111000000000110000000000000001111111 
  63  000000000000011000000000111000011000000011111111 
  64  000000000000111000000000110000100000000011111111 
  65  001100001000111000000000110000110000000000111111 
  66  010000000000011100000000111011110000000000011111 
  67  011000000000011100000000111111111011000000111111 
  68  111000000000010000000000000111111111100011111111 
  69  111000000000010000000000000111111111110011111111 
  70  110000000100000000000000000111111111111111111111 
  71  010000000000000000000000000001111000111111111111 
  72  000000000000000000000000000000111000111111111111 
  73  000000000000000000000000000000001000111111111111 
  74  000100000000000000000000000000000111111111111111 
  75  000000000000000000000000000000001111111111111111 
  76  000000000000000000000000000000111111111111111111 
  77  000000000000000000000000000100111111111111111111 
  78  000000000000000000000000000111111111111111111111 
  79  000110000100000000000000000111111111111111111111 
  80  001000000110100000000000000111111111111111111111 
  81  001100000111110000000000000111111111111111111111 
  82  111100000000000000000000000000011111111111111111 
  83  111110000000000000000000000000011111111111111111 
  84  111111000000000000000000000000011111111111111111 
  85  111111000000000000000000000000011111111111111111 
  86  111111000000000000000000000000011111111111111111 
  87  111111000000000000000000000000011111100000000000 
  88  111111000000000000000000000000011111100000000000 
  89  111111000000000000000000000000011111100000000000 
  90  111111000000000000000000000000011111100000000000 
  91  111111000000000000000000000000011111100000000000 
  92  111111000000000000000000000000011111100000000000 
  93  111111000000000000000000000000011111100000000000 
  94  111111000000000000000000000000011111100000000000 
  95  111111000000000000000000000000011111111111111111 
  96  111111000000000000000000000000011111111111111111 
  97  111111000000000000000000000000011111111111111111 
  98  111111000000000000000000000000011111111111111111 
  99  111111000000000000000000000000011111111111111111 
 100  111111000000000000000000000000011111111111111111 
 101  111111000000000000000000000000011111111111111111 
 102  111111000000000000000000000000011111111111111111 
 103  111111000000000000000000000000011111111111111111 
seats 4595; refused 2420 DR-CLAIM, 1219 DR-KEEP, 770 OB19, 214 DR-ROAD

## boulder
SEATS  boulder, footprint 1x1, 2 blocks off a route  1 char = 1 block  x -25..24 across, z -104..103 down
KEY  1 the footprint seats with its minimum corner here  0 refused  space void
         -2        -1         0         1         2    
     54321098765432109876543210123456789012345678901234
-104  111111111111111111000000000000000000000000011111 
-103  111111111111111111000000000000000000000000011111 
-102  111111111111111111000000000000000000000000011111 
-101  111111111111111111000000000000000000000000011111 
-100  111111111111111111000000000000000000000000011111 
 -99  111111111111111111000000000000000000000000011111 
 -98  111111111111111111000000000000000000000000011111 
 -97  111111111111111111000000000000000000000000011111 
 -96  111111111111111111000000000000000000000000011111 
 -95  000000000001111111000000000000000000000000011111 
 -94  000000000001111111000000000000000000000000011111 
 -93  000000000001111111000000000000000000000000011111 
 -92  000000000001111111000000000000000000000000011111 
 -91  000000000001111111000000000000000000000000011111 
 -90  000000000001111111000000000000000000000000011111 
 -89  000000000001111111000000000000000000000000011111 
 -88  000000000001111111000000000000000000000000011111 
 -87  111111111111111111000000000000000000000000011111 
 -86  111111111111111111000000000000000000000000011111 
 -85  111111111111111111000000000000000000000010011111 
 -84  111111111111111111000000000000000000000111111111 
 -83  111111111111111111000000000000000000001111111111 
 -82  111111111111111111000000000000000000000111111111 
 -81  111111111111111111111100000000000011111111111111 
 -80  111111111111111111111100000000000111111111111111 
 -79  111111111111111111111100000000001111111111111111 
 -78  111111111111111111111100000000000111111111111111 
 -77  111111111111111111111100000000100111111111111111 
 -76  111111111111111111111110000000110111111111111111 
 -75  111111111111111111111110000000111111111111111111 
 -74  111111111111000111111100000000011111111111111111 
 -73  111111111111000111111100000000011111111111111111 
 -72  111111111111000111111100000000011111111111000111 
 -71  111111111111111111111100000000001011111111000111 
 -70  111111111111111111111100000000000001111111000111 
 -69  111111111111111111111100000000000001111111111111 
 -68  111111111111111111111100000000000001111111111111 
 -67  111111111111111111111111100000011111111111111111 
 -66  111111111111111111111111100000011111111111111111 
 -65  111111111111111111111111100000001111111111111111 
 -64  111111111111111111111111100000001111111111111111 
 -63  111111111111111111111111110000001111111111111111 
 -62  111111111111111111111111110000001111111111111111 
 -61  111111111111111111111111110000000111111111111111 
 -60  111111111111111111111111110000000111111111111111 
 -59  111111111111111111111111110000000000000000111111 
 -58  111111111111111111111111111000000000000000111110 
 -57  111111111111111111111111111000000000000000111110 
 -56  111111111111111111111111111000000000000000010100 
 -55  111111111111111111111111111000000000000000000000 
 -54  111111111111111111111111111000000000000000000000 
 -53  111111111111111111111111111000000000000000000000 
 -52  111111111111111111111111111000000000000000000000 
 -51  111111111111111111111111111000000000000000000000 
 -50  111111111111111111111111111000000000000000000000 
 -49  111111111111111111111111111000000000000000000000 
 -48  111111111111111111111111111000000000000000000000 
 -47  111111111111111111111111111000000000000000000000 
 -46  1111111111111111111111111110000000000000000000001
 -45  111111111111111111111111111000000000000000000000 
 -44  111111111111111111111111111000000000000000000000 
 -43  111111111111111111111111111000000000000000000000 
 -42  111111111111111111111111111000000000000000000000 
 -41  111111111111111111111111111000000000000000000000 
 -40  111111111111111111111111111000000000000000000000 
 -39  111111111111111111111111111000000000000000000000 
 -38  111111111111111111111111111111111110000000111111 
 -37  111111111111111111111111111111111110000000111111 
 -36  111111111111111111111111111111111110000000111111 
 -35  111111111111111111111111111111111111000000011111 
 -34  111111111111111111111111111111111111000000011111 
 -33  111111111111111111111111111111111111000000011111 
 -32  111111111111111111111111111111111111100000001111 
 -31  111111111111111111111111111111111100000000001111 
 -30  111111111111111111111111111111111000000000001111 
 -29  111111111111111111111111111111110000000000001111 
 -28  111111111111111111111111111111110000000000001111 
 -27  111111111111111111111111111111000000000000001111 
 -26  111111111111111111111111111100000000000000000011 
 -25  111111111111111100000000000000000000000000000001 
 -24  111111111111111100000000000000000000000000000001 
 -23  111111111111111100000000000000000000000000000001 
 -22  111111111111111100000000000100000000000000000011 
 -21  111111111111111100000000000100000000000000000011 
 -20  111111111111111100000000000100000000000000000111 
 -19  111111111111111100000000000110000000000000000111 
 -18  111111111111111100000000000110000000000000000111 
 -17  111111111111111111111111111100000000000000000111 
 -16  111111111111111111111111111100000000000000000001 
 -15  111111111111111111111111111100000000000000000001 
 -14  111111111111111111111111111100000000000000000001 
 -13  111111111111111111111111111110000000000000011011 
 -12  111111111111111111111111111111111000000000011111 
 -11  111111111111111111111111111111111111000000111111 
 -10  111111111111111111111111111111111111000000111111 
  -9  111111111111111111111111111111111111000000111111 
  -8                                                   
  -7                                                   
  -6                                                   
  -5                                                   
  -4                                                   
  -3                                                   
  -2                                                   
  -1                                                   
   0                                                   
   1                                                   
   2                                                   
   3                                                   
   4                                                   
   5                                                   
   6                                                   
   7                                                   
   8  111111000000111111111111111111111111111111111111 
   9  111111000000111111111111111111111111111111111111 
  10  111111000000111111111111111111111111111111111111 
  11  111110000000000111111111111111111111111111111111 
  12  110110000000000000011111111111111111111111111111 
  13  100000000000000000001111111111111111111111111111 
  14  100000000000000000001111111111111111111111111111 
  15  100000000000000000001111111111111111111111111111 
  16  111000000000000000001111111111111111111111111111 
  17  111000000000000000011000000000001111111111111111 
  18  111000000000000000011000000000001111111111111111 
  19  111000000000000000001000000000001111111111111111 
  20  110000000000000000001000000000001111111111111111 
  21  110000000000000000001000000000001111111111111111 
  22  100000000000000000000000000000001111111111111111 
  23  100000000000000000000000000000001111111111111111 
  24  100000000000000000000000000000001111111111111111 
  25  110000000000000000001111111111111111111111111111 
  26  111100000000000000111111111111111111111111111111 
  27  111100000000000011111111111111111111111111111111 
  28  111100000000000011111111111111111111111111111111 
  29  111100000000000111111111111111111111111111111111 
  30  111100000000001111111111111111111111111111111111 
  31  111100000001111111111111111111111111111111111111 
  32  111110000000111111111111111111111111111111111111 
  33  111110000000111111111111111111111111111111111111 
  34  111110000000111111111111111111111111111111111111 
  35  111111000000011111111111111111111111111111111111 
  36  111111000000011111111111111111111111111111111111 
  37  111111000000011111111111111111111111111111111111 
  38  000000000000000000000111111111111111111111111111 
  39  000000000000000000000111111111111111111111111111 
  40  000000000000000000000111111111111111111111111111 
  41  000000000000000000000111111111111111111111111111 
  42  000000000000000000000111111111111111111111111111 
  43  000000000000000000000111111111111111111111111111 
  44  000000000000000000000111111111111111111111111111 
  45 1000000000000000000000111111111111111111111111111 
  46  000000000000000000000111111111111111111111111111 
  47  000000000000000000000111111111111111111111111111 
  48  000000000000000000000111111111111111111111111111 
  49  000000000000000000000111111111111111111111111111 
  50  000000000000000000000111111111111111111111111111 
  51  000000000000000000000111111111111111111111111111 
  52  000000000000000000000111111111111111111111111111 
  53  000000000000000000000111111111111111111111111111 
  54  000000000000000000000111111111111111111111111111 
  55  001010000000000000000111111111111111111111111111 
  56  011111000000000000000111111111111111111111111111 
  57  011111000000000000000111111111111111111111111111 
  58  111111000000000000000011111111111111111111111111 
  59  111111111111111000000011111111111111111111111111 
  60  111111111111111000000011111111111111111111111111 
  61  111111111111111100000011111111111111111111111111 
  62  111111111111111100000011111111111111111111111111 
  63  111111111111111100000001111111111111111111111111 
  64  111111111111111100000001111111111111111111111111 
  65  111111111111111110000001111111111111111111111111 
  66  111111111111111110000001111111111111111111111111 
  67  111111111111111110000001111111111111111111111111 
  68  111111111111110000000000000111111111111111111111 
  69  111000111111110000000000000111111111111111111111 
  70  111000111111110100000000000111111111111111111111 
  71  111000111111111110000000000111111000111111111111 
  72  111111111111111110000000000111111000111111111111 
  73  111111111111111110000000001111111000111111111111 
  74  111111111111111111000000011111111111111111111111 
  75  111111111111111011000000011111111111111111111111 
  76  111111111111111001000000000111111111111111111111 
  77  111111111111111000000000000111111111111111111111 
  78  111111111111111100000000000111111111111111111111 
  79  111111111111111000000000000111111111111111111111 
  80  111111111111110000000000000111111111111111111111 
  81  111111111111110000000000000111111111111111111111 
  82  111111111100000000000000000000011111111111111111 
  83  111111111000000000000000000000011111111111111111 
  84  111111010000000000000000000000011111111111111111 
  85  111111000000000000000000000000011111111111111111 
  86  111111000000000000000000000000011111111111111111 
  87  111111000000000000000000000000011111100000000000 
  88  111111000000000000000000000000011111100000000000 
  89  111111000000000000000000000000011111100000000000 
  90  111111000000000000000000000000011111100000000000 
  91  111111000000000000000000000000011111100000000000 
  92  111111000000000000000000000000011111100000000000 
  93  111111000000000000000000000000011111100000000000 
  94  111111000000000000000000000000011111100000000000 
  95  111111000000000000000000000000011111111111111111 
  96  111111000000000000000000000000011111111111111111 
  97  111111000000000000000000000000011111111111111111 
  98  111111000000000000000000000000011111111111111111 
  99  111111000000000000000000000000011111111111111111 
 100  111111000000000000000000000000011111111111111111 
 101  111111000000000000000000000000011111111111111111 
 102  111111000000000000000000000000011111111111111111 
 103  111111000000000000000000000000011111111111111111 
seats 5693; refused 1424 DR-CLAIM, 1219 DR-KEEP, 770 OB19, 112 DR-ROAD

## house
SEATS  house, footprint 9x7, no route standoff  1 char = 1 block  x -25..24 across, z -104..103 down
KEY  1 the footprint seats with its minimum corner here  0 refused  space void
         -2        -1         0         1         2    
     54321098765432109876543210123456789012345678901234
-104  111111111100000000000000000000000000000000000000 
-103  111111111100000000000000000000000000000000000000 
-102  000000000000000000000000000000000000000000000000 
-101  000000000000000000000000000000000000000000000000 
-100  000000000000000000000000000000000000000000000000 
 -99  000000000000000000000000000000000000000000000000 
 -98  000000000000000000000000000000000000000000000000 
 -97  000000000000000000000000000000000000000000000000 
 -96  000000000000000000000000000000000000000000000000 
 -95  000000000000000000000000000000000000000000000000 
 -94  000000000000000000000000000000000000000000000000 
 -93  000000000000000000000000000000000000000000000000 
 -92  000000000000000000000000000000000000000000000000 
 -91  000000000000000000000000000000000000000000000000 
 -90  000000000000000000000000000000000000000000000000 
 -89  000000000000000000000000000000000000000000000000 
 -88  000000000000000000000000000000000000000000000000 
 -87  111111111100000000000000000000000000000000000000 
 -86  111111111100000000000000000000000000000000000000 
 -85  111111111100000000000000000000000000000000000000 
 -84  111111111100000000000000000000000000000100000000 
 -83  111111111100000000000000000000000000000100000000 
 -82  111111111100000000000000000000000000000100000000 
 -81  111111111111110000000000000000000000001100000000 
 -80  111111111111110000000000000000000000001100000000 
 -79  111111111111110000000000000000000000001100000000 
 -78  111111111111110000000000000000000000001100000000 
 -77  110000000111110000000000000000000000001100000000 
 -76  110000000111110000000000000000000000001100000000 
 -75  110000000111110000000000000000000000001100000000 
 -74  110000000111110000000000000000000000001100000000 
 -73  110000000111110000000000000000000000001100000000 
 -72  110000000111110000000000000000000000001100000000 
 -71  110000000111110000000000000000000000001100000000 
 -70  110000000111110000000000000000000000001100000000 
 -69  110000000111110000000000000000000000001100000000 
 -68  110000000111110000000000000000000000001100000000 
 -67  110000000111111111000000000000000000001100000000 
 -66  110000000111111111000000000000000000001100000000 
 -65  110000000111111111000000000000000000000000000000 
 -64  110000000111111111100000000000000000000000000000 
 -63  110000000111111111100000000000000000000000000000 
 -62  110000000111111111100000000000000000000000000000 
 -61  110000000111111111100000000000000000000000000000 
 -60  110000000111111111100000000000000000000000000000 
 -59  110000000111111111100000000000000000000000000000 
 -58  110000000111111111100000000000000000000000000000 
 -57  110000000111111111100000000000000000000000000000 
 -56  110000000111111111100000000000000000000000000000 
 -55  110000000111111111100000000000000000000000000000 
 -54  110000000111111111100000000000000000000000000000 
 -53  110000000111111111100000000000000000000000000000 
 -52  110000000111111111100000000000000000000000000000 
 -51  110000000111111111100000000000000000000000000000 
 -50  110000000111111111100000000000000000000000000000 
 -49  110000000111111111100000000000000000000000000000 
 -48  110000000111111111100000000000000000000000000000 
 -47  110000000111111111100000000000000000000000000000 
 -46  1100000001111111111000000000000000000000000000000
 -45  110000000111111111100000000000000000000000000000 
 -44  110000000111111111100000000000000000000000000000 
 -43  110000000111111111100000000000000000000000000000 
 -42  110000000111111111100000000000000000000000000000 
 -41  110000000111111111100000000000000000000000000000 
 -40  110000000111111111100000000000000000000000000000 
 -39  110000000111111111100000000000000000000000000000 
 -38  110000000111111111111111111100000000000000000000 
 -37  110000000111111111111111110000000000000000000000 
 -36  110000000111111111111111100000000000000000000000 
 -35  110000000111111111111111000000000000000000000000 
 -34  110000000111111111111111000000000000000000000000 
 -33  110000000111111111111100000000000000000000000000 
 -32  110000000111111111110000000000000000000000000000 
 -31  110000000000000000000000000000000000000000000000 
 -30  110000000000000000000000000000000000000000000000 
 -29  110000000000000000000000000000000000000000000000 
 -28  110000000000000000000000000000000000000000000000 
 -27  110000000000000000000000000000000000000000000000 
 -26  110000000000000000000000000000000000000000000000 
 -25  110000000000000000000000000000000000000000000000 
 -24  110000000000000000000000000000000000000000000000 
 -23  000000000000000000000000000000000000000000000000 
 -22  000000000000000000000000000000000000000000000000 
 -21  000000000000000000000000000000000000000000000000 
 -20  000000000000000000000000000000000000000000000000 
 -19  000000000000000000000000000000000000000000000000 
 -18  000000000000000000000000000000000000000000000000 
 -17  000000000000000000000000000000000000000000000000 
 -16  110000000111111111110000000000000000000000000000 
 -15  110000000111111111110000000000000000000000000000 
 -14  000000000000000000000000000000000000000000000000 
 -13  000000000000000000000000000000000000000000000000 
 -12  000000000000000000000000000000000000000000000000 
 -11  000000000000000000000000000000000000000000000000 
 -10  000000000000000000000000000000000000000000000000 
  -9  000000000000000000000000000000000000000000000000 
  -8                                                   
  -7                                                   
  -6                                                   
  -5                                                   
  -4                                                   
  -3                                                   
  -2                                                   
  -1                                                   
   0                                                   
   1                                                   
   2                                                   
   3                                                   
   4                                                   
   5                                                   
   6                                                   
   7                                                   
   8  000000000000000000001111111111100000001100000000 
   9  000000000000000000001111111111100000001100000000 
  10  000000000000000000000000000000000000000000000000 
  11  000000000000000000000000000000000000000000000000 
  12  000000000000000000000000000000000000000000000000 
  13  000000000000000000000000000000000000000000000000 
  14  000000000000000000000000000000000000000000000000 
  15  000000000000000000000000000000000000000000000000 
  16  000000000000000000000000000000000000000000000000 
  17  000000000000000000000000000000000000001100000000 
  18  000000000000000000000000000000000000001100000000 
  19  000000000000000000000000000000000000001100000000 
  20  000000000000000000000000000000000000001100000000 
  21  000000000000000000000000000000000000001100000000 
  22  000000000000000000000000000000000000001100000000 
  23  000000000000000000000000000000000000001100000000 
  24  000000000000000000000000000000000000001100000000 
  25  000000000000000000001111111111100000001100000000 
  26  000000000000000000111111111111100000001100000000 
  27  000000000000000011111111111111100000001100000000 
  28  000000000000000011111111111111100000001100000000 
  29  000000000000000111111111111111100000001100000000 
  30  000000000000001111111111111111100000001100000000 
  31  000000000000111111111111111111100000001100000000 
  32  000000000000000000000111111111100000001100000000 
  33  000000000000000000000111111111100000001100000000 
  34  000000000000000000000111111111100000001100000000 
  35  000000000000000000000111111111100000001100000000 
  36  000000000000000000000111111111100000001100000000 
  37  000000000000000000000111111111100000001100000000 
  38  000000000000000000000111111111100000001100000000 
  39  000000000000000000000111111111100000001100000000 
  40  000000000000000000000111111111100000001100000000 
  41  000000000000000000000111111111100000001100000000 
  42  000000000000000000000111111111100000001100000000 
  43  000000000000000000000111111111100000001100000000 
  44  000000000000000000000111111111100000001100000000 
  45 0000000000000000000000111111111100000001100000000 
  46  000000000000000000000111111111100000001100000000 
  47  000000000000000000000111111111100000001100000000 
  48  000000000000000000000111111111100000001100000000 
  49  000000000000000000000111111111100000001100000000 
  50  000000000000000000000111111111100000001100000000 
  51  000000000000000000000111111111100000001100000000 
  52  000000000000000000000111111111100000001100000000 
  53  000000000000000000000111111111100000001100000000 
  54  000000000000000000000111111111100000001100000000 
  55  000000000000000000000111111111100000001100000000 
  56  000000000000000000000111111111100000001100000000 
  57  000000000000000000000111111111100000001100000000 
  58  000000000000000000000011111111100000001100000000 
  59  110000000000000000000011111111100000001100000000 
  60  110000000000000000000011111111100000001100000000 
  61  110000000000000000000011111111100000001100000000 
  62  110000000000000000000000000111100000001100000000 
  63  110000000000000000000000000111100000001100000000 
  64  110000000000000000000000000111100000001100000000 
  65  110000000000000000000000000111100000001100000000 
  66  110000000000000000000000000111100000001100000000 
  67  110000000000000000000000000111100000001100000000 
  68  110000000000000000000000000111100000001100000000 
  69  110000000000000000000000000111100000001100000000 
  70  110000000000000000000000000111100000001100000000 
  71  110000000000000000000000000111111111111100000000 
  72  110000000000000000000000000111111111111100000000 
  73  110000000000000000000000000111111111111100000000 
  74  110000000000000000000000000111111111111100000000 
  75  110000000000000000000000000111111111111100000000 
  76  110000000000000000000000000000011111111100000000 
  77  100000000000000000000000000000011111111100000000 
  78  000000000000000000000000000000011111111100000000 
  79  000000000000000000000000000000011111111100000000 
  80  000000000000000000000000000000011111111100000000 
  81  000000000000000000000000000000000000000000000000 
  82  000000000000000000000000000000000000000000000000 
  83  000000000000000000000000000000000000000000000000 
  84  000000000000000000000000000000000000000000000000 
  85  000000000000000000000000000000000000000000000000 
  86  000000000000000000000000000000000000000000000000 
  87  000000000000000000000000000000000000000000000000 
  88  000000000000000000000000000000000000000000000000 
  89  000000000000000000000000000000000000000000000000 
  90  000000000000000000000000000000000000000000000000 
  91  000000000000000000000000000000000000000000000000 
  92  000000000000000000000000000000000000000000000000 
  93  000000000000000000000000000000000000000000000000 
  94  000000000000000000000000000000000000000000000000 
  95  000000000000000000000000000000000000000000000000 
  96  000000000000000000000000000000011111111100000000 
  97  000000000000000000000000000000011111111100000000 
  98  000000000000000000000000000000000000000000000000 
  99  000000000000000000000000000000000000000000000000 
 100  000000000000000000000000000000000000000000000000 
 101  000000000000000000000000000000000000000000000000 
 102  000000000000000000000000000000000000000000000000 
 103  000000000000000000000000000000000000000000000000 
seats 1485; refused 2337 DR-CLAIM, 1905 DR-KEEP, 1355 DR-SITE, 1071 OB19, 1065 DR-PASS
