CLAIMS  1 char = 1 block  x -45..44 across, z -70..69 down
KEY  0 free  1 water  2 paving  3 structure  4 tree  5 boulder  6 flora  7 spawn keep-out  8 door approach  9 goal clearance  a wool-room keep-out  b structure keep-out  space void
         -4        -3        -2        -1         0         1         2         3         4    
     543210987654321098765432109876543210987654321012345678901234567890123456789012345678901234
 -70                          77777777777777777700                                             
 -69                          77777777777777777700                                             
 -68                          7777777bbbbbb7777700                                             
 -67                          7777777bbbbbb7777700                                             
 -66                          7777777bbbbbb7777700                                             
 -65                          77777aabbbbbbaa77700                                             
 -64                          77777aab22bbbaa77700                                             
 -63                          77777aa2222bbaa77700                                             
 -62                          77777aa2222aaaa77700                                             
 -61                          77777aa2222aaaa77700                                             
 -60      0004444400000000007777777722227777777700000003333333333333300000044400               
 -59      0044444400000000007777777722227777777700000003333333333333300004444440               
 -58      0004444440000000007777777722227777777700000003333333333333300044444400               
 -57      00044444000000000000000000222288888000000000033333333333333004444440bb               
 -56      00044444000000000000000002222288888000000000033333333333333000444444bb               
 -55      00004000000000000000000002222888888000000000033333333333333000444440bbbbbaaaaaaa     
 -54      00000000000000000000000002222888888000000000033333333333333008444448bbbbbaaaaaaa     
 -53      00000000000000000000000002222888888000000000033333333333333008848888bbbbbbbbbbaa     
 -52      00000000000000000000000002222888888000000000033333333333333008888888bbbbbbbbbbaa     
 -51      00044000000000000000000022222888888000000000033333333333333008888888bbbbbbbbbbaa     
 -50      00444000000000000000000022228888888000000000033333333333333008888888bbbbbbbbbbaa     
 -49      04444400000000000000000022228888888000000000000000555550444008888888bbbbbbbbbbaa     
 -48      0055400444bbbbbbbbbbbbbb2222888bbbbbbbbbbbbbb00005555555444408844488bbbbbbbbbbaa     
 -47      55555044444bbbbbbbbbbbbb2222888bbbbbbbbbbbbbb00005555555444008444448bbbbbaaaaaaa     
 -46      55555544444bbbbbbbbbbbbb2222888bbbbbbbbbbbbbb00055555555040004444448bbbbbaaaaaaa     
 -45      555555444444bbbbbbbbbbbb2222888bbbbbbbbbbbbbb00005555555000000444444bb               
 -44      55555554444bbbbbbbbbbbbb2222888bbbbbbbbbbbbbb00005555555000000444440bb               
 -43      55555544444bbbbbbbbbbbbb0222288bbbbbbbbbbbbbb00000555550000000444440aa               
 -42      5555550400bbbbbbbbbbbbbb0222288bbbbbbbbbbbbbb0000005550000000004000000               
 -41      5555500000bbbbbbbbbbbbbb0222228bbbbbbbbbbbbbb0000000000000000000000000               
 -40                     0000000000          0000000000                                        
 -39                     0000000000          0000000000                                        
 -38                     0000000000          0000000000                                        
 -37                     0000000000          0000000000                                        
 -36                     0000000000          0000000000                                        
 -35                     0000000000          0000000000                                        
 -34                     0000000000          0000000000                                        
 -33                     0000000000          2000000000                                        
 -32                     0000000000          2200000000                                        
 -31                     0000000000          2220000000                                        
 -30                          00004444440002222220000000000000000                              
 -29                          00000444444000222222000000000000000                              
 -28                          00000444440000002222000000000440000                              
 -27                          00000444440000000220000000004440000                              
 -26                          00000040000000000000000000044444000                              
 -25 bbbbbbbbbb               00000000000000000000000000004440000                              
 -24 bbbbbbbbbb               00000000000000000000000000000400000                              
 -23 bbbbbbbbbb               00000000000000000000000000000000000                              
 -22 bbbbbbbbbb               bbbbbbbbbbb000000000000000000000000                              
 -21 bbbbbbbbbb               33333333333330000000000000000000000                              
 -20 bbbbbbbbbb               33333333333330000000000000000000000                              
 -19 bbbbbbbbbb               33333333333330000000000000000000000                              
 -18 aabbbbbbaa               33333333333330000000000000000000000                              
 -17 aaaaaaaaaa               33333333333330000000000000000000000                              
 -16 aaaaaaaaaa               33333333333330000000000000000000000                              
 -15                          33333333333330000000000000000000000                              
 -14                          33333333333330000000000000000000000                              
 -13                          33333333333330000000000000000000000                              
 -12                          33333333333330000000000000000000000                              
 -11                          33333333333330000000000000000000000                              
 -10                                                                                           
  -9                                                                                           
  -8                                                                                           
  -7                                                                                           
  -6                                                                                           
  -5                                                                                           
  -4                                                                                           
  -3                                                                                           
  -2                                                                                           
  -1                                                                                           
   0                                                                                           
   1                                                                                           
   2                                                                                           
   3                                                                                           
   4                                                                                           
   5                                                                                           
   6                                                                                           
   7                                                                                           
   8                                                                                           
   9                                                                                           
  10                               00000000000000000000003333333333333                         
  11                               00000000000000000000003333333333333                         
  12                               00000000000000000000003333333333333                         
  13                               00000000000000000000003333333333333                         
  14                               00000000000000000000003333333333333                         
  15                               00000000000000000000003333333333333               aaaaaaaaaa
  16                               00000000000000000000003333333333333               aaaaaaaaaa
  17                               00000000000000000000003333333333333               aabbbbbbaa
  18                               00000000000000000000003333333333333               bbbbbbbbbb
  19                               00000000000000000000003333333333333               bbbbbbbbbb
  20                               00000000000000000000003333333333333               bbbbbbbbbb
  21                               00000000000000000000000bbbbbbbbbbb0               bbbbbbbbbb
  22                               00000000000000000000000000000000000               bbbbbbbbbb
  23                               00000400000000000000000000000000000               bbbbbbbbbb
  24                               00004440000000000000000000000000000               bbbbbbbbbb
  25                               00044444000000000000000000004000000                         
  26                               00004440000000002200000004444400000                         
  27                               00004400000000022220000004444400000                         
  28                               00000000000000022222200044444400000                         
  29                               00000000000000002222220004444440000                         
  30                                         0000000222          0000000000                    
  31                                         0000000022          0000000000                    
  32                                         0000000002          0000000000                    
  33                                         0000000000          0000000000                    
  34                                         0000000000          0000000000                    
  35                                         0000000000          0000000000                    
  36                                         0000000000          0000000000                    
  37                                         0000000000          0000000000                    
  38                                         0000000000          0000000000                    
  39                                         0000000000          0000000000                    
  40                0000000000000000000000000bbbbbbbbbbbbbb0222220bbbbbbbbbbbbbb0000055555     
  41                0000004000000000555000000bbbbbbbbbbbbbb8822220bbbbbbbbbbbbbb0040555555     
  42                0004444400000005555500000bbbbbbbbbbbbbb8822220bbbbbbbbbbbbb44444555555     
  43                bba4444400000055555550000bbbbbbbbbbbbbb8882222bbbbbbbbbbbbb44445555555     
  44                bb44444400000055555550000bbbbbbbbbbbbbb8882222bbbbbbbbbbbb444444555555     
  45      aaaaaaabbbbba4444440004055555555000bbbbbbbbbbbbbb8882222bbbbbbbbbbbbb44444555555     
  46      aaaaaaabbbbba4444488044455555550000bbbbbbbbbbbbbb8882222bbbbbbbbbbbbb44444055555     
  47      aabbbbbbbbbba8444888444455555550000bbbbbbbbbbbbbb8882222bbbbbbbbbbbbbb4440045500     
  48      aabbbbbbbbbba8888888044405555500000000000000008888882222000000000000000000444440     
  49      aabbbbbbbbbba8888888033333333333333000000000008888882222000000000000000000044400     
  50      aabbbbbbbbbba8888888033333333333333000000000008888822222000000000000000000044000     
  51      aabbbbbbbbbba8888888033333333333333000000000008888822220000000000000000000000000     
  52      aabbbbbbbbbba8884888033333333333333000000000008888822220000000000000000000000000     
  53      aaaaaaabbbbba4444488033333333333333000000000008888822220000000000000000000000000     
  54      aaaaaaabbbbba4444488033333333333333000000000008888822220000000000000000000040000     
  55                bb44444400033333333333333000000000008888222220000000000000000044444000     
  56                bba4444440033333333333333000000000008888222280000000000000000044444000     
  57                aa44444400033333333333333000000000008888222280000000000000000444444000     
  58                0444444000033333333333333000000007777777222277777777700000000044444400     
  59                0044400000033333333333333000000007777777222277777777700000000044444000     
  60                                              00077aaaa2222aa77777                         
  61                                              00077aaaa2222aa77777                         
  62                                              00077aabb2222aa77777                         
  63                                              00077aabbb22baa77777                         
  64                                              00077aabbbbbbaa77777                         
  65                                              0007777bbbbbb7777777                         
  66                                              0007777bbbbbb7777777                         
  67                                              0007777bbbbbb7777777                         
  68                                              00077777777777777777                         
  69                                              00077777777777777777                         
placed 28, declined 0
