CLAIMS  1 char = 1 block  x -55..54 across, z -100..99 down
KEY  0 free  1 water  2 paving  3 structure  4 tree  5 boulder  6 flora  7 spawn keep-out  8 door approach  9 goal clearance  a wool-room keep-out  b structure keep-out  space void
         -5        -4        -3        -2        -1         0         1         2         3         4         5    
     54321098765432109876543210987654321098765432109876543210123456789012345678901234567890123456789012345678901234
-100                                                        777777777777777                                        
 -99                                                        777777777777777                                        
 -98                                                        7777bbbbbb77777                                        
 -97                                                        7777bbbbbb77777                                        
 -96                                                        aaaabbbbbbaaaaa                                        
 -95                                                        aaaabbbbbbaaaaa                                        
 -94                                                        aaaabbbbbbaaaaa                                        
 -93                                                        aaaabbbbbbaaaaa                                        
 -92                                                        aaaaa77777aaaaa                                        
 -91                                                        777777777777777                                        
 -90                     aaaaaaaaaaaaaaa                    777777777777777                                        
 -89                     aaaaaaaaaaaaaaa                    777777777777777                                        
 -88                     aabbbbbbaaaaaaa                    777777777777777                                        
 -87                     aabbbbbbaaaaaaa                    777777777777777                                        
 -86                     aabbbbbbaaaaaaa                    777777777777777                                        
 -85                     aabbbbbbaaaaaaa                    777777777777777                                        
 -84                     aabbbbbbaaaaaaa                    777777777777777                                        
 -83                     bbbbbbbbbbbbbbb                    777777777777777                                        
 -82                     bbbbbbbbbbbbbbb                    777777777777777                                        
 -81                     bbbbbbbbbbbbbbb                    777777777777777                                        
 -80                     bbbbbbbbbbbbbbb                    777777777777777                                        
 -79                     bbbbbbbbbbbbbbb                    777777777777777                                        
 -78                     aaaaaaaaaaaaaaa                    777777777777777                                        
 -77                     088888888888888                    088888888888888                                        
 -76                     088888888888888                    088888888888888                                        
 -75                     088888888888888                    088888888888888                                        
 -74                     088888888888888                    088888888888888                                        
 -73                     088888888888888                    088888888888888                                        
 -72                     088888888888888                    088888888888888                                        
 -71                     088888888888888                    000000000000000                                        
 -70                     000000000000000                    000000000000000                                        
 -69                     000000000000000                    000000000000000                                        
 -68                     bbbbbbbbbbbbbbb                    000000000000000                                        
 -67                     bbbbbbbbbbbbbbb                    000000000000000                                        
 -66                     bbbbbbbbbbbbbbb                    000000000000000                                        
 -65                     bbbbbbbbbbbbbbbbbb0000000000000000000000000000000000bbbbbbb0000000000000000000bbbbbaaaaaaa
 -64                     bbbbbbbbbbbbbbbbbb0000000000000000000000000000000000bbbbbbb4000000000008888888bbbbbaaaaaaa
 -63                     bbbbbbbbbbbbbbbbbb0000000000000000000000000000000000bbbbbb44400000000008888888bbbbbaaaaaaa
 -62                     bbbbbbbbbbbbbbbbbb0000000000000000000000000000000000bbbbb444440000000008888888bbbbbaaaaaaa
 -61                     0000000000000000000000000000000000000000000000000000bbbbbb44400000000008888888bbbbbaaaaaaa
 -60                     0000000000000000000000000000000000000000000000000000bbbbbbb40000000000     888bbbbbaaaaaaa
 -59                     0000000000000000000000000000000000000000000000000000bbbbbbb00000000000     888bbbbbaaaaaaa
 -58                     0000000000000000000000000000000000000000000000000000bbbbbbb00000000000     888bbbbbbbbbbba
 -57                     0000000000000000000000000000000000000000000000000000bbbbbbb00000000000     888bbbbbbbbbbba
 -56                     0004000000000000000000000000000000000000000000000000bbbbbbb00000000000     888bbbbbbbbbbba
 -55                     0044400000000000000000000000000000000000000000000000bbbbbbb0000000000008888888bbbbbbbbbbba
 -54                     0444440000000000000000000000000000000000000000000000bbbbbbb0000000000008888888bbbbbbbbbbba
 -53                     0044400000000000000000009999999999999999999990000000bbbbbbb0000000000008888888bbbbbbbbbbba
 -52                     0004000000000000000000009999999999999999999990000000bbbbbbb0000000000008888888bbbbbbbbbbba
 -51                     0000000000000000000000009999999999999999999990000000bbbbbbb0000000000008888888bbbbbaaaaaaa
 -50                                    0000000009999999999999999999990000000bbb                                   
 -49                                    00000000099999999999999999999900000004bb                                   
 -48                                    000000000999999999999999999999000000444b                                   
 -47                                    0000000009999999999999999999990000044444                                   
 -46                                    0000000009999999999999999999990000004440                                   
 -45                                    0000000009999999999999999999990000000400                                   
 -44                                    0000000009999999999999999999990000000000                                   
 -43                                    0000000009999999999999999999990003333333                                   
 -42                                    0000555009999999999999999999990003333333                                   
 -41                                    0005555509999999999999999999990003333333                                   
 -40                                    0005555509999999999999999999990003333333                                   
 -39                                    0005555509999999999999999999990003333333                                   
 -38                                    0000555009999999999999999999990003333333                                   
 -37                                    0000000009999999999999999999990003333333                                   
 -36                                    0000000009999999999999999999990003333333                                   
 -35                                    000000000999999          999990003333333                                   
 -34                                    000000000999999          999990003333333                                   
 -33                                    000000000999999          999990000000000                                   
 -32                                    000000000000000          000000000055500                                   
 -31                                    000400000000000          000000000555550                                   
 -30                                    044444000000000          000000000555550                                   
 -29                                    044444000000000          000000000555550                                   
 -28                                    444444400000000          000000000055500                                   
 -27                                    044444000000000          000000000000000                                   
 -26                                    044444000000000          000000000000000                                   
 -25                                    0004000000000000000000000000000000000000                                   
 -24                                    0000000000000000000000000000000000000000                                   
 -23                                    0000000000000000000000000000000000000000                                   
 -22                                    0000000000000000000000000000000000000000                                   
 -21                                    0000000000000000000000000000000000000000                                   
 -20                                    0000000000000000000000000000000000000000                                   
 -19                                    0000000000000000000000000000000000000000                                   
 -18                                    0000000000000000000000000000000000000000                                   
 -17                                    0000000000000000000000000000000000000000                                   
 -16                                    0000000000000000000000000000000000000000                                   
 -15                                    000000000000000          000000000000000                                   
 -14                                    000000000000000          000000000000000                                   
 -13                                                                                                               
 -12                                                                                                               
 -11                                                                                                               
 -10                                                                                                               
  -9                                                                                                               
  -8                                                                                                               
  -7                                                                                                               
  -6                                                                                                               
  -5                                                                                                               
  -4                                                                                                               
  -3                                                                                                               
  -2                                                                                                               
  -1                                                                                                               
   0                                                                                                               
   1                                                                                                               
   2                                                                                                               
   3                                                                                                               
   4                                                                                                               
   5                                                                                                               
   6                                                                                                               
   7                                                                                                               
   8                                                                                                               
   9                                                                                                               
  10                                                                                                               
  11                                                                                                               
  12                                                                                                               
  13                                    000000000000000          000000000000000                                   
  14                                    000000000000000          000000000000000                                   
  15                                    0000000000000000000000000000000000000000                                   
  16                                    0000000000000000000000000000000000000000                                   
  17                                    0000000000000000000000000000000000000000                                   
  18                                    0000000000000000000000000000000000000000                                   
  19                                    0000000000000000000000000000000000000000                                   
  20                                    0000000000000000000000000000000000000000                                   
  21                                    0000000000000000000000000000000000000000                                   
  22                                    0000000000000000000000000000000000000000                                   
  23                                    0000000000000000000000000000000000000000                                   
  24                                    0000000000000000000000000000000000004000                                   
  25                                    000000000000000          000000000444440                                   
  26                                    000000000000000          000000000444440                                   
  27                                    005550000000000          000000004444444                                   
  28                                    055555000000000          000000000444440                                   
  29                                    055555000000000          000000000444440                                   
  30                                    055555000000000          000000000004000                                   
  31                                    005550000999999          999990000000000                                   
  32                                    000000000999999          999990000000000                                   
  33                                    333333300999999          999990000000000                                   
  34                                    333333300999999          999990000000000                                   
  35                                    3333333009999999999999999999990000000000                                   
  36                                    3333333009999999999999999999990000000000                                   
  37                                    3333333009999999999999999999990005550000                                   
  38                                    3333333009999999999999999999990055555000                                   
  39                                    3333333009999999999999999999990055555000                                   
  40                                    3333333009999999999999999999990055555000                                   
  41                                    3333333009999999999999999999990005550000                                   
  42                                    3333333009999999999999999999990000000000                                   
  43                                    0000000009999999999999999999990000000000                                   
  44                                    0040000009999999999999999999990000000000                                   
  45                                    0444000009999999999999999999990000000000                                   
  46                                    4444400009999999999999999999990000000000                                   
  47                                    0444000009999999999999999999990000000000                                   
  48                                    bb4b000009999999999999999999990000000000                                   
  49                                    bbbb000009999999999999999999990000000000                                   
  50 aaaaaaabbbbba0000000000000000000bbbbbbb000009999999999999999999990000000000000000000000000                    
  51 abbbbbbbbbbba8888888000000000000bbbbbbb000009999999999999999999990000000000000000000004000                    
  52 abbbbbbbbbbba8888888000000000000bbbbbbb000000000000000000000000000000000000000000000044400                    
  53 abbbbbbbbbbba8888888000000000000bbbbbbb000000000000000000000000000000000000000000000444440                    
  54 abbbbbbbbbbba8888888000000000000bbbbbbb000000000000000000000000000000000000000000000044400                    
  55 abbbbbbbbbbba88     000000000000bbbbbbb000000000000000000000000000000000000000000000004000                    
  56 abbbbbbbbbbba88     000000000000bbbbbbb000000000000000000000000000000000000000000000000000                    
  57 abbbbbbbbbbba88     000000000000bbbbbbb000000000000000000000000000000000000000000000000000                    
  58 aaaaaaabbbbba88     000000000000bbbbbbb000000000000000000000000000000000000000000000000000                    
  59 aaaaaaabbbbba88     000000000040bbbbbbb000000000000000000000000000000000000000000000000000                    
  60 aaaaaaabbbbba8888888000000000444bbbbbbb000000000000000000000000000000000000000000000000000                    
  61 aaaaaaabbbbba88888880000000044444bbbbbb000000000000000000000000000000000000000000000000000                    
  62 aaaaaaabbbbba8888888000000000444bbbbbbb0000000000000000000000000000000000bbbbbbbbbbbbbbbbb                    
  63 aaaaaaabbbbba8888888000000000040bbbbbbb0000000000000000000000000000000000bbbbbbbbbbbbbbbbb                    
  64 aaaaaaabbbbba8888888000000000000bbbbbbb0000000000000000000000000000000000bbbbbbbbbbbbbbbbb                    
  65                                         000000000000000                    bbbbbbbbbbbbbbb                    
  66                                         000000000000000                    bbbbbbbbbbbbbbb                    
  67                                         000000000000000                    bbbbbbbbbbbbbbb                    
  68                                         000000000000000                    bbbbbbbbbbbbbbb                    
  69                                         000000000000000                    000000000000000                    
  70                                         000000000000000                    000000000000000                    
  71                                         000000000000000                    088888888888888                    
  72                                         088888888888888                    088888888888888                    
  73                                         088888888888888                    088888888888888                    
  74                                         088888888888888                    088888888888888                    
  75                                         088888888888888                    088888888888888                    
  76                                         088888888888888                    088888888888888                    
  77                                         088888888888888                    088888888888888                    
  78                                         777777777777777                    bbbbbbbbbbbbbbb                    
  79                                         777777777777777                    bbbbbbbbbbbbbbb                    
  80                                         777777777777777                    bbbbbbbbbbbbbbb                    
  81                                         777777777777777                    bbbbbbbbbbbbbbb                    
  82                                         777777777777777                    bbbbbbbbbbbbbbb                    
  83                                         777777777777777                    aaaaaaabbbbbbaa                    
  84                                         777777777777777                    aaaaaaabbbbbbaa                    
  85                                         777777777777777                    aaaaaaabbbbbbaa                    
  86                                         777777777777777                    aaaaaaabbbbbbaa                    
  87                                         777777777777777                    aaaaaaabbbbbbaa                    
  88                                         777777777777777                    aaaaaaaaaaaaaaa                    
  89                                         777777777777777                    aaaaaaaaaaaaaaa                    
  90                                         777777777777777                                                       
  91                                         aaaaa77777aaaaa                                                       
  92                                         aaaaabbbbbbaaaa                                                       
  93                                         aaaaabbbbbbaaaa                                                       
  94                                         aaaaabbbbbbaaaa                                                       
  95                                         aaaaabbbbbbaaaa                                                       
  96                                         77777bbbbbb7777                                                       
  97                                         77777bbbbbb7777                                                       
  98                                         777777777777777                                                       
  99                                         777777777777777                                                       
placed 14, declined 0
