HEIGHTMAP  1 char = 2x2 blocks (the top-left block of each)  x -68..66 across, z -152..150 down
KEY  char = ground height above y11 in bands of 1 block(s): 0 = y11..11, 1 = …; H house or hall  ~ water  @ spawn point  ! goal  space = void
        -6   -5   -4   -3   -2   -1    0    1    2    3    4    5    6   
     86420864208642086420864208642086420246802468024680246802468024680246
-152                                   77777777                          
-150                                   7HHHHHHH                          
-148                                   7HHHHHHH                          
-146                                   7HHHHHHH                          
-144                                   77777777                          
-142                                   77777777                          
-140                                   77777777                          
-138                                   77777777                          
-136                                   88888887                          
-134                                   88888888                          
-132                   88888888        99888888                          
-130                   8HHHHHHH        99999888                          
-128                   8HHHHHHH        aaa99999                          
-126                   8HHHHHHH        aaaa9999                          
-124                   88888888        aaaaaa99                          
-122                   88888899        aaaaaaa9                          
-120                 777888889aaaaaaaaaaaaaaaa999988887                  
-118                 777788899aaaaaaaaaaaaaaaa999988888                  
-116                 777788899aaaaaaaaaaaaaaaaa99888888        77777777  
-114                 677788899aaaaaaaaaaaaaaaaa99888888        7HHHHHHH  
-112                 667778889aaaaaaaaaaaaaaaaa99888888        7HHHHHHH  
-110                 666777889aaaaaaaaaaaaaaaaa99888888        7HHHHHHH  
-108                 566677789aaaaaaaaaaaaaaaaa998888888777777777777777  
-106                 556667778aaaaaaaaaaaaaaaaa998888887777777777777777  
-104 44444444444444444555667789        aaaaaaa9988888777777777777777777  
-102 44444444444444444555566778        aaaaaa99887777777777777777777777  
-100 44444444444444444455556667        aaaaaa98777777777777777777777777  
 -98 44444444444444444445555566        aaaa9987776667777777777777777777  
 -96 44444444444444444444455555        aa999877766666677777777777777777  
 -94 44444444444444444444444455        88887766666666667777777777777777  
 -92 44444444444444444344444444        6666666665555555                  
 -90 44444444444444444333344444        5555555555555444                  
 -88 HHHHHHHH        3333333333        3333344444444444                  
 -86 4HHHHHHH        3332222333        1112223333333333                  
 -84 4HHHHHHH        2222222222        1111111222233333                  
 -82 4HHHHHHH        2222222222        1111111112222233                  
 -80                 2222222221        1111111111122222                  
 -78                 2222111111        1111111111111222                  
 -76                 2221111111        1111111111111112                  
 -74                 2221111111        1111111111111111                  
 -72                   11111111111111111111111111111111                  
 -70                   11111111111111111111111111111111                  
 -68                   11111111111111111111111111111111                  
 -66                   11111111111111111111111111111111                  
 -64                   11111111111111111111111111111111                  
 -62                   11111111111111111111111111111111                  
 -60                   11111111111111111111111111111111                  
 -58                   11111111111111111111111111111111                  
 -56                   11111111111111111111111111111111                  
 -54                   11111111111111111111111111111111                  
 -52                   11111111111111111111111111111111                  
 -50                   11111111111111111111111111111111                  
 -48                                                                     
 -46                                                                     
 -44                                                                     
 -42                                                                     
 -40                                                                     
 -38                                                                     
 -36                           11111111111111                            
 -34                           11111111111100                            
 -32                           11111111111100                            
 -30                           11111111111110                            
 -28                           11111111111100                            
 -26                           11111111111100                            
 -24                           11110111111000                            
 -22                           11110001110000                            
 -20                           11110001100000                            
 -18                           11111100000001                            
 -16                           11111100000011                            
 -14                           11111100000111                            
 -12                                                                     
 -10                                                                     
  -8                                                                     
  -6                                                                     
  -4                                                                     
  -2                                                                     
   0                                                                     
   2                                                                     
   4                                                                     
   6                                                                     
   8                                                                     
  10                                                                     
  12                             01100000111111                          
  14                             01100000011111                          
  16                             11100000011111                          
  18                             00000110001111                          
  20                             00000110000111                          
  22                             00001111000111                          
  24                             00011111111111                          
  26                             00111111111111                          
  28                             00111111111101                          
  30                             00111111111111                          
  32                             00111111111111                          
  34                             10111111111111                          
  36                                                                     
  38                                                                     
  40                                                                     
  42                                                                     
  44                                                                     
  46                                                                     
  48                   11111111111111111111111111111111                  
  50                   11111111111111111111111111111111                  
  52                   11111111111111111111111111111111                  
  54                   11111111111111111111111111111111                  
  56                   11111111111111111111111111111111                  
  58                   11111111111111111111111111111111                  
  60                   11111111111111111111111111111111                  
  62                   11111111111111111111111111111111                  
  64                   11111111111111111111111111111111                  
  66                   11111111111111111111111111111111                  
  68                   11111111111111111111111111111111                  
  70                   11111111111111111111111111111111                  
  72                   2111111111111111        1111111122                
  74                   2111111111111111        1111111122                
  76                   2221111111111111        1111111222                
  78                   2222211111111111        1122212222                
  80                   3222221111111111        1222222222        44444444
  82                   3333222221111111        2222222222        4HHHHHHH
  84                   3333333332221111        2222222223        4HHHHHHH
  86                   4444444433333222        3333333333        4HHHHHHH
  88                   4444454444444444        33333333334444444444444444
  90                   5555555555566666        44444433334444444444444444
  92   77777777777777776555566666677777        44444444444444444444444444
  94   77777777777777777666666667788999        55554444444444444444444444
  96   77777777777777777776666777899aaa        65555554444444444444444444
  98   777777777777777777776777789aaaaa        66655554444444444444444444
 100   777777777777777777777778899aaaaa        77666555544444444444444444
 102   77777777777777777777788899aaaaaa        98776655544444444444444444
 104   7777777777777777888888899aaaaaaaaaaaaaaaa887766655                
 106   7777777777777777888888899aaaaaaaaaaaaaaaa987776665                
 108   HHHHHHHH        888888899aaaaaaaaaaaaaaaaa88777666                
 110   7HHHHHHH        888888899aaaaaaaaaaaaaaaaa98877766                
 112   7HHHHHHH        888888899aaaaaaaaaaaaaaaaa98887776                
 114   7HHHHHHH        888888899aaaaaaaaaaaaaaaaa98887777                
 116                   888888999aaaaaaaaaaaaaaaaa98888777                
 118                   888888999aaaaaaaaaaaaaaaa998888777                
 120                           9aaaaaaa        a9888888                  
 122                           99aaaaaa        99888888                  
 124                           999aaaaa        88888888                  
 126                           99999aaa        8HHHHHHH                  
 128                           889999aa        8HHHHHHH                  
 130                           88888999        8HHHHHHH                  
 132                           88888888                                  
 134                           88888888                                  
 136                           77778877                                  
 138                           77777777                                  
 140                           77777777                                  
 142                           77777777                                  
 144                           HHHHHHHH                                  
 146                           7HHHHHHH                                  
 148                           7HHHHHHH                                  
 150                           7HHHHHHH                                  
low y11, high y21, range 10
