CLAIMS  1 char = 1 block  x -55..54 across, z -100..99 down
KEY  0 free  1 water  2 paving  3 structure  4 tree  5 boulder  6 flora  7 spawn keep-out  8 door approach  9 goal clearance  a wool-room keep-out  b structure keep-out  space void
         -5        -4        -3        -2        -1         0         1         2         3         4         5    
     54321098765432109876543210987654321098765432109876543210123456789012345678901234567890123456789012345678901234
-100                                                        777777777777777                                        
 -99                                                        777777777777777                                        
 -98                                                        7777bbbbbb77777                                        
 -97                                                        7777bbbbbb77777                                        
 -96                                                        aaaabbbbbbaaaaa                                        
 -95                                                        aaaabbbbbbaaaaa                                        
 -94                                                        aaaabbbbbbaaaaa                                        
 -93                                                        aaaabbbbbbaaaaa                                        
 -92                                                        aaaaa77777aaaaa                                        
 -91                                                        777777727777777                                        
 -90                     aaaaaaaaaaaaaaa                    777777222777777                                        
 -89                     aaaaaaaaaaaaaaa                    777777227777777                                        
 -88                     aabbbbbbaaaaaaa                    777777227777777                                        
 -87                     aabbbbbbaaaaaaa                    777777227777777                                        
 -86                     aabbbbbbaaaaaaa                    777777227777777                                        
 -85                     aabbbbbbaaaaaaa                    777777227777777                                        
 -84                     aabbbbbbaaaaaaa                    777777227777777                                        
 -83                     bbbbbbbbbbbbbbb                    777777227777777                                        
 -82                     bbbbbbbbbbbbbbb                    777777227777777                                        
 -81                     bbbbbbbbbbbbbbb                    777777227777777                                        
 -80                     bbbbbbbbbbbbbbb                    777777227777777                                        
 -79                     bbbbbbbbbbbbbbb                    777777227777777                                        
 -78                     aaaaaa22aaaaaaa                    777777227777777                                        
 -77                     088888228888888                    088888228888888                                        
 -76                     088888228888888                    688888228888888                                        
 -75                     088888228888888                    088888228888888                                        
 -74                     088888228888888                    088888228888888                                        
 -73                     088888228888888                    088888228888888                                        
 -72                     088888228888888                    688888228888888                                        
 -71                     088888228888888                    600000220000006                                        
 -70                     000000220000000                    000000220000000                                        
 -69                     000000220000000                    000000220000000                                        
 -68                     bbbbbb22bbbbbbb                    600000220000000                                        
 -67                     bbbbbb22bbbbbbb                    000000220000000                                        
 -66                     bbbbbbbbbbbbbbb                    000000022000000                                        
 -65                     bbbbbbbbbbbbbbbbbb6000000066600000000000002200000000bbbbbbb4000000000000000000bbbbbaaaaaaa
 -64                     bbbbbbb222bbbbbbbb0006000066600000066000002200000000bbbbb444440000000008888888bbbbbaaaaaaa
 -63                     bbbbbbbb22bbbbbbbb0000000000000000000000002200000000bbbbb444440000000008888888bbbbbaaaaaaa
 -62                     bbbbbbbbbbbbbbbbbb0000006600000000000000062200000600bbbb4444444655500008888888bbbbbaaaaaaa
 -61                     0000000002222222222222222222222222222222222200000066bbbbb444446555550008888888bbbbbaaaaaaa
 -60                     0006000000022222222222222222222222222222222200000066bbbbb4444465555500     888bbbbbaaaaaaa
 -59                     0000000000000000000000666000000000666666662200000066bbbbbbb40605555500     888bbbbbaaaaaaa
 -58                     0000000000000000000006000000000000666006666220000000bbbbbbb00000555000     888bbbbbbbbbbba
 -57                     0004000000000000000600000000000000666666660220000000bbbbbbb00000000000     888bbbbbbbbbbba
 -56                     0444440006660000000600000000000006666666660220660000bbbbbbb00000000000     888bbbbbbbbbbba
 -55                     0444440000000000000600000000000000666666660222222000bbbbbbb0000000000008888888bbbbbbbbbbba
 -54                     444444400000000000666000066000000006666666002222222222bb2bb0000000000008888888bbbbbbbbbbba
 -53                     044444000000000000066000966966699996666666992220022222bb22b2222222222208888888bbbbbbbbbbba
 -52                     0444446660000000000666009999666669996666669992200006bbbbb2b2222222222008888888bbbbbbbbbbba
 -51                     0004000000000000000000009966666669666666699990220000bbbbbbb0000000666008888888bbbbbaaaaaaa
 -50                                    3333333009966699999666999999990220000bbb                                   
 -49                                    3333333009996999999999999999990220000bbb                                   
 -48                                    3333333009999999999666999999990622000bbb                                   
 -47                                    3333333009999999999969999999990622600000                                   
 -46                                    3333333009999999999999999999990622666660                                   
 -45                                    3333333009999999999999999999990022666660                                   
 -44                                    3333333009999999999999999999990022666600                                   
 -43                                    3333333069999999999999999999990022666000                                   
 -42                                    3333333069999999999999999999990022000000                                   
 -41                                    0000000009969999999999999999990022000000                                   
 -40                                    6600660009969999999999999999990022000000                                   
 -39                                    6600000009969999999999999999990022000000                                   
 -38                                    6600000009999999999999999999990022000000                                   
 -37                                    0000000009999999999999999999990022066600                                   
 -36                                    0000000009999999969999999999990022066600                                   
 -35                                    000000000999999          999990022006600                                   
 -34                                    333333300699999          999990022000000                                   
 -33                                    333333306669999          999990022000000                                   
 -32                                    3333333b6600000          000000022000000                                   
 -31                                    3333333b6000000          000000022000000                                   
 -30                                    3333333b0000000          000000022000000                                   
 -29                                    3333333b0000000          000600022000000                                   
 -28                                    3333333b0000000          000600022066600                                   
 -27                                    3333333b0000000          000600022006600                                   
 -26                                    333333300000000          000000022000000                                   
 -25                                    3333333000066600000000066666000022000000                                   
 -24                                    3333333000066000000000066666660020000000                                   
 -23                                    0000000000000000000000666660000000000000                                   
 -22                                    6600000000000000000666666600000000600000                                   
 -21                                    6666660000000000000066666000000666666600                                   
 -20                                    0066660000000000000000600000000666666600                                   
 -19                                    0066660060000000000000600000000666666660                                   
 -18                                    0000660666000000006000000000000000066660                                   
 -17                                    0000000666000006666600600000000000066660                                   
 -16                                    6000000666600066666606600000000000066660                                   
 -15                                    000000066660000          000000000066600                                   
 -14                                    000000000000000          000000000000000                                   
 -13                                                                                                               
 -12                                                                                                               
 -11                                                                                                               
 -10                                                                                                               
  -9                                                                                                               
  -8                                                                                                               
  -7                                                                                                               
  -6                                                                                                               
  -5                                                                                                               
  -4                                                                                                               
  -3                                                                                                               
  -2                                                                                                               
  -1                                                                                                               
   0                                                                                                               
   1                                                                                                               
   2                                                                                                               
   3                                                                                                               
   4                                                                                                               
   5                                                                                                               
   6                                                                                                               
   7                                                                                                               
   8                                                                                                               
   9                                                                                                               
  10                                                                                                               
  11                                                                                                               
  12                                                                                                               
  13                                    000000000000000          000000000000000                                   
  14                                    006660000000000          000066660000000                                   
  15                                    0666600000000000066066666600066660000006                                   
  16                                    0666600000000000060066666000006660000000                                   
  17                                    0666600000000000000006000000006660660000                                   
  18                                    0666666660000000060000000000000600666600                                   
  19                                    0066666660000000060000000000000000666600                                   
  20                                    0066666660000006666600000000000000666666                                   
  21                                    0000060000000066666660000000000000000066                                   
  22                                    0000000000000666660000000000000000000000                                   
  23                                    0000000200666666600000000006600003333333                                   
  24                                    0000002200006666600000000066600003333333                                   
  25                                    000000220000000          000000003333333                                   
  26                                    006600220006000          0000000b3333333                                   
  27                                    006660220006000          0000000b3333333                                   
  28                                    000000220006000          0000000b3333333                                   
  29                                    000000220000000          0000000b3333333                                   
  30                                    000000220000000          0000006b3333333                                   
  31                                    000000220999999          9999966b3333333                                   
  32                                    000000220999999          999966603333333                                   
  33                                    000000220999999          999996003333333                                   
  34                                    006600220999999          999990000000000                                   
  35                                    0066602209999999999999699999990000000000                                   
  36                                    0066602209999999999999999999990000000000                                   
  37                                    0000002209999999999999999999990000000066                                   
  38                                    0000002209999999999999999999690000000066                                   
  39                                    0000002209999999999999999999690000660066                                   
  40                                    0000002209999999999999999999690000000000                                   
  41                                    0000002209999999999999999999990603333333                                   
  42                                    0006662209999999999999999999990603333333                                   
  43                                    0066662209999999999999999999990003333333                                   
  44                                    0666662209999999999999999999990003333333                                   
  45                                    0666662269999999999999999999990003333333                                   
  46                                    0000062269999999999699999999990003333333                                   
  47                                    0000002269999999996669999999990003333333                                   
  48                                    bbbb000229999999999999999996990003333333                                   
  49                                    bbbb000229999999996669999966690003333333                                   
  50 aaaaaaabbbbba0000000066600000000bbbbbbb000229999966666669666666690000000000000000000004000                    
  51 abbbbbbbbbbba88888880222222222222bbbbbb000022999666666999666669990006660000000000666444440                    
  52 abbbbbbbbbbba888888822222222222222bb22b220022200666666600006660660000660000000000000444440                    
  53 abbbbbbbbbbba8888888000000000000b2bb22b222222200666666600000000660000666000000000004444444                    
  54 abbbbbbbbbbba8888888000000000000bbbbbbb002222220666666660000000000000060000000000000444440                    
  55 abbbbbbbbbbba88     000000000000bbbbbbb000660220666666666000000000000060000000666000444440                    
  56 abbbbbbbbbbba88     000000000000bbbbbbb000000220666666660000000000000060000000000000004000                    
  57 abbbbbbbbbbba88     000555000000bbbbbbb000000226666006660000000000006000000000000000000000                    
  58 aaaaaaabbbbba88     005555506040bbbbbbb600000022666666660000000006660000000000000000000000                    
  59 aaaaaaabbbbba88     0055555644444bbbbbb600000022222222222222222222222222222222200000006000                    
  60 aaaaaaabbbbba88888880055555644444bbbbbb600000022222222222222222222222222222222222000000000                    
  61 aaaaaaabbbbba888888800055564444444bbbbb060000022600000000000000066000000000000022200000000                    
  62 aaaaaaabbbbba88888880000000044444bbbbbb0000000220000000000000000000000000bbbbbbb22bbbbbbbb                    
  63 aaaaaaabbbbba88888880000000044444bbbbbb0000000220000066000000666000060006bbbbbbb222bbbbbbb                    
  64 aaaaaaabbbbba8888888000000000040bbbbbbb0000000220000000000000666000000066bbbbbbbbbbbbbbbbb                    
  65                                         000000220000000                    bbbbbbbbbbbbbbb                    
  66                                         000000022000000                    bbbbbbb22bbbbbb                    
  67                                         000000022000006                    bbbbbbb22bbbbbb                    
  68                                         000000022000000                    bbbbbbbbbbbbbbb                    
  69                                         000000022000000                    000000022000000                    
  70                                         600000022000006                    000000022000000                    
  71                                         600000022000006                    088888822888888                    
  72                                         688888822888888                    088888822888888                    
  73                                         088888822888888                    088888822888888                    
  74                                         088888822888888                    088888822888888                    
  75                                         088888822888888                    088888822888888                    
  76                                         088888822888888                    088888822888888                    
  77                                         088888822888888                    688888822888888                    
  78                                         777777722777777                    bbbbbbbbbbbbbbb                    
  79                                         777777722777777                    bbbbbbbbbbbbbbb                    
  80                                         777777722777777                    bbbbbbbbbbbbbbb                    
  81                                         777777722777777                    bbbbbbbbbbbbbbb                    
  82                                         777777722777777                    bbbbbbbbbbbbbbb                    
  83                                         777777722777777                    aaaaaaabbbbbbaa                    
  84                                         777777722777777                    aaaaaaabbbbbbaa                    
  85                                         777777722777777                    aaaaaaabbbbbbaa                    
  86                                         777777722777777                    aaaaaaabbbbbbaa                    
  87                                         777777722777777                    aaaaaaabbbbbbaa                    
  88                                         777777722777777                    aaaaaaaaaaaaaaa                    
  89                                         777777222777777                    aaaaaaaaaaaaaaa                    
  90                                         777777727777777                                                       
  91                                         aaaaa77777aaaaa                                                       
  92                                         aaaaabbbbbbaaaa                                                       
  93                                         aaaaabbbbbbaaaa                                                       
  94                                         aaaaabbbbbbaaaa                                                       
  95                                         aaaaabbbbbbaaaa                                                       
  96                                         77777bbbbbb7777                                                       
  97                                         77777bbbbbb7777                                                       
  98                                         777777777777777                                                       
  99                                         777777777777777                                                       
placed 18, declined 0
