CLAIMS  1 char = 1 block  x -52..51 across, z -104..103 down
KEY  0 free  1 water  2 paving  3 structure  4 tree  5 boulder  6 flora  7 spawn keep-out  8 door approach  9 goal clearance  a wool-room keep-out  b structure keep-out  space void
      -5        -4        -3        -2        -1         0         1         2         3         4         5 
     21098765432109876543210987654321098765432109876543210123456789012345678901234567890123456789012345678901
-104 00000000000000000004444440000000000000000000000000000000000000000000000000000000000000000000000000000000
-103 00000000000000000004444444000000000000000000000000000000000000000000000000000000000000000000004444000000
-102 00000000000000000004444444666666000000777777777777777777777777700000000000000006666666666666664444446600
-101 00000000000000000004444444466660000000777777777777777777777777700000000000000066666666666666644444446600
-100 00000000000000000004444444400000000000777777777777777777777777700000000000000000000006666666644444446600
 -99 00000000000000000004444444000000000000777777777777777777777777700000033333333333333306666666644444446600
 -98 00000000000000000000444440000000000000777777777777777777777777700000033333333333333306666666644444446600
 -97 00000000000000000000640400000000000000777777777777777777777777700000033333333333333306666666666444466600
 -96 00000000000000000006660000000000000000777777777777777777777777700000033333333333333306666666666666666600
 -95 00000000000000000000600000000000000000777777777bbbbbb777777777700000033333333333333306666666666666666600
 -94 00000000000000000000000000000000000000777777777bbbbbb777777777700000033333333333333306666666666666666600
 -93 00000000000000000000000000000000000000777777777bbbbbb777777777700000033333333333333306666666666666666600
 -92 00000000000000000000000000000000000000777777777bbbbbb777777777700000033333333333333306666666666666666600
 -91 00000000000000000000000000000000000000777777777bbbbbb777777777700000033333333333333306666666666666666600
 -90 00000000000000000000000000000000000000777777777bbbbbb777777777700000033333333333333306666666666666666600
 -89 00000000000000000666660000000000000000777777777777777777777777700000033333333333333306666666666666666600
 -88 00000000000000066666660000000000000000777777777777777777777777700000033333333333333300000066666666666600
 -87 00000000000000006600000000000000000000777777777777777777777777700000033333333333333300000006666666666600
 -86 0000000000000000000000000000000000066677777777777777777777777770000000000bbbbbbb000000000000066666666600
 -85 00000000000000000000000000000000066666777777777777777777777777700000000000000000000000000000006666666600
 -84 00600000000000000000000000000000666666777777777777777777777777700000000000000000000000000000006666666600
 -83 00666660000000000000000000000006666666777777777777777777777777700000000000000000000000000000006666666600
 -82 00660000000000000000000000000006666666777777777777777777777777700000000000000000000000000000000006666600
 -81 00660333333333333000000000000066666666666688888888888888888000000000000000000000000000000000000000066600
 -80 00660333333333333000000000000066666666666688888888888888888000000000000000000000000000000000000000000600
 -79 00660333333333333000000000000066666666666688888888888888888000000000000000000000000000000000000000000600
 -78 00660333333333333000000000000006666666666688888888888888888000000000000000000000000000000000000000000440
 -77 00660333333333333000000000bbbb06666666666688888888888888bbbb00000000000000000000000000000000000000044444
 -76 00600333333333333000000000bbbb00666666666688888888888888bbbb00000000000000000000000000000000000000444444
 -75 00600333333333333000000000bbbb00066666666688888888888888bbbb00000000000000000000000000000000000000444444
 -74 00600333333333333000000000bbbb00006666666688888888888888bbbb00000000000000000000000060000000000004444444
 -73 00444333333333333000000000bbbb60006666666688888888888888bbbb00000000000000000000006666600000000000444444
 -72 04444333333333333000000000bbbb00000066666688888888888888bbbb00000000000000000000066666660000000000444444
 -71 04444444000000000000000000bbbb00000000000088888888888888bbbb00000000000000000000000000000000000000044444
 -70 04444444000000000000000000bbbb00000000000088888888888888bbbb00000000000000000000000000000000000005550040
 -69 04444444000000000000000000bbbb00000000000088888888888888bbbb00000000000000000000000000000000000055555000
 -68 04444446000000000000000000000000000000000088888888888888888000000000000000000000000000000000000555555500
 -67 00644446660000000000000000000000000000000088888888888888888000000000000000000066666666666666000555555500
 -66 00555556666000066000000000000000000000000088888888888888888000000000000000000666666666666666000555555500
 -65 05555555566000066000000000000000000000000000000006666600000000000000000000000666666666666666000555555500
 -64 55555555566000666600000000000000000020022022202026226220000000000000000000006666666666666666000555555500
 -63 55555555566600666600000000022222002222202202222222222622220222022000000000006666666666666666000055555000
 -62 55555555566666666222222022222222202022222202002202222222222222222002220020006666666666666666000000440000
 -61 55555555566662bbbb200200220222202000222022222022200222022222020222220022220222662666bbbb6666600044444440
 -60 55555555566622bbbb222922292229222229999000000000000000020000020220202222222222262622bbbb6666600444444440
 -59 05555555006626bbbb262229229999999999999000000000000000000000000002000222202002626222bbbb6666000444444444
 -58 00555550006666bbbb666666999999999999999000000000000000000000000000000000002220222262bbbb6666000444444444
 -57 00666600006666bbbb666666999999999999999000000000000000000000000000000000000000066222bbbb6660000444444444
 -56 00446600006600bbbb996696999999999999999000000000000000000000000000000000000000066600bbbb0060000044444440
 -55 44444400000000bbbb999999999999999999999000000000000000000000000000000000000000000000bbbb0000000044444440
 -54 44444400000000bbbb999999999999999999999000000000000000000000000000000000000000000000bbbb0000000005555500
 -53 44444466000066bbbb669999999999999999999000000000000000000000000000000000000000000000bbbb0000000055555550
 -52 44444466000066666666999999999999999999900000000000000000000000000000000000000000000000000000000555555555
 -51 44444466666666666666669969666669699999900000000006666666666666666666666600000000000000000000000555555555
 -50 44444466666666666666666666669969699999900000000666666666666666666666666666000000000000000000000555555555
 -49 45555556666666666666666669969669999999900000006666666666666666666666666666600000000000000000006555555555
 -48 55555556666666666666669999666666669999906000006666222262262266666666666666600000000000000000006555555555
 -47 55555555666666666666666666666666669999900000006266626662222222262226666666660000000000000000006655555555
 -46 55555556666666666666669666996666669999900000222222266222226626226226222622666600000000000000066665555554
 -45 5555555666666666666666666669669669999990bbbb22222262222222222622222226622226bbbb000000000006666006644444
 -44 5555555666666666666666966666999696666662bbbb06226666666666666662622222222226bbbb000000000066666006644444
 -43 0555556666666666666666666666666666666626bbbb22666666666666666666666626226226bbbb600000006666600006644444
 -42 0066444466666666666666666666666666666622bbbb66666666666666666666666666666626bbbb666000666666600006644444
 -41 0044444446666666666666666666666666666662bbbb66666666666666666666666666666666bbbb666666666666600006664444
 -40 0044444440666666666666666666666666666690bbbb00666666666666660000666666666600bbbb006666666666600006666600
 -39 0444444444000000000000000000000000000000bbbb00000000000000000000000000000000bbbb000000000000000666600000
 -38 0444444444000000000000000000000000000000bbbb00000000000000000000000000000000bbbb000000000000000600000000
 -37 0444444444000000000000000000000000000000bbbb00000000000000000000000000000000bbbb000000000000000055555000
 -36 04444444440000000000000000000000000000666666660000000000000000000000000000000666660000000000000555555500
 -35 00444554466666666666006666666666666666666666666666666666666660000000000000006666666666666666660555555500
 -34 00555555666666666666666666666666666666666666666666666666666660000000000000666666666666666666600555555500
 -33 05555555566666666666666066666666666666666666666666666666666660000000000000666666666666666666000555555500
 -32 55555555566666660066666006666666666666222222662226222266666600000000000006666666666666666666000555555500
 -31 55555555566666666666666006666622262222222262626622222222626260000000000000666666666666666666000055555440
 -30 55555555566666666666666222262226262222266226262222222226226262220000000000666666666666666666600004554444
 -29 55555555566666666662bbbb02222222222222622226262222226662222662202220bbbb00666666666666666666660044444444
 -28 55555555566666666622bbbb22622262262662666666666666666262226626222222bbbb20066666666666666666660004444444
 -27 05555555666666666666bbbb02226266666666666666666666666666666662202222bbbb22006666666666666666666044444444
 -26 44555556666666666662bbbb00000000666666666666666666666666666666600222bbbb02000666666666666666666004444440
 -25 44444440666666666666bbbb60000000066666666666666666666666666666600000bbbb20000000000000006666600004444440
 -24 44444440666666666600bbbb00000000006666666666666666000006666666600000bbbb00000000000000000666600000044400
 -23 44444440000000000000bbbb00000000000000000000000000000000000000000000bbbb00000000000000000000000000000000
 -22 04444400000000000000bbbb00000000000000000000000000000000000000000000bbbb00000000000000000000000000000000
 -21 04444000000000000000bbbb00000000000000000000000000000000000000000000bbbb00000000000000000000000000000000
 -20 00000000000000000000000000000000000000000000000000000000000000000000000000000000000000000000000000000000
 -19 00000000000000000000000000000000000000000000000000000000000000000000000000000000000002220202220000000000
 -18 00000000000000000000000000000000000000000000000000000000000000000000000000000000022222200002220220000000
 -17 00000000000000000000000000002220022222200000000000000000000000000000000000000202222222222220022222000000
 -16 00000000000000000000022222222222020000202222200000000000000000000000000000222222222222022222222220000000
 -15 00000000000000002022022222222222022022222222222222000000000000000000002222220222222222222222222222222000
 -14 00000000000222220200220222222222222220022222202222222220000000000022022222022222222022222202220220222020
 -13 00000002222222222222220222222222222022202202222202222222222202202022222222020202222222000000022222222222
 -12 00022220222222222222202200222220222202222222222222022220202222222222202222222222220000000000000222202222
 -11 22202222220200222222202222200000000000022222222220222222222222222222222222222200000000000000000002222222
 -10 22222222220222222202200000000000000000000000220220222222222222222222220222200000000000000000000000202202
  -9 22222222202222020000000000000000000000000000000002022002022022222222222000000000000000000000000000022222
  -8 20222222202200000000000000000000000000000000000000000002202222220220000000000000000000000000000000002222
  -7 22222222000000000000000000000000000000000000000000000000000000000000000000000000000000000000000000000000
  -6 20200000000000000000000000000000000000000000000000000000000000000000000000000000000000000000000000000000
  -5 00000000000000000000000000000000000000000000000000000000000000000000000000000000000000000000000000000000
  -4 00000000000000000000000000000000000000000000000000000000000000000000000000000000000000000000000000000000
  -3 00000000000000000000000000000000000000000000000000000000000000000000000000000000000000000000000000000000
  -2 00000000000000000000000000000000000000000000000000000000000000000000000000000000000000000000000000000000
  -1 00000000000000000000000000000000000000000000000000000000000000000000000000000000000000000000000000000000
   0 00000000000000000000000000000000000000000000000000000000000000000000000000000000000000000000000000000000
   1 00000000000000000000000000000000000000000000000000000000000000000000000000000000000000000000000000000000
   2 00000000000000000000000000000000000000000000000000000000000000000000000000000000000000000000000000000000
   3 00000000000000000000000000000000000000000000000000000000000000000000000000000000000000000000000000000000
   4 00000000000000000000000000000000000000000000000000000000000000000000000000000000000000000000000000000000
   5 00000000000000000000000000000000000000000000000000000000000000000000000000000000000000000000000000000202
   6 00000000000000000000000000000000000000000000000000000000000000000000000000000000000000000000000022222222
   7 22220000000000000000000000000000000002202222220220000000000000000000000000000000000000000000220222222202
   8 22222000000000000000000000000000022222222222022020022020000000000000000000000000000000002022220222222222
   9 20220200000000000000000000000222202222222222222222222202202200000000000000000000000220222222202222222222
  10 22222220000000000000000000222222222222222222222222222202222222222000000000000222220222222200202222220222
  11 22220222200000000000002222222222220222222222220202222022222222222220222202222200220222222222222202222000
  12 22222222222000000022222220202022222222020220222222222220222220220222022222222222202222222222222220000000
  13 02022202202220222222022222222022222022000000000002222222220222222002222222222222202200202222200000000000
  14 00022222222222222222222222202222220000000000000000000022222222222222022022222222222022020000000000000000
  15 00000002222222222022222222222200000000000000000000000000000222220200002022222222222000000000000000000000
  16 00000022222002222222222220200000000000000000000000000000000000000222222002220000000000000000000000000000
  17 00000002202220000222222000000000000000000000000000000000000000000000000000000000000000000000000000000000
  18 00000000002220202220000000000000000000000000000000000000000000000000000000000000000000000000000000000000
  19 00000000000000000000000000000000000000000000000000000000000000000000000000000000000000000000000000000000
  20 00000000000000000000000000000000bbbb00000000000000000000000000000000000000000000bbbb00000000000000044440
  21 00000000000000000000000000000000bbbb00000000000000000000000000000000000000000000bbbb00000000000000444440
  22 00000000000000000000000000000000bbbb00000000000000000000000000000000000000000000bbbb60000000000004444444
  23 00444006600000000000000000000000bbbb00000000000000000000000000000000000000000000bbbb60000000000664444444
  24 04444446000000000000000000000002bbbb00006666066666666666666666666600006666666060bbbb66066666666604444444
  25 04444446006000000000000000000020bbbb22206666666666666666666666666666666666666066bbbb26066666666665555544
  26 44444444660000000000000000000022bbbb22220226666666666666666666666666666666262226bbbb66066666666655555550
  27 44444440000000000000000000000002bbbb22222262662220266666666666666626626226222022bbbb22066666666555555555
  28 44444444000000000000000000000060bbbb02220226622220002222226262222622222222222226bbbb26066666666555555555
  29 44445540000000000000000000000060000000002226262202222222226262266222226262226222266606666666666555555555
  30 04455555000000000000000000066666600000006666262022222222002020222222226222666666666666666666666555555555
  31 00555555500000000000000006666660000000066666666000222202220022222266666666666666600666666666666555555555
  32 00555555500000000000000006666666000000066666666000000000000000066666666666666666666666666666666555555550
  33 00555555500000000000000006666666000000066666666000000000000000006666666666666666666666666666666655555500
  34 00555555500000000000000000000666600000066666666000000000000000006666666666666666666666666666666445544400
  35 00555555500000000000000000000006660000006666666000000000000000006660000666666666666666666666664444444440
  36 000555550000000000000000bbbb00000000000000000000000000000000bbbb6060000000000000000000000000004444444440
  37 000000000000000000000000bbbb00000000000000000000000000000000bbbb0000000000000000000000000000004444444440
  38 000000000000000000000000bbbb00000000000000000000000000000000bbbb6000000000000000000000000000004444444440
  39 000000000000000000000000bbbb00000000000000000000000000000000bbbb0996666666699999999999000000000444444400
  40 444400000000000000000000bbbb00000000000000666666660000000000bbbb2699966666666666666666666666666444444400
  41 444440000000000000000000bbbb02000000000000066666666000000000bbbb2299999666666666666666666666666644446600
  42 444440000000000000000000bbbb02202202000000066666666600000022bbbb0299999966666666666666666666666666555550
  43 444446660000000000000000bbbb02222222222020066666666666602200bbbb2999999999996666696666666666666665555555
  44 444446660000000000000000bbbb02222002222222022222222226222222bbbb0999999999669666666666666666666665555555
  45 45555556660000000000000000000022022202202202062222266222222200000999999999669966696666666666666665555555
  46 55555555666000000000000000000000000002220222222226662666200000000999999999666666666666666666666655555555
  47 55555555566000000000000000000000000000000000226226222266600000000999999999666699996666666666666665555555
  48 55555555566600000000000000000000000000000000006666666666600000000999999999696996666666666666666665555554
  49 55555555556000000000000000000000000000000000006666666666660000000999999999996666666666666666666666444444
  50 55555555566000000000000000000000000000000000000666666666660000000999999999666696996666666666666666444444
  51 55555555566000000000000000000000000000000000000666000000000000000999999999996696966666666666666666444444
  52 0555555566000000bbbb000000000000000000000000000000000000000000000999999999999999999666bbbb66600666444444
  53 0055555666000000bbbb000000000000000000000000000000000000000000000999999999999999999996bbbb60000666444444
  54 0444444400000000bbbb000000000000000000000000000000000000000000000999999999999999999996bbbb60000006444444
  55 0444444400000000bbbb000000000000000000000000000000006666666666660999999999999999999996bbbb60000006664400
  56 4444444440006660bbbb222000000000000000000000006666666666666666666666666666666666666966bbbb66000006666600
  57 4444444440006660bbbb202222022200000000000000066666666666666666666666666666666666666966bbbb66000005555500
  58 4444444440006660bbbb222020200202222000200006666666666666666666666666666666666622622262bbbb62060055555550
  59 0444444440006666bbbb220202222222222202022026666626666666666666666666622222622262226222bbbb22066555555555
  60 0444444400066666bbbb000200222022220022222026222226222662226222226222666262222622662062bbbb26066555555555
  61 00664466006666600000000000000662662220022222222222222226226626222222626222222222622222266006066555555555
  62 00655555006666000000000000066666666666622622262222622222222226226222226622222666666666666666666555555555
  63 00555555566660000000000000666666666666666666666662262262626222622662666666666666666660000006666555555555
  64 00555555566660000000000000666666666666666666666666666666666666666666666666666666666666666666666555555550
  65 00555555566660000000000000666666666666666666666666666666666666666666666666666666666666666666666665555500
  66 00555555566666000000000000066666666666666666668888888888888888866666666666666666666666666666666664444600
  67 00555555566666600066660000066666666666666666668888888888888888866666666666666666666660000666666664444440
  68 00655555660000000000000000000000000000000006bbbb88888888888888800000000606bbbb60600000000000000644444440
  69 04665556660000000000000000000000000000000006bbbb88888888888888800000000606bbbb60600000000000000644444440
  70 44444666000000000000000000000000000000000006bbbb88888888888888800000000000bbbb00000000000000000044444440
  71 44444466000000000000000000000000000000000006bbbb88888888888888800000000000bbbb00066666033333333333344440
  72 44444466000000066666666600000006666666666066bbbb88888888888888866666666066bbbb66066666033333333333344400
  73 44444446000000066666666660000066666666666066bbbb88888888888888866666666066bbbb66066666033333333333306600
  74 44444466000000066666666666666666666666666066bbbb88888888888888866666666066bbbb66066666033333333333306600
  75 44444400000000066666666666666666666666666000bbbb88888888888888866666666066bbbb66066666033333333333306600
  76 44444000000000066666666666666666666666666060bbbb88888888888888866666666666bbbb66666666033333333333306600
  77 04400000000000666666066666666666666666666000068888888888888888866666666660666606666000033333333333306600
  78 00000000000006666600000666666666666666666660668888888888888888866666666666666666660000033333333333306600
  79 00000000000066666600000066666666666666666660008888888888888888866666666666600666660000033333333333306600
  80 00000000000666666600000066666666666666666666668888888888888888866666666666666666660000033333333333306600
  81 00000000066666666600000066666666666666666666668888888888888888866666666666666666660000000000000000006600
  82 00000000000066666600000066666666666666666677777777777777777777777776666666666666660000006666666666666600
  83 00000000000006666660000066666666666666666677777777777777777777777776666666666666660000000066666666666600
  84 00000000000006666666000066666666666666666677777777777777777777777776666666666666660000000000666666666600
  85 000000000000066666600000bbbbbbb0000066666677777777777777777777777776666666666666660000000000666666666600
  86 00000000000006666660333333333333333066666677777777777777777777777776666666666666600000000006666666666600
  87 00000000000000666660333333333333333066666677777777777777777777777770006666666666600000000066666666666600
  88 00000000000000666660333333333333333066666677777777777777777777777770006666666666600000000066666666666600
  89 000000000000006666603333333333333330600006777777777bbbbbb77777777770006666666666660000000006666666666600
  90 000000000000006666603333333333333330000000777777777bbbbbb77777777776666666666666660000000000066666666600
  91 000000000000006666603333333333333330000000777777777bbbbbb77777777776666666666666666000000000000666666600
  92 000000000000000666603333333333333330000000777777777bbbbbb77777777776666666666666666000000000000066666600
  93 000000000000000666603333333333333330000000777777777bbbbbb77777777776666666666666660000000000000666666600
  94 000000000000006666603333333333333330000000777777777bbbbbb77777777776666666666666660000000000666666666600
  95 00000000000000666660333333333333333000000077777777777777777777777776666666666666600000006666666666666600
  96 00000444400000666660333333333333333000000077777777777777777777777776666666666666404000006666666666666600
  97 00004444444000666660333333333333333000000077777777777777777777777776666666666664444400006666666666666600
  98 00004444444000666660333333333333333000000077777777777777777777777776666666666644444440006666666666666600
  99 00004444444000066660000000000000000000000077777777777777777777777776666666666444444440000666666666666600
 100 00004444444000006666666600000000000000000077777777777777777777777776666666666444444446666666666666666600
 101 00004444440000000666666600000000000000000077777777777777777777777776666666666644444446666666666666666600
 102 00000044440000000000000000000000000000000077777777777777777777777770000000000044444440000000000000000000
 103 00000000000000000000000000000000000000000000000000000000000000000000000000000004444440000000000000000000
placed 46, declined 0
