INCLINE  1 char = 5x5 blocks (the top-left block of each)  x -213..212 across, z -128..127 down
KEY  char = tens of degrees from level, read 2 cell(s) either side: 0 = 0..9°, 4 = 40..49°, 8 = 80°+;  H house or hall  ~ water  @ spawn point  ! goal  space = void
     -1-0-9-8-7-6-5-4-3-2-1-0-9-8-7-6-5-4-3-2-1 0 1 2 3 4 5 6 7 8 9 0 1 2 3 4 5 6 7 8 9 0 1
     38383838383838383838383838383838383838383832727272727272727272727272727272727272727272
-128 00000000000000000000  00000000000000000000  00000000000000000000  00000000000000000000
-123 00000000000000000000  00000000000000000000  00000000000000000000  00000000000000000000
-118 00000000000000000000  00000000000000000000  00000000000000000000  00000000000000000000
-113 00000000000000000000  00000000000000000000  00000000000000000000  00000000000000000000
-108 00000000000000000000  00000000000000000000  00000000000000000000  00000000000000000000
-103 00000000000000000000  00000000000000000000  10000000000000000001  00000000000000000000
 -98 10000000000000000001  10000000000000000001  34444444444444444443  00000000000000000000
 -93 32000000000000000023  35555555555555555553  34444444444444444443  10000000000000000001
 -88 32000000000000000023  32000000000000000023  10000000000000000001  34556666666666665543
 -83 10000000000000000001  10000000000000000001  00000000000000000000  23322222222222222332
 -78 00000000000000000000  00000000000000000000  00000000000000000000  11100000000000000111
 -73 00000000000000000000  00000000000000000000  00000000000000000000  10000000000000000001
 -68 00000000000000000000  00000000000000000000  00000000000000000000  11000000000000000011
 -63 00000000000000000000  00000000000000000000  00000000000000000000  00000000000000000000
 -58 00000000000000000000  00000000000000000000  00000000000000000000  00000000000000000000
 -53 00000000000000000000  00000000000000000000  00000000000000000000  00000000000000000000
 -48                                                                                       
 -43                                                                                       
 -38 00000000000000000000  00000000000000000000  00000000000000000000  00010011000011001000
 -33 00000000000000000000  00000000000000000000  00000000000000000000  00010011000011001000
 -28 00000000000000000000  00000000000000000000  00000000000000000000  10000110000001100011
 -23 00000000000000000000  00000000000000000000  00000000000000000000  00101112222221110100
 -18 00000000000000000000  00000000000000000000  00000000000000000000  11001111111111110011
 -13 10000000000000000001  00000000000000000000  00000000000000000000  00111111111111111100
  -8 11000000000000000011  00000000000000000000  10000000000000000001  11111111111111111111
  -3 34444444444444444443  00000000000000000000  32000000000000000023  11111111111111111111
   2 34444444444444444443  00000000000000000000  32000000000000000023  00011111111111111000
   7 11000000000000000011  00000000000000000000  10000000000000000001  00001111111111110000
  12 10000000000000000001  00000000000000000000  00000000000000000000  11101111111111110111
  17 00000000000000000000  00000000000000000000  00000000000000000000  11110111111111101111
  22 00000000000000000000  00000000000000000000  00000000000000000000  00011112222221111000
  27 00000000000000000000  00000000000000000000  00000000000000000000  01101111111111110110
  32 00000000000000000000  00000000000000000000  00000000000000000000  10011121111112111001
  37 00000000000000000000  00000000000000000000  00000000000000000000  00011120000002111000
  42                                                                                       
  47                                                                                       
  52 00000000000000000000  00100100000000100100  00001111010111110000  00000000000000000000
  57 00000000000000000000  00100100100100100100  00101111111111100100  00000000000000000000
  62 00000000000000000000  00000010111101000000  00111112222222211100  00000000000000000000
  67 00000000000000000000  01001011111111010010  01011222333432211010  10000000000000000001
  72 00000000000000000000  00010111222211101000  10122343310032221101  22222222222222222222
  77 00000000000000000000  00011122344322111000  00112320000013222100  32222222222222222233
  82 00000000000000000000  00001222455422210000  01122310000003432110  22222222222222222222
  87 00000000000000000000  00001134500543110000  01122320000000432110  22222222222222222222
  92 00000000000000000000  00001134500543110000  01122320000000432110  22222222222222222222
  97 00000000000000000000  00001222455422210000  01122310000003432110  22222222222222222222
 102 00000000000000000000  00011122344322111000  00112320000013222100  33222222222222222223
 107 00000000000000000000  00010111222211101000  10122343310032221101  22222222222222222222
 112 00000000000000000000  01001011111111010010  01011222333432211010  10000000000000000001
 117 00000000000000000000  00000010111101000000  00111112222222211100  00000000000000000000
 122 00000000000000000000  00100100100100100100  00101111111111100100  00000000000000000000
 127 00000000000000000000  00100100000000100100  00001111010111110000  00000000000000000000
ground by angle: 00-09° 75.3%  10-19° 12%  20-29° 7.4%  30-39° 1.8%  40-49° 2.4%  50-59° 0.8%  60-69° 0.3%  
3840 sampled cell(s); 3.5% at 40° or steeper
