## spawn-red -> red-0
ROUTE (70, 62) -> (35, 80) aim travel: 42 blocks, 1 placed, 0 drop(s), worst drop 0
  place            y   step
  (70, 62)          11
  (69, 63)          13   scramble +2
  (68, 64)          11
  (67, 64)          11
  (66, 64)          11
  (65, 64)          11
  (64, 64)          11
  (63, 64)          11
  (62, 64)          11
  (61, 64)          11
  (60, 64)          11
  (59, 64)          11
  (58, 64)          11
  (57, 64)          12
  (56, 64)          12
  (55, 64)          11
  (54, 64)          12
  (53, 64)          12
  (52, 65)          13
  (51, 66)          14
  (50, 67)          15
  (49, 68)          16
  (48, 68)          17
  (47, 69)          18
  (46, 70)          18
  (45, 71)          18
  (44, 72)          17
  (43, 73)          16
  (42, 74)          16
  (41, 75)          15
  (40, 76)          14
  (39, 77)          14
  (38, 78)          13
  (37, 78)          13
  (36, 79)          13
  (35, 80)          13
rises 1, falls 0, worst step 2: scramble +2 at (69, 63)
beside: spawn spawn-1 at (69, 63) d0, wool wool-1 at (35, 80) d0

## spawn-red -> orange-0
ROUTE (70, 62) -> (70, 40) aim travel: 45 blocks, 3 placed, 1 drop(s), worst drop 4
  place            y   step
  (70, 62)          11
  (69, 62)          11
  (68, 62)          12
  (67, 61)          11
  (66, 61)          11
  (65, 61)          11
  (64, 61)          11
  (63, 61)          11
  (62, 61)          11
  (61, 61)          11
  (60, 61)          11
  (59, 60)          11
  (58, 59)          11
  (57, 58)          11
  (56, 57)          11
  (55, 56)          11
  (54, 55)          11
  (54, 54)          11
  (54, 53)          11
  (54, 52)          11
  (54, 51)          11
  (54, 50)          11
  (54, 49)          15   barrier +4
  (55, 49)          15
  (56, 49)          11   drop -4
  (57, 49)          11
  (58, 48)          11
  (59, 47)          11
  (60, 46)          11
  (61, 45)          10
  (62, 45)          10
  (63, 44)          10
  (64, 43)          10
  (65, 42)          11
  (66, 41)          10
  (67, 41)          10
  (68, 41)          10
  (69, 41)          10
  (70, 40)          10
rises 1, falls 1, worst step 4: barrier +4 at (54, 49); drop -4 at (56, 49)
beside: spawn spawn-1 at (68, 62) d0, tree thorn-1 at (59, 47) d0, wool wool-2 at (66, 41) d0

## spawn-red -> blue-1
ROUTE (70, 62) -> (-80, 35) aim travel: 161 blocks, 27 placed, 1 drop(s), worst drop 4
  place            y   step
  (70, 62)          11
  (69, 62)          11
  (68, 62)          12
  (67, 61)          11
  (66, 61)          11
  (65, 61)          11
  (64, 61)          11
  (63, 61)          11
  (62, 61)          11
  (61, 61)          11
  (60, 61)          11
  (59, 61)          11
  (58, 61)          11
  (57, 61)          12
  (56, 61)          11
  (55, 61)          11
  (54, 61)          11
  (53, 61)          11
  (52, 61)          11
  (51, 60)          11
  (50, 59)          11
  (49, 58)          11
  (48, 58)          11
  (47, 58)          11
  (46, 58)          11
  (45, 58)          11
  (44, 58)          11
  (43, 58)          11
  (42, 58)          11
  (41, 58)          11
  (40, 58)          11
  (39, 58)          11
  (38, 58)          11
  (37, 57)          10
  (36, 56)          10
  (35, 55)          10
  (34, 54)           9
  (33, 53)          10
  (32, 52)          10
  (31, 51)          11
  (30, 50)          11
  (29, 49)          12
  (28, 48)          12
  (27, 47)          12
  (26, 46)          11
  (25, 45)          12
  (24, 45)          14   scramble +2
  (23, 45)          14
  (22, 45)          14
  (21, 45)          14
  (20, 45)          14
  (19, 45)          14
  (18, 45)          14
  (17, 45)          14
  (16, 45)          14
  (15, 45)          14
  (14, 45)          14
  (13, 45)          14
  (12, 45)          14
  (11, 45)          18   barrier +4
  (10, 45)          18
  (9, 45)           18
  (8, 45)           18
  (7, 45)           18
  (6, 45)           18
  (5, 45)           18
  (4, 45)           18
  (3, 45)           18
  (2, 45)           18
  (1, 45)           18
  (0, 45)           18
  (-1, 45)          14   drop -4
  (-2, 45)          14
  (-3, 45)          14
  (-4, 45)          14
  (-5, 45)          14
  (-6, 45)          14
  (-7, 45)          14
  (-8, 45)          14
  (-9, 45)          14
  (-10, 45)         14
  (-11, 45)         14
  (-12, 45)         14
  (-13, 45)         14
  (-14, 45)         14
  (-15, 45)         14
  (-16, 45)         14
  (-17, 45)         14
  (-18, 45)         14
  (-19, 45)         14
  (-20, 45)         14
  (-21, 45)         12
  (-22, 45)         12
  (-23, 45)         12
  (-24, 45)         13
  (-25, 45)         13
  (-26, 45)         13
  (-27, 45)         13
  (-28, 45)         12
  (-29, 45)         11
  (-30, 45)         11
  (-31, 45)         11
  (-32, 45)         11
  (-33, 45)         11
  (-34, 45)         11
  (-35, 45)         11
  (-36, 45)         11
  (-37, 45)         11
  (-38, 45)         11
  (-39, 45)         11
  (-40, 45)         11
  (-41, 45)         11
  (-42, 45)         11
  (-43, 45)         11
  (-44, 45)         11
  (-45, 45)         11
  (-46, 45)         11
  (-47, 45)         11
  (-48, 45)         11
  (-49, 45)         11
  (-50, 45)         11
  (-51, 45)         11
  (-52, 45)         11
  (-53, 45)         11
  (-54, 45)         11
  (-55, 45)         11
  (-56, 45)         11
  (-57, 45)         11
  (-58, 45)         11
  (-59, 45)         11
  (-60, 45)         15   barrier +4
  (-61, 45)         15
  (-62, 45)         12
  (-63, 45)         12
  (-64, 45)         13
  (-65, 45)         13
  (-66, 45)         14
  (-67, 45)         15
  (-68, 45)         15
  (-69, 44)         16
  (-70, 43)         16
  (-71, 42)         16
  (-72, 41)         16
  (-73, 40)         15
  (-74, 39)         15
  (-75, 38)         14
  (-76, 37)         14
  (-77, 36)         13
  (-78, 36)         13
  (-79, 36)         13
  (-80, 35)         13
rises 3, falls 1, worst step 4: scramble +2 at (24, 45); barrier +4 at (11, 45); drop -4 at (-1, 45); barrier +4 at (-60, 45)
beside: spawn spawn-1 at (68, 62) d0, tree thorn-0#1 at (-38, 45) d0, wool wool-1#1 at (-80, 35) d0, boulder crag-0#1 at (-24, 47) d2

## spawn-red -> light_blue-1
ROUTE (70, 62) -> (-40, 70) aim travel: 124 blocks, 40 placed, 2 drop(s), worst drop 16
  place            y   step
  (70, 62)          11
  (69, 62)          11
  (68, 62)          12
  (67, 61)          11
  (66, 61)          11
  (65, 61)          11
  (64, 61)          11
  (63, 61)          11
  (62, 61)          11
  (61, 61)          11
  (60, 61)          11
  (59, 61)          11
  (58, 61)          11
  (57, 61)          12
  (56, 61)          11
  (55, 61)          11
  (54, 61)          11
  (53, 61)          11
  (52, 61)          11
  (51, 60)          11
  (50, 59)          11
  (49, 58)          11
  (48, 58)          11
  (47, 58)          11
  (46, 58)          11
  (45, 58)          11
  (44, 58)          11
  (43, 58)          11
  (42, 58)          11
  (41, 58)          11
  (40, 58)          11
  (39, 58)          11
  (38, 58)          11
  (37, 58)          10
  (36, 58)          10
  (35, 58)          10
  (34, 58)           9
  (33, 58)           9
  (32, 58)           9
  (31, 58)           9
  (30, 58)           9
  (29, 57)           9
  (28, 57)           9
  (27, 57)           9
  (26, 57)           9
  (25, 57)           9
  (24, 57)          14   barrier +5
  (23, 57)          14
  (22, 57)          14
  (21, 57)          14
  (20, 57)          14
  (19, 57)          14
  (18, 57)          14
  (17, 57)          14
  (16, 57)          14
  (15, 57)          14
  (14, 57)          14
  (13, 57)          14
  (12, 56)          14
  (11, 55)          18   barrier +4
  (10, 55)          18
  (9, 55)           18
  (8, 55)           18
  (7, 55)           18
  (6, 55)           18
  (5, 55)           18
  (4, 55)            2   drop -16
  (3, 55)            2
  (2, 55)            2
  (1, 55)            2
  (0, 55)            2
  (-1, 55)           2
  (-2, 55)           2
  (-3, 55)           2
  (-4, 55)           2
  (-5, 55)           2
  (-6, 55)          14   barrier +12
  (-7, 55)          14
  (-8, 55)          14
  (-9, 55)          14
  (-10, 54)         14
  (-11, 54)         14
  (-12, 54)         14
  (-13, 54)         14
  (-14, 54)         14
  (-15, 54)         14
  (-16, 54)         14
  (-17, 54)         14
  (-18, 54)         14
  (-19, 54)         14
  (-20, 54)         14
  (-21, 54)         13
  (-22, 54)         13
  (-23, 54)         13
  (-24, 54)         13
  (-25, 54)         13
  (-26, 54)         13
  (-27, 54)         13
  (-28, 54)         13
  (-29, 54)         12
  (-30, 54)         12
  (-31, 54)         15   barrier +3
  (-31, 55)         15
  (-31, 56)         11   drop -4
  (-32, 57)         10
  (-33, 58)         10
  (-34, 59)         10
  (-35, 60)         10
  (-36, 61)         10
  (-37, 62)         10
  (-38, 63)         10
  (-39, 64)         10
  (-39, 65)         11
  (-39, 66)         10
  (-39, 67)         10
  (-39, 68)         10
  (-39, 69)         10
  (-40, 70)         10
rises 4, falls 2, worst step 16: barrier +5 at (24, 57); barrier +4 at (11, 55); drop -16 at (4, 55); barrier +12 at (-6, 55); barrier +3 at (-31, 54); drop -4 at (-31, 56)
beside: spawn spawn-1 at (68, 62) d0, wool wool-2#1 at (-40, 70) d0, boulder crag-1#1 at (-33, 60) d1, boulder crag-0#1 at (-25, 52) d2

## spawn-red -> yellow-2
ROUTE (70, 62) -> (-35, -80) aim travel: 190 blocks, 50 placed, 3 drop(s), worst drop 5
  place            y   step
  (70, 62)          11
  (69, 62)          11
  (68, 62)          12
  (67, 61)          11
  (66, 61)          11
  (65, 61)          11
  (64, 61)          11
  (63, 61)          11
  (62, 61)          11
  (61, 61)          11
  (60, 61)          11
  (59, 60)          11
  (58, 59)          11
  (57, 58)          11
  (56, 57)          11
  (55, 56)          11
  (54, 55)          11
  (53, 54)          11
  (53, 53)          11
  (53, 52)          11
  (53, 51)          11
  (53, 50)          11
  (53, 49)          11
  (53, 48)          11
  (53, 47)          11
  (53, 46)          11
  (53, 45)          11
  (53, 44)          11
  (53, 43)          11
  (53, 42)          11
  (53, 41)          11
  (53, 40)          11
  (53, 39)          11
  (53, 38)          11
  (53, 37)          11
  (53, 36)          11
  (53, 35)          11
  (53, 34)          11
  (53, 33)          11
  (53, 32)          11
  (53, 31)          11
  (52, 30)          12
  (51, 29)          13
  (50, 28)          13
  (49, 27)          13
  (48, 26)          13
  (47, 25)          13
  (46, 24)          13
  (45, 23)          13
  (44, 22)          12
  (43, 21)          12
  (42, 20)          12
  (41, 19)          13
  (41, 18)          13
  (41, 17)          13
  (40, 16)          13
  (39, 15)          14
  (38, 14)          14
  (37, 13)          14
  (36, 12)          14
  (35, 11)          18   barrier +4
  (35, 10)          18
  (35, 9)           18
  (35, 8)           18
  (35, 7)           18
  (35, 6)           18
  (34, 5)           18
  (33, 4)           20   scramble +2
  (32, 3)           20
  (31, 2)           20
  (30, 1)           18
  (29, 0)           18
  (28, -1)          14   drop -4
  (27, -2)          14
  (26, -3)          14
  (25, -4)          14
  (24, -5)          14
  (23, -6)          14
  (22, -7)          14
  (21, -8)          14
  (20, -9)          14
  (19, -10)         14
  (18, -11)         14
  (17, -12)         14
  (16, -13)         14
  (15, -14)         14
  (14, -15)         14
  (13, -16)         14
  (12, -17)         14
  (11, -18)         14
  (10, -19)         14
  (9, -20)          14
  (8, -21)          14
  (7, -22)          14
  (6, -23)          14
  (5, -24)          14
  (4, -25)          14
  (3, -26)          14
  (2, -27)          14
  (1, -28)          14
  (0, -29)          14
  (-1, -30)         14
  (-2, -31)         14
  (-3, -32)         14
  (-4, -33)         14
  (-5, -34)         14
  (-6, -35)         14
  (-7, -36)         14
  (-8, -37)         14
  (-9, -38)         14
  (-10, -39)        14
  (-11, -40)        14
  (-12, -41)        14
  (-13, -42)        14
  (-14, -43)        14
  (-15, -44)        14
  (-16, -45)        14
  (-17, -46)        14
  (-18, -47)        14
  (-19, -48)        14
  (-20, -49)        14
  (-21, -50)        14
  (-22, -51)        14
  (-23, -52)        14
  (-24, -53)        14
  (-25, -54)        14
  (-26, -55)         9   drop -5
  (-27, -56)         9
  (-28, -57)         9
  (-29, -58)         9
  (-30, -59)         9
  (-31, -60)        15   barrier +6
  (-32, -61)        15
  (-32, -62)        10   drop -5
  (-32, -63)        10
  (-32, -64)        10
  (-32, -65)        10
  (-32, -66)        11
  (-32, -67)        11
  (-32, -68)        11
  (-32, -69)        11
  (-32, -70)        11
  (-32, -71)        11
  (-32, -72)        12
  (-32, -73)        12
  (-32, -74)        12
  (-32, -75)        12
  (-33, -76)        14   scramble +2
  (-34, -77)        13
  (-34, -78)        13
  (-34, -79)        13
  (-35, -80)        13
rises 4, falls 3, worst step 6: barrier +4 at (35, 11); scramble +2 at (33, 4); drop -4 at (28, -1); drop -5 at (-26, -55); barrier +6 at (-31, -60); drop -5 at (-32, -62); scramble +2 at (-33, -76)
beside: spawn spawn-1 at (68, 62) d0, wool wool-1#2 at (-35, -80) d0, boulder crag-0 at (47, 23) d1

## spawn-red -> pink-2
ROUTE (70, 62) -> (-70, -40) aim travel: 182 blocks, 58 placed, 3 drop(s), worst drop 12
  place            y   step
  (70, 62)          11
  (69, 62)          11
  (68, 62)          12
  (67, 61)          11
  (66, 61)          11
  (65, 61)          11
  (64, 61)          11
  (63, 61)          11
  (62, 61)          11
  (61, 61)          11
  (60, 61)          11
  (59, 61)          11
  (58, 61)          11
  (57, 61)          12
  (56, 61)          11
  (55, 61)          11
  (54, 61)          11
  (53, 61)          11
  (52, 61)          11
  (51, 60)          11
  (50, 59)          11
  (49, 58)          11
  (48, 58)          11
  (47, 58)          11
  (46, 58)          11
  (45, 58)          11
  (44, 58)          11
  (43, 58)          11
  (42, 58)          11
  (41, 58)          11
  (40, 58)          11
  (39, 58)          11
  (38, 57)          11
  (37, 56)          10
  (36, 55)          10
  (35, 54)          10
  (34, 53)          10
  (33, 52)          11
  (32, 51)          11
  (31, 50)          11
  (30, 49)          11
  (29, 48)          11
  (28, 47)          12
  (27, 46)          11
  (26, 45)          11
  (25, 44)          12
  (24, 43)          14   scramble +2
  (23, 42)          14
  (22, 41)          12
  (21, 40)          13
  (20, 39)          13
  (19, 38)          13
  (18, 37)          13
  (17, 36)          14
  (16, 35)          14
  (15, 34)          14
  (14, 33)          14
  (13, 32)          14
  (12, 31)          14
  (11, 30)          18   barrier +4
  (10, 29)          18
  (9, 28)           20   scramble +2
  (8, 27)           20
  (7, 26)           20
  (6, 25)           18
  (5, 24)           18
  (4, 23)           20   scramble +2
  (3, 22)           20
  (2, 21)           20
  (1, 20)           18
  (0, 19)           18
  (-1, 18)          14   drop -4
  (-2, 17)          14
  (-3, 16)          14
  (-4, 15)          14
  (-5, 14)          14
  (-6, 13)          14
  (-7, 12)          14
  (-8, 11)           2   drop -12
  (-9, 10)           2
  (-10, 9)           2
  (-11, 8)           2
  (-12, 7)           2
  (-13, 6)           2
  (-14, 5)           2
  (-15, 4)          14   barrier +12
  (-16, 3)          14
  (-17, 2)          14
  (-18, 1)          14
  (-19, 0)          14
  (-20, -1)         14
  (-21, -2)         14
  (-22, -3)         14
  (-23, -4)         14
  (-24, -5)         14
  (-25, -6)         14
  (-26, -7)         14
  (-27, -8)         14
  (-28, -9)         14
  (-29, -10)        14
  (-30, -11)        14
  (-31, -11)        14
  (-32, -11)        14
  (-33, -11)        14
  (-34, -11)        14
  (-35, -12)        14
  (-36, -13)        14
  (-37, -14)        14
  (-38, -15)        14
  (-39, -16)        14
  (-40, -17)        13
  (-41, -18)        13
  (-42, -19)        13
  (-43, -20)        14
  (-44, -21)        12
  (-45, -22)        12
  (-46, -23)        12
  (-47, -24)        13
  (-48, -25)        13
  (-49, -26)        13
  (-50, -27)        13
  (-51, -28)        13
  (-52, -29)        13
  (-53, -30)        12
  (-54, -31)        12
  (-55, -32)        15   barrier +3
  (-56, -33)        15
  (-57, -33)        10   drop -5
  (-58, -33)        10
  (-59, -33)        10
  (-60, -34)        10
  (-61, -35)        10
  (-62, -36)        10
  (-63, -37)        10
  (-64, -38)        10
  (-65, -39)        10
  (-66, -39)        11
  (-67, -39)        10
  (-68, -39)        10
  (-69, -39)        10
  (-70, -40)        10
rises 6, falls 3, worst step 12: scramble +2 at (24, 43); barrier +4 at (11, 30); scramble +2 at (9, 28); scramble +2 at (4, 23); drop -4 at (-1, 18); drop -12 at (-8, 11); barrier +12 at (-15, 4); barrier +3 at (-55, -32); drop -5 at (-57, -33)
beside: spawn spawn-1 at (68, 62) d0, wool wool-2#2 at (-70, -40) d0, boulder crag-0#2 at (-50, -25) d1, boulder crag-1#2 at (-61, -33) d1

## spawn-red -> green-3
ROUTE (70, 62) -> (80, -35) aim travel: 130 blocks, 43 placed, 3 drop(s), worst drop 16
  place            y   step
  (70, 62)          11
  (69, 62)          11
  (68, 62)          12
  (67, 61)          11
  (66, 61)          11
  (65, 61)          11
  (64, 61)          11
  (63, 61)          11
  (62, 61)          11
  (61, 61)          11
  (60, 61)          11
  (59, 60)          11
  (58, 59)          11
  (57, 58)          11
  (56, 57)          11
  (55, 56)          11
  (54, 55)          11
  (54, 54)          11
  (54, 53)          11
  (54, 52)          11
  (54, 51)          11
  (54, 50)          11
  (54, 49)          15   barrier +4
  (54, 48)          15
  (54, 47)          15
  (54, 46)          15
  (54, 45)          15
  (54, 44)          15
  (54, 43)          15
  (54, 42)          15
  (54, 41)          15
  (54, 40)          15
  (54, 39)          15
  (54, 38)          15
  (54, 37)          15
  (54, 36)          15
  (54, 35)          15
  (54, 34)          15
  (54, 33)          15
  (54, 32)          15
  (54, 31)          15
  (54, 30)          15
  (54, 29)          12
  (54, 28)          12
  (54, 27)          13
  (54, 26)          13
  (54, 25)          13
  (54, 24)          13
  (54, 23)          13
  (54, 22)          13
  (54, 21)          13
  (54, 20)          13
  (54, 19)          14
  (54, 18)          14
  (54, 17)          14
  (54, 16)          14
  (54, 15)          14
  (54, 14)          14
  (54, 13)          14
  (54, 12)          14
  (54, 11)          18   barrier +4
  (54, 10)          18
  (54, 9)           18
  (54, 8)           18
  (54, 7)           18
  (54, 6)           18
  (54, 5)           18
  (54, 4)           18
  (54, 3)           18
  (54, 2)            2   drop -16
  (54, 1)            2
  (54, 0)            2
  (54, -1)           2
  (54, -2)           2
  (54, -3)           2
  (54, -4)          14   barrier +12
  (54, -5)          14
  (54, -6)          14
  (54, -7)          14
  (54, -8)          14
  (54, -9)          14
  (54, -10)         14
  (54, -11)         14
  (54, -12)         14
  (54, -13)         14
  (54, -14)         14
  (54, -15)         14
  (54, -16)         14
  (54, -17)         14
  (54, -18)         14
  (54, -19)         14
  (54, -20)         14
  (54, -21)         14
  (54, -22)         14
  (54, -23)         14
  (54, -24)         14
  (54, -25)         14
  (54, -26)          9   drop -5
  (55, -27)          9
  (56, -28)          9
  (57, -29)          9
  (58, -30)          9
  (59, -31)         15   barrier +6
  (60, -31)         15
  (61, -31)         10   drop -5
  (62, -31)         10
  (63, -31)         10
  (64, -31)         10
  (65, -31)         11
  (66, -31)         11
  (67, -31)         11
  (68, -31)         11
  (69, -31)         11
  (70, -31)         11
  (71, -31)         12
  (72, -31)         12
  (73, -31)         12
  (74, -32)         12
  (75, -33)         14   scramble +2
  (76, -34)         13
  (77, -34)         13
  (78, -34)         13
  (79, -34)         13
  (80, -35)         13
rises 5, falls 3, worst step 16: barrier +4 at (54, 49); barrier +4 at (54, 11); drop -16 at (54, 2); barrier +12 at (54, -4); drop -5 at (54, -26); barrier +6 at (59, -31); drop -5 at (61, -31); scramble +2 at (75, -33)
beside: spawn spawn-1 at (68, 62) d0, wool wool-1#3 at (76, -34) d0, boulder crag-0 at (52, 21) d2

## spawn-red -> lime-3
ROUTE (70, 62) -> (40, -70) aim travel: 150 blocks, 26 placed, 3 drop(s), worst drop 4
  place            y   step
  (70, 62)          11
  (69, 62)          11
  (68, 62)          12
  (67, 61)          11
  (66, 61)          11
  (65, 61)          11
  (64, 61)          11
  (63, 61)          11
  (62, 61)          11
  (61, 61)          11
  (60, 61)          11
  (59, 60)          11
  (58, 59)          11
  (57, 58)          11
  (56, 57)          11
  (55, 56)          11
  (54, 55)          11
  (53, 54)          11
  (53, 53)          11
  (53, 52)          11
  (53, 51)          11
  (53, 50)          11
  (53, 49)          11
  (53, 48)          11
  (53, 47)          11
  (53, 46)          11
  (53, 45)          11
  (53, 44)          11
  (53, 43)          11
  (53, 42)          11
  (53, 41)          11
  (53, 40)          11
  (53, 39)          11
  (53, 38)          11
  (53, 37)          11
  (53, 36)          11
  (53, 35)          11
  (53, 34)          11
  (53, 33)          11
  (53, 32)          11
  (53, 31)          11
  (53, 30)          12
  (53, 29)          12
  (53, 28)          13
  (53, 27)          13
  (53, 26)          13
  (53, 25)          13
  (53, 24)          13
  (53, 23)          13
  (53, 22)          13
  (53, 21)          13
  (53, 20)          13
  (53, 19)          14
  (53, 18)          14
  (53, 17)          14
  (53, 16)          14
  (53, 15)          14
  (53, 14)          14
  (52, 13)          14
  (51, 12)          14
  (50, 11)          18   barrier +4
  (50, 10)          18
  (50, 9)           18
  (50, 8)           18
  (50, 7)           18
  (50, 6)           18
  (50, 5)           18
  (50, 4)           18
  (50, 3)           18
  (50, 2)           18
  (50, 1)           18
  (50, 0)           18
  (50, -1)          14   drop -4
  (50, -2)          14
  (50, -3)          14
  (50, -4)          14
  (50, -5)          14
  (50, -6)          14
  (50, -7)          14
  (50, -8)          14
  (50, -9)          14
  (50, -10)         14
  (50, -11)         14
  (50, -12)         14
  (50, -13)         14
  (50, -14)         14
  (50, -15)         14
  (50, -16)         14
  (50, -17)         14
  (50, -18)         14
  (50, -19)         14
  (50, -20)         14
  (50, -21)         14
  (50, -22)         14
  (50, -23)         14
  (50, -24)         14
  (50, -25)         14
  (50, -26)         10   drop -4
  (50, -27)         11
  (50, -28)         11
  (50, -29)         11
  (50, -30)         11
  (50, -31)         11
  (50, -32)         11
  (50, -33)         11
  (50, -34)         11
  (50, -35)         11
  (50, -36)         11
  (50, -37)         11
  (50, -38)         11
  (50, -39)         11
  (50, -40)         11
  (50, -41)         11
  (50, -42)         11
  (50, -43)         11
  (50, -44)         11
  (50, -45)         11
  (50, -46)         11
  (50, -47)         11
  (50, -48)         11
  (50, -49)         11
  (50, -50)         10
  (50, -51)         10
  (50, -52)         10
  (50, -53)         11
  (50, -54)         11
  (49, -55)         15   barrier +4
  (49, -56)         15
  (49, -57)         11   drop -4
  (49, -58)         11
  (48, -59)         11
  (47, -60)         11
  (46, -61)         11
  (45, -62)         10
  (45, -63)         10
  (44, -64)         10
  (43, -65)         10
  (42, -66)         11
  (41, -67)         10
  (41, -68)         10
  (41, -69)         10
  (40, -70)         10
rises 2, falls 3, worst step 4: barrier +4 at (50, 11); drop -4 at (50, -1); drop -4 at (50, -26); barrier +4 at (49, -55); drop -4 at (49, -57)
beside: spawn spawn-1 at (68, 62) d0, tree thorn-1#3 at (44, -64) d0, wool wool-2#3 at (40, -70) d0, boulder crag-0 at (52, 21) d1

## spawn-blue -> red-0
ROUTE (-62, 70) -> (35, 80) aim travel: 130 blocks, 44 placed, 4 drop(s), worst drop 12
  place            y   step
  (-62, 70)         11
  (-62, 69)         11
  (-62, 68)         11
  (-62, 67)         11
  (-62, 66)         11
  (-62, 65)         11
  (-62, 64)         11
  (-62, 63)         11
  (-62, 62)         11
  (-62, 61)         11
  (-62, 60)         11
  (-61, 59)         11
  (-60, 58)         11
  (-59, 57)         11
  (-58, 56)         11
  (-57, 55)         11
  (-56, 54)         11
  (-55, 54)         11
  (-54, 54)         11
  (-53, 54)         11
  (-52, 54)         11
  (-51, 54)         11
  (-50, 54)         15   barrier +4
  (-49, 54)         15
  (-48, 54)         15
  (-47, 54)         15
  (-46, 54)         15
  (-45, 54)         15
  (-44, 54)         15
  (-43, 54)         15
  (-42, 54)         15
  (-41, 54)         15
  (-40, 54)         15
  (-39, 54)         15
  (-38, 54)         15
  (-37, 54)         15
  (-36, 54)         15
  (-35, 54)         15
  (-34, 54)         15
  (-33, 54)         15
  (-32, 54)         15
  (-31, 54)         15
  (-30, 54)         12
  (-29, 54)         12
  (-28, 54)         13
  (-27, 54)         13
  (-26, 54)         13
  (-25, 54)         13
  (-24, 54)         13
  (-23, 54)         13
  (-22, 54)         13
  (-21, 54)         13
  (-20, 54)         14
  (-19, 54)         14
  (-18, 54)         14
  (-17, 54)         14
  (-16, 54)         14
  (-15, 54)         14
  (-14, 54)         14
  (-13, 54)         14
  (-12, 54)         14
  (-11, 54)         14
  (-10, 54)         14
  (-9, 54)          14
  (-8, 54)          14
  (-7, 54)          14
  (-6, 54)          14
  (-5, 54)          14
  (-4, 54)          14
  (-3, 54)           2   drop -12
  (-2, 54)           2
  (-1, 54)           2
  (0, 54)            2
  (1, 54)            2
  (2, 54)            2
  (3, 54)            2
  (4, 54)           18   barrier +16
  (5, 54)           18
  (6, 54)           18
  (7, 54)           18
  (8, 54)           18
  (9, 54)           18
  (10, 54)          18
  (11, 54)          18
  (12, 54)          14   drop -4
  (13, 54)          14
  (14, 54)          14
  (15, 54)          14
  (16, 54)          14
  (17, 54)          14
  (18, 54)          14
  (19, 54)          14
  (20, 54)          14
  (21, 54)          14
  (22, 54)          14
  (23, 54)          14
  (24, 54)          14
  (25, 54)           9   drop -5
  (26, 55)           9
  (27, 56)           9
  (28, 57)           9
  (29, 58)           9
  (30, 59)          15   barrier +6
  (30, 60)          15
  (30, 61)          10   drop -5
  (30, 62)          10
  (30, 63)          10
  (30, 64)          10
  (30, 65)          11
  (30, 66)          11
  (30, 67)          11
  (30, 68)          11
  (30, 69)          11
  (30, 70)          11
  (30, 71)          12
  (30, 72)          12
  (30, 73)          12
  (31, 74)          12
  (32, 75)          14   scramble +2
  (33, 76)          13
  (33, 77)          13
  (33, 78)          13
  (34, 79)          13
  (35, 80)          13
rises 4, falls 4, worst step 16: barrier +4 at (-50, 54); drop -12 at (-3, 54); barrier +16 at (4, 54); drop -4 at (12, 54); drop -5 at (25, 54); barrier +6 at (30, 59); drop -5 at (30, 61); scramble +2 at (32, 75)
beside: spawn spawn-1#1 at (-62, 68) d0, wool wool-1 at (33, 76) d0, boulder crag-0#1 at (-25, 52) d2

## spawn-blue -> orange-0
ROUTE (-62, 70) -> (70, 40) aim travel: 150 blocks, 38 placed, 5 drop(s), worst drop 7
  place            y   step
  (-62, 70)         11
  (-62, 69)         11
  (-62, 68)         11
  (-62, 67)         11
  (-62, 66)         11
  (-62, 65)         11
  (-62, 64)         11
  (-62, 63)         11
  (-62, 62)         11
  (-62, 61)         11
  (-62, 60)         11
  (-61, 59)         11
  (-60, 58)         11
  (-59, 57)         11
  (-58, 56)         11
  (-57, 55)         11
  (-56, 54)         11
  (-55, 53)         11
  (-54, 53)         11
  (-53, 53)         11
  (-52, 53)         11
  (-51, 53)         11
  (-50, 53)         11
  (-49, 53)         11
  (-48, 53)         11
  (-47, 53)         11
  (-46, 53)         11
  (-45, 53)         11
  (-44, 53)         11
  (-43, 53)         11
  (-42, 53)         11
  (-41, 53)         11
  (-40, 53)         11
  (-39, 53)         11
  (-38, 53)         11
  (-37, 53)         11
  (-36, 53)         11
  (-35, 53)         11
  (-34, 53)         11
  (-33, 53)         11
  (-32, 53)         11
  (-31, 53)         12
  (-30, 53)         12
  (-29, 53)         13
  (-28, 53)         13
  (-27, 53)         13
  (-26, 53)         13
  (-25, 53)         13
  (-24, 53)         13
  (-23, 53)         13
  (-22, 53)         13
  (-21, 53)         13
  (-20, 53)         14
  (-19, 53)         14
  (-18, 53)         14
  (-17, 53)         14
  (-16, 53)         14
  (-15, 53)         14
  (-14, 53)         14
  (-13, 53)         14
  (-12, 53)         14
  (-11, 53)         14
  (-10, 53)         14
  (-9, 53)          14
  (-8, 53)          14
  (-7, 53)          14
  (-6, 53)          14
  (-5, 53)          14
  (-4, 53)          14
  (-3, 53)          14
  (-2, 52)          14
  (-1, 51)          14
  (0, 50)           18   barrier +4
  (1, 50)           18
  (2, 50)           18
  (3, 50)           18
  (4, 50)           18
  (5, 50)           18
  (6, 50)           18
  (7, 50)           18
  (8, 50)           18
  (9, 50)           18
  (10, 50)          18
  (11, 50)          18
  (12, 50)          14   drop -4
  (13, 50)          14
  (14, 50)          14
  (15, 50)          14
  (16, 50)          14
  (17, 50)          14
  (18, 50)          14
  (19, 50)          14
  (20, 50)          14
  (21, 50)          14
  (22, 50)          14
  (23, 50)          14
  (24, 50)          14
  (25, 50)          10   drop -4
  (26, 50)          11
  (27, 50)          11
  (28, 50)          11
  (29, 50)          11
  (30, 50)          11
  (31, 50)          11
  (32, 50)          18   barrier +7
  (33, 50)          18
  (34, 50)          18
  (35, 50)          11   drop -7
  (36, 50)          11
  (37, 50)          11
  (38, 50)          11
  (39, 50)          11
  (40, 50)          11
  (41, 50)          11
  (42, 50)          11
  (43, 50)          11
  (44, 50)          18   barrier +7
  (45, 50)          18
  (46, 50)          18
  (47, 50)          11   drop -7
  (48, 50)          11
  (49, 50)          10
  (50, 50)          10
  (51, 50)          10
  (52, 50)          11
  (53, 50)          11
  (54, 49)          15   barrier +4
  (55, 49)          15
  (56, 49)          11   drop -4
  (57, 49)          11
  (58, 48)          11
  (59, 47)          11
  (60, 46)          11
  (61, 45)          10
  (62, 45)          10
  (63, 44)          10
  (64, 43)          10
  (65, 42)          11
  (66, 41)          10
  (67, 41)          10
  (68, 41)          10
  (69, 41)          10
  (70, 40)          10
rises 4, falls 5, worst step 7: barrier +4 at (0, 50); drop -4 at (12, 50); drop -4 at (25, 50); barrier +7 at (32, 50); drop -7 at (35, 50); barrier +7 at (44, 50); drop -7 at (47, 50); barrier +4 at (54, 49); drop -4 at (56, 49)
beside: spawn spawn-1#1 at (-62, 68) d0, tree thorn-1 at (59, 47) d0, wool wool-2 at (66, 41) d0, boulder crag-0#1 at (-25, 52) d1

## spawn-blue -> blue-1
ROUTE (-62, 70) -> (-80, 35) aim travel: 42 blocks, 0 placed, 0 drop(s), worst drop 0
  place            y   step
  (-62, 70)         11
  (-62, 69)         11
  (-62, 68)         11
  (-62, 67)         11
  (-62, 66)         11
  (-62, 65)         11
  (-62, 64)         11
  (-62, 63)         11
  (-62, 62)         11
  (-62, 61)         11
  (-62, 60)         11
  (-62, 59)         11
  (-62, 58)         11
  (-62, 57)         12
  (-62, 56)         11
  (-63, 55)         11
  (-64, 54)         11
  (-65, 53)         12
  (-66, 52)         13
  (-67, 51)         14
  (-68, 50)         15
  (-69, 49)         16
  (-69, 48)         17
  (-70, 47)         18
  (-71, 46)         18
  (-72, 45)         18
  (-73, 44)         17
  (-74, 43)         16
  (-75, 42)         16
  (-76, 41)         15
  (-77, 40)         14
  (-78, 39)         14
  (-79, 38)         13
  (-79, 37)         13
  (-79, 36)         13
  (-80, 35)         13
rises 0, falls 0, worst step 0: walked end to end
beside: spawn spawn-1#1 at (-62, 68) d0, wool wool-1#1 at (-80, 35) d0

## spawn-blue -> light_blue-1
ROUTE (-62, 70) -> (-40, 70) aim travel: 45 blocks, 3 placed, 1 drop(s), worst drop 4
  place            y   step
  (-62, 70)         11
  (-62, 69)         11
  (-62, 68)         11
  (-62, 67)         11
  (-62, 66)         11
  (-62, 65)         11
  (-62, 64)         11
  (-62, 63)         11
  (-62, 62)         11
  (-62, 61)         11
  (-62, 60)         11
  (-61, 59)         11
  (-60, 58)         11
  (-59, 57)         11
  (-58, 56)         11
  (-57, 55)         11
  (-56, 54)         11
  (-55, 54)         11
  (-54, 54)         11
  (-53, 54)         11
  (-52, 54)         11
  (-51, 54)         11
  (-50, 54)         15   barrier +4
  (-50, 55)         15
  (-50, 56)         11   drop -4
  (-50, 57)         11
  (-49, 58)         11
  (-48, 59)         11
  (-47, 60)         11
  (-46, 61)         10
  (-46, 62)         10
  (-45, 63)         10
  (-44, 64)         10
  (-43, 65)         11
  (-42, 66)         10
  (-42, 67)         10
  (-42, 68)         10
  (-41, 69)         10
  (-40, 70)         10
rises 1, falls 1, worst step 4: barrier +4 at (-50, 54); drop -4 at (-50, 56)
beside: spawn spawn-1#1 at (-62, 68) d0, tree thorn-1#1 at (-48, 59) d0, wool wool-2#1 at (-42, 66) d0

## spawn-blue -> yellow-2
ROUTE (-62, 70) -> (-35, -80) aim travel: 161 blocks, 23 placed, 0 drop(s), worst drop 0
  place            y   step
  (-62, 70)         11
  (-62, 69)         11
  (-62, 68)         11
  (-62, 67)         11
  (-62, 66)         11
  (-62, 65)         11
  (-62, 64)         11
  (-62, 63)         11
  (-62, 62)         11
  (-62, 61)         11
  (-62, 60)         11
  (-62, 59)         11
  (-62, 58)         11
  (-62, 57)         12
  (-62, 56)         11
  (-62, 55)         11
  (-62, 54)         11
  (-62, 53)         11
  (-62, 52)         11
  (-61, 51)         11
  (-60, 50)         11
  (-59, 49)         11
  (-59, 48)         11
  (-59, 47)         11
  (-59, 46)         11
  (-59, 45)         11
  (-59, 44)         11
  (-59, 43)         11
  (-59, 42)         11
  (-59, 41)         11
  (-59, 40)         11
  (-59, 39)         11
  (-59, 38)         11
  (-59, 37)         10
  (-59, 36)         10
  (-59, 35)         10
  (-59, 34)          9
  (-59, 33)          9
  (-59, 32)          9
  (-59, 31)          9
  (-58, 30)          9
  (-57, 29)          9
  (-57, 28)          9
  (-56, 27)          9
  (-55, 26)          9
  (-54, 25)         10
  (-54, 24)         14   barrier +4
  (-54, 23)         14
  (-54, 22)         14
  (-54, 21)         14
  (-54, 20)         14
  (-54, 19)         14
  (-54, 18)         14
  (-54, 17)         14
  (-54, 16)         14
  (-54, 15)         14
  (-54, 14)         14
  (-54, 13)         14
  (-54, 12)         14
  (-54, 11)         14
  (-54, 10)         14
  (-54, 9)          14
  (-54, 8)          14
  (-54, 7)          14
  (-54, 6)          14
  (-54, 5)          14
  (-54, 4)          14
  (-54, 3)          14
  (-54, 2)          14
  (-54, 1)          14
  (-54, 0)          14
  (-54, -1)         14
  (-54, -2)         14
  (-54, -3)         14
  (-54, -4)         14
  (-54, -5)         14
  (-54, -6)         14
  (-54, -7)         14
  (-54, -8)         14
  (-54, -9)         14
  (-54, -10)        14
  (-54, -11)        14
  (-54, -12)        14
  (-54, -13)        14
  (-54, -14)        14
  (-54, -15)        14
  (-54, -16)        14
  (-54, -17)        14
  (-54, -18)        14
  (-54, -19)        14
  (-54, -20)        14
  (-54, -21)        13
  (-54, -22)        13
  (-54, -23)        13
  (-54, -24)        13
  (-54, -25)        13
  (-54, -26)        13
  (-54, -27)        13
  (-54, -28)        13
  (-54, -29)        13
  (-54, -30)        12
  (-54, -31)        12
  (-54, -32)        11
  (-54, -33)        11
  (-54, -34)        11
  (-54, -35)        11
  (-54, -36)        11
  (-54, -37)        11
  (-54, -38)        11
  (-54, -39)        11
  (-54, -40)        11
  (-54, -41)        11
  (-54, -42)        11
  (-54, -43)        11
  (-54, -44)        11
  (-54, -45)        11
  (-54, -46)        11
  (-54, -47)        11
  (-54, -48)        11
  (-54, -49)        11
  (-54, -50)        11
  (-54, -51)        11
  (-54, -52)        11
  (-54, -53)        11
  (-54, -54)        11
  (-54, -55)        11
  (-54, -56)        11
  (-54, -57)        11
  (-54, -58)        11
  (-54, -59)        11
  (-54, -60)        11
  (-53, -61)        11
  (-52, -62)        11
  (-51, -63)        12
  (-50, -64)        13
  (-49, -65)        14
  (-48, -66)        15
  (-47, -67)        15
  (-46, -68)        15
  (-45, -69)        16
  (-44, -70)        16
  (-43, -71)        16
  (-42, -72)        16
  (-41, -73)        15
  (-40, -74)        15
  (-39, -75)        14
  (-38, -76)        14
  (-37, -77)        13
  (-37, -78)        13
  (-36, -79)        13
  (-35, -80)        13
rises 1, falls 0, worst step 4: barrier +4 at (-54, 24)
beside: spawn spawn-1#1 at (-62, 68) d0, wool wool-1#2 at (-37, -78) d0, boulder crag-0#2 at (-53, -25) d1

## spawn-blue -> pink-2
ROUTE (-62, 70) -> (-70, -40) aim travel: 123 blocks, 26 placed, 1 drop(s), worst drop 4
  place            y   step
  (-62, 70)         11
  (-62, 69)         11
  (-62, 68)         11
  (-62, 67)         11
  (-62, 66)         11
  (-62, 65)         11
  (-62, 64)         11
  (-62, 63)         11
  (-62, 62)         11
  (-62, 61)         11
  (-62, 60)         11
  (-62, 59)         11
  (-62, 58)         11
  (-62, 57)         12
  (-62, 56)         11
  (-62, 55)         11
  (-62, 54)         11
  (-62, 53)         11
  (-62, 52)         11
  (-61, 51)         11
  (-60, 50)         11
  (-59, 49)         11
  (-59, 48)         11
  (-59, 47)         11
  (-59, 46)         11
  (-59, 45)         11
  (-59, 44)         11
  (-59, 43)         11
  (-59, 42)         11
  (-59, 41)         11
  (-59, 40)         11
  (-59, 39)         11
  (-59, 38)         11
  (-59, 37)         10
  (-59, 36)         10
  (-59, 35)         10
  (-59, 34)          9
  (-59, 33)          9
  (-59, 32)          9
  (-59, 31)          9
  (-59, 30)          9
  (-58, 29)          9
  (-58, 28)          9
  (-58, 27)          9
  (-58, 26)          9
  (-58, 25)          9
  (-58, 24)         14   barrier +5
  (-58, 23)         14
  (-58, 22)         14
  (-58, 21)         14
  (-58, 20)         14
  (-58, 19)         14
  (-58, 18)         14
  (-58, 17)         14
  (-58, 16)         14
  (-58, 15)         14
  (-58, 14)         14
  (-58, 13)         14
  (-58, 12)         14
  (-58, 11)         14
  (-58, 10)         14
  (-58, 9)          14
  (-58, 8)          14
  (-58, 7)          14
  (-58, 6)          14
  (-58, 5)          14
  (-58, 4)          14
  (-58, 3)          14
  (-58, 2)          14
  (-58, 1)          14
  (-58, 0)          14
  (-58, -1)         14
  (-58, -2)         14
  (-58, -3)         14
  (-58, -4)         14
  (-58, -5)         14
  (-58, -6)         14
  (-58, -7)         14
  (-57, -8)         14
  (-56, -9)         14
  (-55, -10)        14
  (-55, -11)        14
  (-55, -12)        14
  (-55, -13)        14
  (-55, -14)        14
  (-55, -15)        14
  (-55, -16)        14
  (-55, -17)        14
  (-55, -18)        14
  (-55, -19)        14
  (-55, -20)        14
  (-55, -21)        13
  (-55, -22)        13
  (-55, -23)        13
  (-55, -24)        13
  (-55, -25)        13
  (-55, -26)        13
  (-55, -27)        13
  (-55, -28)        13
  (-55, -29)        12
  (-55, -30)        12
  (-55, -31)        15   barrier +3
  (-56, -31)        15
  (-57, -31)        11   drop -4
  (-58, -32)        10
  (-59, -33)        10
  (-60, -34)        10
  (-61, -35)        10
  (-62, -36)        10
  (-63, -37)        10
  (-64, -38)        10
  (-65, -39)        10
  (-66, -39)        11
  (-67, -39)        10
  (-68, -39)        10
  (-69, -39)        10
  (-70, -40)        10
rises 2, falls 1, worst step 5: barrier +5 at (-58, 24); barrier +3 at (-55, -31); drop -4 at (-57, -31)
beside: spawn spawn-1#1 at (-62, 68) d0, wool wool-2#2 at (-70, -40) d0, boulder crag-1#2 at (-61, -33) d1, boulder crag-0#2 at (-53, -25) d2

## spawn-blue -> green-3
ROUTE (-62, 70) -> (80, -35) aim travel: 191 blocks, 53 placed, 3 drop(s), worst drop 6
  place            y   step
  (-62, 70)         11
  (-62, 69)         11
  (-62, 68)         11
  (-62, 67)         11
  (-62, 66)         11
  (-62, 65)         11
  (-62, 64)         11
  (-62, 63)         11
  (-62, 62)         11
  (-62, 61)         11
  (-62, 60)         11
  (-61, 59)         11
  (-60, 58)         11
  (-59, 57)         11
  (-58, 56)         11
  (-57, 55)         11
  (-56, 54)         11
  (-55, 53)         11
  (-54, 53)         11
  (-53, 53)         11
  (-52, 53)         11
  (-51, 53)         11
  (-50, 53)         11
  (-49, 53)         11
  (-48, 53)         11
  (-47, 53)         11
  (-46, 53)         11
  (-45, 53)         11
  (-44, 53)         11
  (-43, 53)         11
  (-42, 53)         11
  (-41, 53)         11
  (-40, 53)         11
  (-39, 53)         11
  (-38, 53)         11
  (-37, 52)         11
  (-36, 51)         11
  (-35, 50)         11
  (-34, 49)         11
  (-33, 48)         11
  (-32, 47)         11
  (-31, 46)         11
  (-30, 45)         11
  (-29, 44)         11
  (-28, 43)         11
  (-27, 42)         11
  (-26, 41)         11
  (-25, 40)         11
  (-24, 39)         12
  (-23, 38)         12
  (-22, 37)         12
  (-21, 36)         12
  (-20, 35)         13
  (-19, 34)         13
  (-18, 33)         14
  (-17, 32)         14
  (-16, 31)         14
  (-15, 30)         14
  (-14, 29)         14
  (-13, 28)         14
  (-12, 27)         14
  (-11, 26)         14
  (-10, 25)         14
  (-9, 24)          14
  (-8, 23)          14
  (-7, 22)          14
  (-6, 21)          14
  (-5, 20)          14
  (-4, 19)          14
  (-3, 18)          14
  (-2, 17)          14
  (-1, 16)          14
  (0, 15)           14
  (1, 15)           14
  (2, 15)           14
  (3, 15)           14
  (4, 15)           14
  (5, 15)           14
  (6, 15)           14
  (7, 15)           14
  (8, 15)           14
  (9, 15)           14
  (10, 15)          14
  (11, 15)          14
  (12, 15)          14
  (13, 15)          14
  (14, 14)          14
  (15, 13)          14
  (16, 12)          14
  (17, 11)          20   barrier +6
  (18, 10)          20
  (19, 9)           18
  (20, 8)           18
  (21, 7)           20   scramble +2
  (22, 6)           20
  (23, 5)           20
  (24, 4)           18
  (25, 3)           18
  (26, 2)           20   scramble +2
  (27, 1)           20
  (28, 0)           20
  (29, -1)          14   drop -6
  (30, -2)          14
  (31, -3)          14
  (32, -4)          14
  (33, -5)          14
  (34, -6)          14
  (35, -7)          14
  (36, -8)          14
  (37, -9)          14
  (38, -10)         14
  (39, -11)         14
  (40, -12)         14
  (41, -13)         14
  (42, -14)         14
  (43, -15)         14
  (44, -16)         14
  (45, -17)         14
  (46, -18)         14
  (47, -19)         14
  (48, -20)         14
  (49, -21)         14
  (50, -22)         14
  (51, -23)         14
  (52, -24)         14
  (53, -25)         14
  (54, -26)          9   drop -5
  (55, -27)          9
  (56, -28)          9
  (57, -29)          9
  (58, -30)          9
  (59, -31)         15   barrier +6
  (60, -32)         15
  (61, -32)         10   drop -5
  (62, -32)         10
  (63, -32)         10
  (64, -32)         10
  (65, -32)         11
  (66, -32)         11
  (67, -32)         11
  (68, -32)         11
  (69, -32)         11
  (70, -32)         11
  (71, -32)         12
  (72, -32)         12
  (73, -32)         12
  (74, -32)         12
  (75, -33)         14   scramble +2
  (76, -34)         13
  (77, -34)         13
  (78, -34)         13
  (79, -34)         13
  (80, -35)         13
rises 5, falls 3, worst step 6: barrier +6 at (17, 11); scramble +2 at (21, 7); scramble +2 at (26, 2); drop -6 at (29, -1); drop -5 at (54, -26); barrier +6 at (59, -31); drop -5 at (61, -32); scramble +2 at (75, -33)
beside: spawn spawn-1#1 at (-62, 68) d0, wool wool-1#3 at (76, -34) d0, tree thorn-0#1 at (-36, 49) d1

## spawn-blue -> lime-3
ROUTE (-62, 70) -> (40, -70) aim travel: 182 blocks, 39 placed, 1 drop(s), worst drop 5
  place            y   step
  (-62, 70)         11
  (-62, 69)         11
  (-62, 68)         11
  (-62, 67)         11
  (-62, 66)         11
  (-62, 65)         11
  (-62, 64)         11
  (-62, 63)         11
  (-62, 62)         11
  (-62, 61)         11
  (-62, 60)         11
  (-62, 59)         11
  (-62, 58)         11
  (-62, 57)         12
  (-62, 56)         11
  (-62, 55)         11
  (-62, 54)         11
  (-62, 53)         11
  (-62, 52)         11
  (-61, 51)         11
  (-60, 50)         11
  (-59, 49)         11
  (-59, 48)         11
  (-59, 47)         11
  (-59, 46)         11
  (-59, 45)         11
  (-59, 44)         11
  (-59, 43)         11
  (-59, 42)         11
  (-59, 41)         11
  (-58, 40)         11
  (-57, 39)         11
  (-56, 38)         11
  (-55, 37)         10
  (-54, 36)         11
  (-53, 35)         11
  (-52, 34)         11
  (-51, 33)         11
  (-50, 32)         11
  (-49, 31)         11
  (-48, 30)         11
  (-47, 29)         11
  (-46, 28)         11
  (-45, 27)         11
  (-44, 26)         11
  (-43, 25)         11
  (-42, 24)         12
  (-41, 23)         12
  (-40, 22)         12
  (-39, 21)         13
  (-38, 20)         13
  (-37, 19)         13
  (-36, 18)         13
  (-35, 17)         14
  (-34, 16)         14
  (-33, 15)         14
  (-32, 14)         14
  (-31, 13)         14
  (-30, 12)         14
  (-29, 11)         14
  (-28, 10)         14
  (-27, 9)          14
  (-26, 8)          14
  (-25, 7)          14
  (-24, 6)          14
  (-23, 5)          14
  (-22, 4)          14
  (-21, 3)          14
  (-20, 2)          14
  (-19, 1)          14
  (-18, 0)          14
  (-17, -1)         14
  (-16, -2)         14
  (-15, -3)         14
  (-14, -4)         14
  (-13, -5)         14
  (-12, -6)         14
  (-11, -7)         14
  (-10, -8)         14
  (-9, -9)          14
  (-8, -10)         14
  (-7, -11)         14
  (-6, -12)         14
  (-5, -13)         14
  (-4, -14)         14
  (-3, -15)         14
  (-2, -16)         14
  (-1, -17)         14
  (0, -18)          14
  (1, -19)          14
  (2, -20)          14
  (3, -21)          14
  (4, -22)          14
  (5, -23)          14
  (6, -24)          14
  (7, -25)          14
  (8, -26)          14
  (9, -27)          14
  (10, -28)         14
  (10, -29)         14
  (10, -30)         14
  (10, -31)         14
  (10, -32)         14
  (10, -33)         14
  (10, -34)         14
  (11, -35)         14
  (12, -36)         14
  (13, -37)         14
  (14, -38)         14
  (15, -39)         14
  (16, -40)         13
  (17, -41)         13
  (18, -42)         13
  (19, -43)         14
  (20, -44)         12
  (21, -45)         12
  (22, -46)         12
  (23, -47)         13
  (24, -48)         13
  (25, -49)         13
  (26, -50)         13
  (27, -51)         13
  (28, -52)         13
  (29, -53)         12
  (30, -54)         12
  (31, -55)         15   barrier +3
  (32, -56)         15
  (32, -57)         10   drop -5
  (32, -58)         10
  (32, -59)         10
  (33, -60)         10
  (34, -61)         10
  (35, -62)         10
  (36, -63)         10
  (37, -64)         10
  (38, -65)         10
  (38, -66)         11
  (38, -67)         10
  (38, -68)         10
  (39, -69)         10
  (40, -70)         10
rises 1, falls 1, worst step 5: barrier +3 at (31, -55); drop -5 at (32, -57)
beside: spawn spawn-1#1 at (-62, 68) d0, wool wool-2#3 at (38, -68) d0, boulder crag-0#3 at (23, -49) d1, boulder crag-1#3 at (32, -61) d1

## spawn-yellow -> red-0
ROUTE (-70, -62) -> (35, 80) aim travel: 190 blocks, 51 placed, 3 drop(s), worst drop 5
  place            y   step
  (-70, -62)        11
  (-69, -62)        11
  (-68, -62)        11
  (-67, -62)        11
  (-66, -62)        11
  (-65, -62)        11
  (-64, -62)        11
  (-63, -62)        11
  (-62, -62)        11
  (-61, -62)        11
  (-60, -61)        11
  (-59, -60)        11
  (-58, -59)        11
  (-57, -58)        11
  (-56, -57)        11
  (-55, -56)        11
  (-54, -55)        11
  (-54, -54)        11
  (-54, -53)        11
  (-54, -52)        11
  (-54, -51)        11
  (-54, -50)        11
  (-54, -49)        11
  (-54, -48)        11
  (-54, -47)        11
  (-54, -46)        11
  (-54, -45)        11
  (-54, -44)        11
  (-54, -43)        11
  (-54, -42)        11
  (-54, -41)        11
  (-54, -40)        11
  (-54, -39)        11
  (-54, -38)        11
  (-54, -37)        11
  (-54, -36)        11
  (-54, -35)        11
  (-54, -34)        11
  (-54, -33)        11
  (-54, -32)        11
  (-53, -31)        12
  (-52, -30)        13
  (-51, -29)        13
  (-50, -28)        13
  (-49, -27)        13
  (-48, -26)        13
  (-47, -25)        13
  (-46, -24)        13
  (-45, -23)        12
  (-44, -22)        12
  (-43, -21)        12
  (-42, -20)        13
  (-42, -19)        13
  (-42, -18)        13
  (-42, -17)        13
  (-42, -16)        14
  (-42, -15)        14
  (-42, -14)        14
  (-42, -13)        14
  (-41, -12)        14
  (-40, -11)        14
  (-39, -10)        14
  (-38, -9)         14
  (-37, -8)         14
  (-36, -7)         14
  (-35, -6)         14
  (-34, -5)         14
  (-33, -4)         14
  (-32, -3)         14
  (-31, -2)         14
  (-30, -1)         14
  (-29, 0)          14
  (-28, 1)          14
  (-27, 2)          14
  (-26, 3)          14
  (-25, 4)          14
  (-24, 5)          14
  (-23, 6)          14
  (-22, 7)          14
  (-21, 8)          14
  (-20, 9)          14
  (-19, 10)         14
  (-18, 11)         14
  (-17, 12)         14
  (-16, 13)         14
  (-15, 14)         14
  (-14, 15)         14
  (-13, 16)         14
  (-12, 17)         14
  (-11, 18)         14
  (-10, 19)         14
  (-9, 20)          14
  (-8, 21)          14
  (-7, 22)          14
  (-6, 23)          14
  (-5, 24)          14
  (-4, 25)          14
  (-3, 26)          14
  (-2, 27)          14
  (-1, 28)          14
  (0, 29)           18   barrier +4
  (1, 30)           18
  (2, 31)           20   scramble +2
  (3, 32)           20
  (4, 33)           20
  (5, 34)           18
  (6, 35)           18
  (7, 36)           20   scramble +2
  (8, 37)           20
  (9, 38)           20
  (10, 39)          18
  (11, 40)          18
  (12, 41)          14   drop -4
  (13, 42)          14
  (14, 43)          14
  (15, 44)          14
  (16, 45)          14
  (17, 46)          14
  (18, 47)          14
  (19, 48)          14
  (20, 49)          14
  (21, 50)          14
  (22, 51)          14
  (23, 52)          14
  (24, 53)          14
  (25, 54)           9   drop -5
  (26, 55)           9
  (27, 56)           9
  (28, 57)           9
  (29, 58)           9
  (30, 59)          15   barrier +6
  (31, 60)          15
  (31, 61)          10   drop -5
  (31, 62)          10
  (31, 63)          10
  (31, 64)          10
  (31, 65)          11
  (31, 66)          11
  (31, 67)          11
  (31, 68)          11
  (31, 69)          11
  (31, 70)          11
  (31, 71)          12
  (31, 72)          12
  (31, 73)          12
  (31, 74)          12
  (32, 75)          14   scramble +2
  (33, 76)          13
  (33, 77)          13
  (33, 78)          13
  (34, 79)          13
  (35, 80)          13
rises 5, falls 3, worst step 6: barrier +4 at (0, 29); scramble +2 at (2, 31); scramble +2 at (7, 36); drop -4 at (12, 41); drop -5 at (25, 54); barrier +6 at (30, 59); drop -5 at (31, 61); scramble +2 at (32, 75)
beside: spawn spawn-1#2 at (-70, -62) d0, wool wool-1 at (33, 76) d0, boulder crag-0#2 at (-49, -25) d1

## spawn-yellow -> orange-0
ROUTE (-70, -62) -> (70, 40) aim travel: 182 blocks, 56 placed, 3 drop(s), worst drop 12
  place            y   step
  (-70, -62)        11
  (-69, -62)        11
  (-68, -62)        11
  (-67, -62)        11
  (-66, -62)        11
  (-65, -62)        11
  (-64, -62)        11
  (-63, -62)        11
  (-62, -62)        11
  (-61, -62)        11
  (-60, -62)        11
  (-59, -62)        11
  (-58, -62)        12
  (-57, -62)        11
  (-56, -62)        11
  (-55, -62)        11
  (-54, -62)        11
  (-53, -62)        11
  (-52, -61)        11
  (-51, -60)        11
  (-50, -59)        11
  (-49, -59)        11
  (-48, -59)        11
  (-47, -59)        11
  (-46, -59)        11
  (-45, -59)        11
  (-44, -59)        11
  (-43, -59)        11
  (-42, -58)        11
  (-41, -57)        11
  (-40, -56)        11
  (-39, -55)        11
  (-38, -54)        11
  (-37, -53)        11
  (-36, -52)        11
  (-35, -51)        11
  (-34, -50)        11
  (-33, -49)        11
  (-32, -48)        11
  (-31, -47)        11
  (-30, -46)        11
  (-29, -45)        11
  (-28, -44)        11
  (-27, -43)        11
  (-26, -42)        12
  (-25, -41)        12
  (-24, -40)        12
  (-23, -39)        12
  (-22, -38)        13
  (-21, -37)        13
  (-20, -36)        13
  (-19, -35)        13
  (-18, -34)        14
  (-17, -33)        14
  (-16, -32)        14
  (-15, -31)        14
  (-14, -30)        14
  (-13, -29)        14
  (-12, -28)        14
  (-11, -27)        14
  (-10, -26)        14
  (-9, -25)         14
  (-8, -24)         14
  (-7, -23)         14
  (-6, -22)         14
  (-5, -21)         14
  (-4, -20)         14
  (-3, -19)         14
  (-2, -18)         14
  (-1, -17)         14
  (0, -16)          14
  (1, -15)          14
  (2, -14)          14
  (3, -13)           2   drop -12
  (4, -12)           2
  (5, -11)           2
  (6, -10)           2
  (7, -9)            2
  (8, -8)            2
  (9, -7)            2
  (10, -6)           2
  (11, -5)           2
  (12, -4)          14   barrier +12
  (13, -3)          14
  (14, -2)          14
  (15, -1)          14
  (16, 0)           20   barrier +6
  (17, 1)           20
  (18, 2)           20
  (19, 3)           18
  (20, 4)           18
  (21, 5)           20   scramble +2
  (22, 6)           20
  (23, 7)           20
  (24, 8)           18
  (25, 9)           18
  (26, 10)          20   scramble +2
  (27, 10)          20
  (28, 10)          20
  (29, 10)          18
  (30, 11)          18
  (31, 12)          14   drop -4
  (32, 12)          14
  (33, 12)          14
  (34, 12)          14
  (35, 12)          14
  (36, 13)          14
  (37, 14)          14
  (38, 15)          14
  (39, 16)          13
  (40, 17)          13
  (41, 18)          13
  (42, 19)          14
  (43, 20)          12
  (44, 21)          12
  (45, 22)          12
  (46, 23)          13
  (47, 24)          13
  (48, 25)          13
  (49, 25)          13
  (50, 26)          13
  (51, 27)          13
  (52, 28)          13
  (53, 29)          12
  (54, 30)          15   barrier +3
  (55, 31)          15
  (56, 31)          10   drop -5
  (57, 31)          10
  (58, 32)          10
  (59, 33)          10
  (60, 34)          10
  (61, 35)          10
  (62, 36)          10
  (63, 37)          10
  (64, 38)          10
  (65, 38)          11
  (66, 38)          10
  (67, 38)          10
  (68, 38)          10
  (69, 39)          10
  (70, 40)          10
rises 5, falls 3, worst step 12: drop -12 at (3, -13); barrier +12 at (12, -4); barrier +6 at (16, 0); scramble +2 at (21, 5); scramble +2 at (26, 10); drop -4 at (31, 12); barrier +3 at (54, 30); drop -5 at (56, 31)
beside: spawn spawn-1#2 at (-70, -62) d0, wool wool-2 at (66, 38) d0, boulder crag-0 at (47, 23) d1, boulder crag-1 at (60, 32) d1

## spawn-yellow -> blue-1
ROUTE (-70, -62) -> (-80, 35) aim travel: 128 blocks, 29 placed, 2 drop(s), worst drop 5
  place            y   step
  (-70, -62)        11
  (-69, -62)        11
  (-68, -62)        11
  (-67, -62)        11
  (-66, -62)        11
  (-65, -62)        11
  (-64, -62)        11
  (-63, -62)        11
  (-62, -62)        11
  (-61, -62)        11
  (-60, -61)        11
  (-59, -60)        11
  (-58, -59)        11
  (-57, -58)        11
  (-56, -57)        11
  (-55, -56)        11
  (-55, -55)        11
  (-55, -54)        11
  (-55, -53)        11
  (-55, -52)        11
  (-55, -51)        11
  (-55, -50)        15   barrier +4
  (-55, -49)        15
  (-55, -48)        15
  (-55, -47)        15
  (-55, -46)        15
  (-55, -45)        15
  (-55, -44)        15
  (-55, -43)        15
  (-55, -42)        15
  (-55, -41)        15
  (-55, -40)        15
  (-55, -39)        15
  (-55, -38)        15
  (-55, -37)        15
  (-55, -36)        15
  (-55, -35)        15
  (-55, -34)        15
  (-55, -33)        15
  (-55, -32)        15
  (-55, -31)        15
  (-55, -30)        12
  (-55, -29)        12
  (-55, -28)        13
  (-55, -27)        13
  (-55, -26)        13
  (-55, -25)        13
  (-55, -24)        13
  (-55, -23)        13
  (-55, -22)        13
  (-55, -21)        13
  (-55, -20)        14
  (-55, -19)        14
  (-55, -18)        14
  (-55, -17)        14
  (-55, -16)        14
  (-55, -15)        14
  (-55, -14)        14
  (-55, -13)        14
  (-55, -12)        14
  (-55, -11)        14
  (-55, -10)        14
  (-55, -9)         14
  (-55, -8)         14
  (-55, -7)         14
  (-55, -6)         14
  (-55, -5)         14
  (-55, -4)         14
  (-55, -3)         14
  (-55, -2)         14
  (-55, -1)         14
  (-55, 0)          14
  (-55, 1)          14
  (-55, 2)          14
  (-55, 3)          14
  (-55, 4)          14
  (-55, 5)          14
  (-55, 6)          14
  (-55, 7)          14
  (-55, 8)          14
  (-55, 9)          14
  (-55, 10)         14
  (-55, 11)         14
  (-55, 12)         14
  (-55, 13)         14
  (-55, 14)         14
  (-55, 15)         14
  (-55, 16)         14
  (-55, 17)         14
  (-55, 18)         14
  (-55, 19)         14
  (-55, 20)         14
  (-55, 21)         14
  (-55, 22)         14
  (-55, 23)         14
  (-55, 24)         14
  (-55, 25)          9   drop -5
  (-56, 26)          9
  (-57, 27)          9
  (-58, 28)          9
  (-59, 29)          9
  (-60, 30)         15   barrier +6
  (-61, 30)         15
  (-62, 30)         10   drop -5
  (-63, 30)         10
  (-64, 30)         10
  (-65, 30)         10
  (-66, 30)         11
  (-67, 30)         11
  (-68, 30)         11
  (-69, 30)         11
  (-70, 30)         11
  (-71, 30)         11
  (-72, 30)         12
  (-73, 30)         12
  (-74, 30)         12
  (-75, 31)         12
  (-76, 32)         14   scramble +2
  (-77, 33)         13
  (-78, 33)         13
  (-79, 34)         13
  (-80, 35)         13
rises 3, falls 2, worst step 6: barrier +4 at (-55, -50); drop -5 at (-55, 25); barrier +6 at (-60, 30); drop -5 at (-62, 30); scramble +2 at (-76, 32)
beside: spawn spawn-1#2 at (-70, -62) d0, wool wool-1#1 at (-80, 35) d0, boulder crag-0#2 at (-53, -25) d2

## spawn-yellow -> light_blue-1
ROUTE (-70, -62) -> (-40, 70) aim travel: 150 blocks, 23 placed, 2 drop(s), worst drop 4
  place            y   step
  (-70, -62)        11
  (-69, -62)        11
  (-68, -62)        11
  (-67, -62)        11
  (-66, -62)        11
  (-65, -62)        11
  (-64, -62)        11
  (-63, -62)        11
  (-62, -62)        11
  (-61, -62)        11
  (-60, -61)        11
  (-59, -60)        11
  (-58, -59)        11
  (-57, -58)        11
  (-56, -57)        11
  (-55, -56)        11
  (-54, -55)        11
  (-54, -54)        11
  (-54, -53)        11
  (-54, -52)        11
  (-54, -51)        11
  (-54, -50)        11
  (-54, -49)        11
  (-54, -48)        11
  (-54, -47)        11
  (-54, -46)        11
  (-54, -45)        11
  (-54, -44)        11
  (-54, -43)        11
  (-54, -42)        11
  (-54, -41)        11
  (-54, -40)        11
  (-54, -39)        11
  (-54, -38)        11
  (-54, -37)        11
  (-54, -36)        11
  (-54, -35)        11
  (-54, -34)        11
  (-54, -33)        11
  (-54, -32)        11
  (-54, -31)        12
  (-54, -30)        12
  (-54, -29)        13
  (-54, -28)        13
  (-54, -27)        13
  (-54, -26)        13
  (-54, -25)        13
  (-54, -24)        13
  (-54, -23)        13
  (-54, -22)        13
  (-54, -21)        13
  (-54, -20)        14
  (-54, -19)        14
  (-54, -18)        14
  (-54, -17)        14
  (-54, -16)        14
  (-54, -15)        14
  (-54, -14)        14
  (-54, -13)        14
  (-54, -12)        14
  (-54, -11)        14
  (-54, -10)        14
  (-54, -9)         14
  (-54, -8)         14
  (-54, -7)         14
  (-54, -6)         14
  (-54, -5)         14
  (-54, -4)         14
  (-54, -3)         14
  (-54, -2)         14
  (-54, -1)         14
  (-54, 0)          14
  (-54, 1)          14
  (-54, 2)          14
  (-54, 3)          14
  (-54, 4)          14
  (-54, 5)          14
  (-54, 6)          14
  (-54, 7)          14
  (-54, 8)          14
  (-54, 9)          14
  (-54, 10)         14
  (-54, 11)         14
  (-54, 12)         14
  (-54, 13)         14
  (-54, 14)         14
  (-54, 15)         14
  (-54, 16)         14
  (-54, 17)         14
  (-54, 18)         14
  (-54, 19)         14
  (-54, 20)         14
  (-54, 21)         14
  (-54, 22)         14
  (-54, 23)         14
  (-54, 24)         14
  (-54, 25)         10   drop -4
  (-54, 26)         10
  (-54, 27)          9
  (-54, 28)          9
  (-54, 29)          9
  (-54, 30)          9
  (-54, 31)          9
  (-54, 32)          9
  (-54, 33)         10
  (-54, 34)         10
  (-54, 35)         10
  (-54, 36)         11
  (-54, 37)         11
  (-54, 38)         11
  (-54, 39)         11
  (-54, 40)         11
  (-54, 41)         11
  (-54, 42)         11
  (-54, 43)         11
  (-54, 44)         11
  (-54, 45)         11
  (-54, 46)         11
  (-54, 47)         11
  (-54, 48)         11
  (-54, 49)         11
  (-54, 50)         11
  (-53, 51)         11
  (-52, 52)         11
  (-51, 53)         11
  (-50, 54)         15   barrier +4
  (-49, 55)         15
  (-49, 56)         11   drop -4
  (-49, 57)         11
  (-49, 58)         11
  (-48, 59)         11
  (-47, 60)         11
  (-46, 61)         10
  (-46, 62)         10
  (-45, 63)         10
  (-44, 64)         10
  (-43, 65)         11
  (-42, 66)         10
  (-42, 67)         10
  (-42, 68)         10
  (-41, 69)         10
  (-40, 70)         10
rises 1, falls 2, worst step 4: drop -4 at (-54, 25); barrier +4 at (-50, 54); drop -4 at (-49, 56)
beside: spawn spawn-1#2 at (-70, -62) d0, tree thorn-1#1 at (-48, 59) d0, wool wool-2#1 at (-42, 66) d0, boulder crag-0#2 at (-53, -25) d1

## spawn-yellow -> yellow-2
ROUTE (-70, -62) -> (-35, -80) aim travel: 42 blocks, 0 placed, 0 drop(s), worst drop 0
  place            y   step
  (-70, -62)        11
  (-69, -62)        11
  (-68, -62)        11
  (-67, -62)        11
  (-66, -62)        11
  (-65, -62)        11
  (-64, -62)        11
  (-63, -62)        11
  (-62, -62)        11
  (-61, -62)        11
  (-60, -62)        11
  (-59, -62)        11
  (-58, -62)        12
  (-57, -62)        11
  (-56, -63)        11
  (-55, -64)        11
  (-54, -65)        12
  (-53, -66)        13
  (-52, -67)        14
  (-51, -68)        15
  (-50, -69)        16
  (-49, -69)        17
  (-48, -70)        18
  (-47, -71)        18
  (-46, -72)        18
  (-45, -73)        17
  (-44, -74)        16
  (-43, -75)        16
  (-42, -76)        15
  (-41, -77)        14
  (-40, -78)        14
  (-39, -79)        13
  (-38, -79)        13
  (-37, -79)        13
  (-36, -79)        13
  (-35, -80)        13
rises 0, falls 0, worst step 0: walked end to end
beside: spawn spawn-1#2 at (-70, -62) d0, wool wool-1#2 at (-39, -79) d0

## spawn-yellow -> pink-2
ROUTE (-70, -62) -> (-70, -40) aim travel: 43 blocks, 3 placed, 1 drop(s), worst drop 4
  place            y   step
  (-70, -62)        11
  (-69, -62)        11
  (-68, -62)        11
  (-67, -62)        11
  (-66, -62)        11
  (-65, -62)        11
  (-64, -62)        11
  (-63, -62)        11
  (-62, -62)        11
  (-61, -62)        11
  (-60, -61)        11
  (-59, -60)        11
  (-58, -59)        11
  (-57, -58)        11
  (-56, -57)        11
  (-55, -56)        11
  (-55, -55)        11
  (-55, -54)        11
  (-55, -53)        11
  (-55, -52)        11
  (-55, -51)        11
  (-55, -50)        15   barrier +4
  (-56, -50)        15
  (-57, -50)        11   drop -4
  (-58, -50)        11
  (-59, -49)        11
  (-60, -48)        11
  (-61, -47)        11
  (-62, -46)        10
  (-63, -46)        10
  (-64, -45)        10
  (-65, -44)        10
  (-66, -43)        11
  (-67, -42)        10
  (-68, -42)        10
  (-69, -41)        10
  (-70, -40)        10
rises 1, falls 1, worst step 4: barrier +4 at (-55, -50); drop -4 at (-57, -50)
beside: spawn spawn-1#2 at (-70, -62) d0, tree thorn-1#2 at (-64, -45) d0, wool wool-2#2 at (-70, -40) d0

## spawn-yellow -> green-3
ROUTE (-70, -62) -> (80, -35) aim travel: 161 blocks, 23 placed, 0 drop(s), worst drop 0
  place            y   step
  (-70, -62)        11
  (-69, -62)        11
  (-68, -62)        11
  (-67, -62)        11
  (-66, -62)        11
  (-65, -62)        11
  (-64, -62)        11
  (-63, -62)        11
  (-62, -62)        11
  (-61, -62)        11
  (-60, -62)        11
  (-59, -62)        11
  (-58, -62)        12
  (-57, -62)        11
  (-56, -62)        11
  (-55, -62)        11
  (-54, -62)        11
  (-53, -62)        11
  (-52, -61)        11
  (-51, -60)        11
  (-50, -59)        11
  (-49, -59)        11
  (-48, -59)        11
  (-47, -59)        11
  (-46, -59)        11
  (-45, -59)        11
  (-44, -59)        11
  (-43, -59)        11
  (-42, -59)        11
  (-41, -59)        11
  (-40, -59)        11
  (-39, -59)        11
  (-38, -59)        10
  (-37, -59)        10
  (-36, -59)        10
  (-35, -59)         9
  (-34, -59)         9
  (-33, -59)         9
  (-32, -59)         9
  (-31, -58)         9
  (-30, -57)         9
  (-29, -57)         9
  (-28, -56)         9
  (-27, -55)         9
  (-26, -54)        10
  (-25, -54)        14   barrier +4
  (-24, -54)        14
  (-23, -54)        14
  (-22, -54)        14
  (-21, -54)        14
  (-20, -54)        14
  (-19, -54)        14
  (-18, -54)        14
  (-17, -54)        14
  (-16, -54)        14
  (-15, -54)        14
  (-14, -54)        14
  (-13, -54)        14
  (-12, -54)        14
  (-11, -54)        14
  (-10, -54)        14
  (-9, -54)         14
  (-8, -54)         14
  (-7, -54)         14
  (-6, -54)         14
  (-5, -54)         14
  (-4, -54)         14
  (-3, -54)         14
  (-2, -54)         14
  (-1, -54)         14
  (0, -54)          14
  (1, -54)          14
  (2, -54)          14
  (3, -54)          14
  (4, -54)          14
  (5, -54)          14
  (6, -54)          14
  (7, -54)          14
  (8, -54)          14
  (9, -54)          14
  (10, -54)         14
  (11, -54)         14
  (12, -54)         14
  (13, -54)         14
  (14, -54)         14
  (15, -54)         14
  (16, -54)         14
  (17, -54)         14
  (18, -54)         14
  (19, -54)         14
  (20, -54)         13
  (21, -54)         13
  (22, -54)         13
  (23, -54)         13
  (24, -54)         13
  (25, -54)         13
  (26, -54)         13
  (27, -54)         13
  (28, -54)         13
  (29, -54)         12
  (30, -54)         12
  (31, -54)         11
  (32, -54)         11
  (33, -54)         11
  (34, -54)         11
  (35, -54)         11
  (36, -54)         11
  (37, -54)         11
  (38, -54)         11
  (39, -54)         11
  (40, -54)         11
  (41, -54)         11
  (42, -54)         11
  (43, -54)         11
  (44, -54)         11
  (45, -54)         11
  (46, -54)         11
  (47, -54)         11
  (48, -54)         11
  (49, -54)         11
  (50, -54)         11
  (51, -54)         11
  (52, -54)         11
  (53, -54)         11
  (54, -54)         11
  (55, -54)         11
  (56, -54)         11
  (57, -54)         11
  (58, -54)         11
  (59, -54)         11
  (60, -53)         11
  (61, -52)         11
  (62, -51)         12
  (63, -50)         13
  (64, -49)         14
  (65, -48)         15
  (66, -47)         15
  (67, -46)         15
  (68, -45)         16
  (69, -44)         16
  (70, -43)         16
  (71, -42)         16
  (72, -41)         15
  (73, -40)         15
  (74, -39)         14
  (75, -38)         14
  (76, -37)         13
  (77, -37)         13
  (78, -37)         13
  (79, -36)         13
  (80, -35)         13
rises 1, falls 0, worst step 4: barrier +4 at (-25, -54)
beside: spawn spawn-1#2 at (-70, -62) d0, wool wool-1#3 at (76, -37) d0, boulder crag-0#3 at (21, -53) d1

## spawn-yellow -> lime-3
ROUTE (-70, -62) -> (40, -70) aim travel: 122 blocks, 26 placed, 1 drop(s), worst drop 4
  place            y   step
  (-70, -62)        11
  (-69, -62)        11
  (-68, -62)        11
  (-67, -62)        11
  (-66, -62)        11
  (-65, -62)        11
  (-64, -62)        11
  (-63, -62)        11
  (-62, -62)        11
  (-61, -62)        11
  (-60, -62)        11
  (-59, -62)        11
  (-58, -62)        12
  (-57, -62)        11
  (-56, -62)        11
  (-55, -62)        11
  (-54, -62)        11
  (-53, -62)        11
  (-52, -61)        11
  (-51, -60)        11
  (-50, -59)        11
  (-49, -59)        11
  (-48, -59)        11
  (-47, -59)        11
  (-46, -59)        11
  (-45, -59)        11
  (-44, -59)        11
  (-43, -59)        11
  (-42, -59)        11
  (-41, -59)        11
  (-40, -59)        11
  (-39, -59)        11
  (-38, -59)        10
  (-37, -59)        10
  (-36, -59)        10
  (-35, -59)         9
  (-34, -59)         9
  (-33, -59)         9
  (-32, -59)         9
  (-31, -58)         9
  (-30, -57)         9
  (-29, -57)         9
  (-28, -57)         9
  (-27, -57)         9
  (-26, -57)         9
  (-25, -57)        14   barrier +5
  (-24, -57)        14
  (-23, -57)        14
  (-22, -57)        14
  (-21, -57)        14
  (-20, -57)        14
  (-19, -57)        14
  (-18, -57)        14
  (-17, -57)        14
  (-16, -57)        14
  (-15, -57)        14
  (-14, -57)        14
  (-13, -57)        14
  (-12, -57)        14
  (-11, -57)        14
  (-10, -57)        14
  (-9, -57)         14
  (-8, -57)         14
  (-7, -57)         14
  (-6, -57)         14
  (-5, -57)         14
  (-4, -57)         14
  (-3, -57)         14
  (-2, -57)         14
  (-1, -57)         14
  (0, -57)          14
  (1, -56)          14
  (2, -56)          14
  (3, -56)          14
  (4, -56)          14
  (5, -56)          14
  (6, -56)          14
  (7, -56)          14
  (8, -56)          14
  (9, -56)          14
  (10, -55)         14
  (11, -55)         14
  (12, -55)         14
  (13, -55)         14
  (14, -55)         14
  (15, -55)         14
  (16, -55)         14
  (17, -55)         14
  (18, -55)         14
  (19, -55)         14
  (20, -55)         13
  (21, -55)         13
  (22, -55)         13
  (23, -55)         13
  (24, -55)         13
  (25, -55)         13
  (26, -55)         13
  (27, -55)         13
  (28, -55)         12
  (29, -55)         12
  (30, -55)         15   barrier +3
  (30, -56)         15
  (30, -57)         11   drop -4
  (31, -58)         10
  (32, -59)         10
  (33, -60)         10
  (34, -61)         10
  (35, -62)         10
  (36, -63)         10
  (37, -64)         10
  (38, -65)         10
  (38, -66)         11
  (38, -67)         10
  (38, -68)         10
  (39, -69)         10
  (40, -70)         10
rises 2, falls 1, worst step 5: barrier +5 at (-25, -57); barrier +3 at (30, -55); drop -4 at (30, -57)
beside: spawn spawn-1#2 at (-70, -62) d0, wool wool-2#3 at (38, -68) d0, boulder crag-1#3 at (32, -61) d1, boulder crag-0#3 at (21, -53) d2

## spawn-green -> red-0
ROUTE (62, -70) -> (35, 80) aim travel: 161 blocks, 30 placed, 1 drop(s), worst drop 4
  place            y   step
  (62, -70)         11
  (62, -69)         12
  (61, -68)         11
  (61, -67)         11
  (61, -66)         11
  (61, -65)         11
  (61, -64)         11
  (61, -63)         11
  (61, -62)         11
  (61, -61)         11
  (61, -60)         11
  (61, -59)         11
  (61, -58)         12
  (61, -57)         11
  (61, -56)         11
  (61, -55)         11
  (61, -54)         11
  (61, -53)         11
  (60, -52)         11
  (59, -51)         11
  (58, -50)         11
  (58, -49)         11
  (58, -48)         11
  (58, -47)         11
  (58, -46)         11
  (58, -45)         11
  (58, -44)         11
  (58, -43)         11
  (58, -42)         11
  (58, -41)         11
  (58, -40)         11
  (58, -39)         11
  (58, -38)         10
  (58, -37)         10
  (58, -36)         10
  (58, -35)          9
  (57, -34)          9
  (56, -33)          9
  (55, -32)          9
  (54, -31)          9
  (53, -30)          9
  (52, -29)          9
  (51, -28)         10
  (50, -27)         11
  (49, -26)         11
  (49, -25)         14   barrier +3
  (49, -24)         14
  (49, -23)         14
  (49, -22)         14
  (49, -21)         14
  (49, -20)         14
  (49, -19)         14
  (49, -18)         14
  (49, -17)         14
  (49, -16)         14
  (49, -15)         14
  (49, -14)         14
  (49, -13)         14
  (49, -12)         14
  (49, -11)         14
  (49, -10)         14
  (49, -9)          14
  (49, -8)          14
  (49, -7)          14
  (49, -6)          14
  (49, -5)          14
  (49, -4)          14
  (49, -3)          14
  (49, -2)          14
  (49, -1)          14
  (49, 0)           18   barrier +4
  (49, 1)           18
  (49, 2)           18
  (49, 3)           18
  (49, 4)           18
  (49, 5)           18
  (49, 6)           18
  (49, 7)           18
  (49, 8)           18
  (49, 9)           18
  (49, 10)          18
  (49, 11)          18
  (49, 12)          14   drop -4
  (49, 13)          14
  (49, 14)          14
  (49, 15)          14
  (49, 16)          14
  (49, 17)          14
  (49, 18)          14
  (49, 19)          14
  (49, 20)          17   barrier +3
  (49, 21)          17
  (49, 22)          17
  (49, 23)          17
  (49, 24)          16
  (49, 25)          13
  (49, 26)          13
  (49, 27)          13
  (49, 28)          13
  (49, 29)          13
  (49, 30)          11
  (49, 31)          11
  (49, 32)          11
  (48, 33)          11
  (48, 34)          11
  (48, 35)          11
  (48, 36)          11
  (48, 37)          11
  (48, 38)          11
  (48, 39)          11
  (48, 40)          11
  (48, 41)          11
  (48, 42)          11
  (48, 43)          11
  (48, 44)          11
  (48, 45)          11
  (48, 46)          11
  (48, 47)          11
  (48, 48)          11
  (48, 49)          11
  (48, 50)          11
  (48, 51)          10
  (48, 52)          11
  (48, 53)          11
  (48, 54)          11
  (48, 55)          11
  (48, 56)          11
  (48, 57)          11
  (48, 58)          11
  (48, 59)          15   barrier +4
  (48, 60)          15
  (48, 61)          12
  (48, 62)          12
  (48, 63)          13
  (48, 64)          14
  (47, 65)          15
  (46, 66)          15
  (45, 67)          15
  (44, 68)          16
  (43, 69)          16
  (42, 70)          16
  (41, 71)          16
  (40, 72)          15
  (39, 73)          15
  (38, 74)          14
  (37, 75)          14
  (36, 76)          13
  (36, 77)          13
  (36, 78)          13
  (36, 79)          13
  (35, 80)          13
rises 4, falls 1, worst step 4: barrier +3 at (49, -25); barrier +4 at (49, 0); drop -4 at (49, 12); barrier +3 at (49, 20); barrier +4 at (48, 59)
beside: boulder crag-0 at (49, 20) d0, spawn spawn-1#3 at (62, -70) d0, tree thorn-0 at (48, 34) d0, wool wool-1 at (35, 80) d0

## spawn-green -> orange-0
ROUTE (62, -70) -> (70, 40) aim travel: 123 blocks, 41 placed, 3 drop(s), worst drop 12
  place            y   step
  (62, -70)         11
  (62, -69)         12
  (61, -68)         11
  (61, -67)         11
  (61, -66)         11
  (61, -65)         11
  (61, -64)         11
  (61, -63)         11
  (61, -62)         11
  (61, -61)         11
  (61, -60)         11
  (61, -59)         11
  (61, -58)         12
  (61, -57)         11
  (61, -56)         11
  (61, -55)         11
  (61, -54)         11
  (61, -53)         11
  (60, -52)         11
  (59, -51)         11
  (58, -50)         11
  (58, -49)         11
  (58, -48)         11
  (58, -47)         11
  (58, -46)         11
  (58, -45)         11
  (58, -44)         11
  (58, -43)         11
  (58, -42)         11
  (58, -41)         11
  (58, -40)         11
  (58, -39)         11
  (58, -38)         10
  (58, -37)         10
  (58, -36)         10
  (58, -35)          9
  (58, -34)          9
  (58, -33)          9
  (58, -32)          9
  (58, -31)          9
  (57, -30)          9
  (57, -29)          9
  (57, -28)          9
  (57, -27)          9
  (57, -26)          9
  (57, -25)         14   barrier +5
  (57, -24)         14
  (57, -23)         14
  (57, -22)         14
  (57, -21)         14
  (57, -20)         14
  (57, -19)         14
  (57, -18)         14
  (57, -17)         14
  (57, -16)         14
  (57, -15)         14
  (57, -14)         14
  (57, -13)         14
  (57, -12)         14
  (57, -11)         14
  (57, -10)         14
  (57, -9)          14
  (57, -8)          14
  (57, -7)          14
  (57, -6)           2   drop -12
  (57, -5)           2
  (57, -4)           2
  (57, -3)           2
  (57, -2)           2
  (57, -1)           2
  (57, 0)            2
  (57, 1)            2
  (57, 2)            2
  (57, 3)            2
  (57, 4)            2
  (57, 5)            2
  (57, 6)            2
  (57, 7)            2
  (56, 8)            2
  (55, 9)           18   barrier +16
  (54, 10)          18
  (54, 11)          18
  (54, 12)          14   drop -4
  (54, 13)          14
  (54, 14)          14
  (54, 15)          14
  (54, 16)          14
  (54, 17)          14
  (54, 18)          14
  (54, 19)          14
  (54, 20)          13
  (54, 21)          13
  (54, 22)          13
  (54, 23)          13
  (54, 24)          13
  (54, 25)          13
  (54, 26)          13
  (54, 27)          13
  (54, 28)          12
  (54, 29)          12
  (54, 30)          15   barrier +3
  (55, 30)          15
  (56, 30)          11   drop -4
  (57, 31)          10
  (58, 32)          10
  (59, 33)          10
  (60, 34)          10
  (61, 35)          10
  (62, 36)          10
  (63, 37)          10
  (64, 38)          10
  (65, 38)          11
  (66, 38)          10
  (67, 38)          10
  (68, 38)          10
  (69, 39)          10
  (70, 40)          10
rises 3, falls 3, worst step 16: barrier +5 at (57, -25); drop -12 at (57, -6); barrier +16 at (55, 9); drop -4 at (54, 12); barrier +3 at (54, 30); drop -4 at (56, 30)
beside: spawn spawn-1#3 at (62, -70) d0, wool wool-2 at (66, 38) d0, boulder crag-1 at (60, 32) d1, boulder crag-0 at (52, 21) d2

## spawn-green -> blue-1
ROUTE (62, -70) -> (-80, 35) aim travel: 190 blocks, 42 placed, 1 drop(s), worst drop 5
  place            y   step
  (62, -70)         11
  (62, -69)         12
  (61, -68)         11
  (61, -67)         11
  (61, -66)         11
  (61, -65)         11
  (61, -64)         11
  (61, -63)         11
  (61, -62)         11
  (61, -61)         11
  (60, -60)         11
  (59, -59)         11
  (58, -58)         11
  (57, -57)         11
  (56, -56)         11
  (55, -55)         11
  (54, -54)         11
  (53, -54)         11
  (52, -54)         11
  (51, -54)         11
  (50, -54)         11
  (49, -54)         11
  (48, -54)         11
  (47, -54)         11
  (46, -54)         11
  (45, -54)         11
  (44, -54)         11
  (43, -54)         11
  (42, -54)         11
  (41, -54)         11
  (40, -54)         11
  (39, -54)         11
  (38, -54)         11
  (37, -54)         11
  (36, -54)         11
  (35, -53)         11
  (34, -52)         11
  (33, -51)         11
  (32, -50)         11
  (31, -49)         11
  (30, -48)         11
  (29, -47)         11
  (28, -46)         11
  (27, -45)         11
  (26, -44)         12
  (25, -43)         12
  (24, -42)         11
  (23, -41)         12
  (22, -40)         12
  (21, -39)         12
  (20, -38)         12
  (19, -37)         13
  (18, -36)         13
  (17, -35)         13
  (16, -34)         14
  (15, -33)         14
  (14, -32)         14
  (13, -31)         14
  (12, -30)         14
  (11, -29)         14
  (10, -28)         14
  (9, -27)          14
  (8, -26)          14
  (7, -25)          14
  (6, -24)          14
  (5, -23)          14
  (4, -22)          14
  (3, -21)          14
  (2, -20)          14
  (1, -19)          14
  (0, -18)          14
  (-1, -17)         14
  (-2, -16)         14
  (-3, -15)         14
  (-4, -14)         14
  (-5, -13)         14
  (-6, -12)         14
  (-7, -11)         14
  (-8, -10)         14
  (-9, -9)          14
  (-10, -8)         14
  (-11, -7)         14
  (-12, -6)         14
  (-13, -5)         14
  (-14, -4)         14
  (-15, -3)         14
  (-16, -2)         14
  (-17, -1)         14
  (-18, 0)          14
  (-19, 1)          14
  (-20, 2)          14
  (-21, 3)          14
  (-22, 4)          14
  (-23, 5)          14
  (-24, 6)          14
  (-25, 7)          14
  (-26, 8)          14
  (-27, 9)          14
  (-28, 10)         14
  (-29, 10)         14
  (-30, 10)         14
  (-31, 10)         14
  (-32, 10)         14
  (-33, 10)         14
  (-34, 10)         14
  (-35, 11)         14
  (-36, 12)         14
  (-37, 13)         14
  (-38, 14)         14
  (-39, 15)         14
  (-40, 16)         14
  (-41, 17)         14
  (-42, 18)         13
  (-43, 19)         14
  (-44, 20)         14
  (-45, 21)         14
  (-46, 22)         14
  (-47, 23)         14
  (-48, 24)         14
  (-49, 25)         11
  (-50, 26)         11
  (-51, 27)         11
  (-52, 28)         10
  (-53, 29)          9
  (-54, 30)          9
  (-55, 31)          9
  (-56, 32)          9
  (-57, 33)          9
  (-58, 34)          9
  (-59, 35)         10
  (-60, 35)         15   barrier +5
  (-61, 35)         15
  (-62, 35)         10   drop -5
  (-63, 35)         10
  (-64, 35)         10
  (-65, 35)         10
  (-66, 35)         11
  (-67, 35)         11
  (-68, 35)         11
  (-69, 35)         11
  (-70, 35)         11
  (-71, 35)         12
  (-72, 35)         12
  (-73, 35)         12
  (-74, 35)         12
  (-75, 35)         12
  (-76, 35)         14   scramble +2
  (-77, 35)         13
  (-78, 35)         13
  (-79, 35)         13
  (-80, 35)         13
rises 2, falls 1, worst step 5: barrier +5 at (-60, 35); drop -5 at (-62, 35); scramble +2 at (-76, 35)
beside: spawn spawn-1#3 at (62, -70) d0, wool wool-1#1 at (-80, 35) d0, tree thorn-0#3 at (34, -50) d1

## spawn-green -> light_blue-1
ROUTE (62, -70) -> (-40, 70) aim travel: 182 blocks, 49 placed, 2 drop(s), worst drop 12
  place            y   step
  (62, -70)         11
  (62, -69)         12
  (61, -68)         11
  (61, -67)         11
  (61, -66)         11
  (61, -65)         11
  (61, -64)         11
  (61, -63)         11
  (61, -62)         11
  (61, -61)         11
  (61, -60)         11
  (61, -59)         11
  (61, -58)         12
  (61, -57)         11
  (61, -56)         11
  (61, -55)         11
  (61, -54)         11
  (61, -53)         11
  (60, -52)         11
  (59, -51)         11
  (58, -50)         11
  (58, -49)         11
  (58, -48)         11
  (58, -47)         11
  (58, -46)         11
  (58, -45)         11
  (58, -44)         11
  (58, -43)         11
  (57, -42)         11
  (56, -41)         11
  (55, -40)         11
  (54, -39)         11
  (53, -38)         11
  (52, -37)         11
  (51, -36)         11
  (50, -35)         11
  (49, -34)         11
  (48, -33)         11
  (47, -32)         11
  (46, -31)         11
  (45, -30)         11
  (44, -29)         11
  (43, -28)         11
  (42, -27)         11
  (41, -26)         12
  (40, -25)         12
  (39, -24)         12
  (38, -23)         12
  (37, -22)         13
  (36, -21)         13
  (35, -20)         13
  (34, -19)         13
  (33, -18)         14
  (32, -17)         14
  (31, -16)         14
  (30, -15)         14
  (29, -14)         14
  (28, -13)         14
  (27, -12)         14
  (26, -11)         14
  (25, -10)         14
  (24, -9)          14
  (23, -8)          14
  (22, -7)          14
  (21, -6)          14
  (20, -5)          14
  (19, -4)          14
  (18, -3)          14
  (17, -2)          14
  (16, -1)          14
  (15, 0)           14
  (14, 1)           14
  (13, 2)           14
  (12, 3)            2   drop -12
  (11, 4)            2
  (10, 5)            2
  (9, 6)             2
  (8, 7)             2
  (7, 8)             2
  (6, 9)             2
  (5, 10)            2
  (4, 11)            2
  (3, 12)            2
  (2, 13)           14   barrier +12
  (1, 14)           14
  (0, 15)           14
  (-1, 16)          14
  (-2, 17)          14
  (-3, 18)          14
  (-4, 19)          14
  (-5, 20)          14
  (-6, 21)          14
  (-7, 22)          14
  (-8, 23)          14
  (-9, 24)          14
  (-10, 25)         14
  (-11, 26)         14
  (-11, 27)         14
  (-11, 28)         14
  (-11, 29)         14
  (-11, 30)         14
  (-11, 31)         14
  (-11, 32)         14
  (-11, 33)         14
  (-12, 34)         14
  (-13, 35)         14
  (-14, 36)         14
  (-15, 37)         14
  (-16, 38)         14
  (-17, 39)         13
  (-18, 40)         13
  (-19, 41)         13
  (-20, 42)         14
  (-21, 43)         12
  (-22, 44)         12
  (-23, 45)         12
  (-24, 46)         13
  (-25, 47)         13
  (-26, 48)         13
  (-26, 49)         13
  (-27, 50)         13
  (-28, 51)         13
  (-29, 52)         13
  (-30, 53)         12
  (-31, 54)         15   barrier +3
  (-32, 55)         15
  (-32, 56)         10   drop -5
  (-32, 57)         10
  (-33, 58)         10
  (-34, 59)         10
  (-35, 60)         10
  (-36, 61)         10
  (-37, 62)         10
  (-38, 63)         10
  (-39, 64)         10
  (-39, 65)         11
  (-39, 66)         10
  (-39, 67)         10
  (-39, 68)         10
  (-39, 69)         10
  (-40, 70)         10
rises 2, falls 2, worst step 12: drop -12 at (12, 3); barrier +12 at (2, 13); barrier +3 at (-31, 54); drop -5 at (-32, 56)
beside: spawn spawn-1#3 at (62, -70) d0, wool wool-2#1 at (-40, 70) d0, boulder crag-0#1 at (-25, 48) d1, boulder crag-1#1 at (-33, 60) d1

## spawn-green -> yellow-2
ROUTE (62, -70) -> (-35, -80) aim travel: 128 blocks, 29 placed, 2 drop(s), worst drop 5
  place            y   step
  (62, -70)         11
  (62, -69)         12
  (61, -68)         11
  (61, -67)         11
  (61, -66)         11
  (61, -65)         11
  (61, -64)         11
  (61, -63)         11
  (61, -62)         11
  (61, -61)         11
  (60, -60)         11
  (59, -59)         11
  (58, -58)         11
  (57, -57)         11
  (56, -56)         11
  (55, -55)         11
  (54, -55)         11
  (53, -55)         11
  (52, -55)         11
  (51, -55)         11
  (50, -55)         11
  (49, -55)         15   barrier +4
  (48, -55)         15
  (47, -55)         15
  (46, -55)         15
  (45, -55)         15
  (44, -55)         15
  (43, -55)         15
  (42, -55)         15
  (41, -55)         15
  (40, -55)         15
  (39, -55)         15
  (38, -55)         15
  (37, -55)         15
  (36, -55)         15
  (35, -55)         15
  (34, -55)         15
  (33, -55)         15
  (32, -55)         15
  (31, -55)         15
  (30, -55)         15
  (29, -55)         12
  (28, -55)         12
  (27, -55)         13
  (26, -55)         13
  (25, -55)         13
  (24, -55)         13
  (23, -55)         13
  (22, -55)         13
  (21, -55)         13
  (20, -55)         13
  (19, -55)         14
  (18, -55)         14
  (17, -55)         14
  (16, -55)         14
  (15, -55)         14
  (14, -55)         14
  (13, -55)         14
  (12, -55)         14
  (11, -55)         14
  (10, -55)         14
  (9, -55)          14
  (8, -55)          14
  (7, -55)          14
  (6, -55)          14
  (5, -55)          14
  (4, -55)          14
  (3, -55)          14
  (2, -55)          14
  (1, -55)          14
  (0, -55)          14
  (-1, -55)         14
  (-2, -55)         14
  (-3, -55)         14
  (-4, -55)         14
  (-5, -55)         14
  (-6, -55)         14
  (-7, -55)         14
  (-8, -55)         14
  (-9, -55)         14
  (-10, -55)        14
  (-11, -55)        14
  (-12, -55)        14
  (-13, -55)        14
  (-14, -55)        14
  (-15, -55)        14
  (-16, -55)        14
  (-17, -55)        14
  (-18, -55)        14
  (-19, -55)        14
  (-20, -55)        14
  (-21, -55)        14
  (-22, -55)        14
  (-23, -55)        14
  (-24, -55)        14
  (-25, -55)        14
  (-26, -55)         9   drop -5
  (-27, -56)         9
  (-28, -57)         9
  (-29, -58)         9
  (-30, -59)         9
  (-31, -60)        15   barrier +6
  (-31, -61)        15
  (-31, -62)        10   drop -5
  (-31, -63)        10
  (-31, -64)        10
  (-31, -65)        10
  (-31, -66)        11
  (-31, -67)        11
  (-31, -68)        11
  (-31, -69)        11
  (-31, -70)        11
  (-31, -71)        11
  (-31, -72)        12
  (-31, -73)        12
  (-31, -74)        12
  (-32, -75)        12
  (-33, -76)        14   scramble +2
  (-34, -77)        13
  (-34, -78)        13
  (-34, -79)        13
  (-35, -80)        13
rises 3, falls 2, worst step 6: barrier +4 at (49, -55); drop -5 at (-26, -55); barrier +6 at (-31, -60); drop -5 at (-31, -62); scramble +2 at (-33, -76)
beside: spawn spawn-1#3 at (62, -70) d0, wool wool-1#2 at (-35, -80) d0, boulder crag-0#3 at (21, -53) d2

## spawn-green -> pink-2
ROUTE (62, -70) -> (-70, -40) aim travel: 149 blocks, 23 placed, 2 drop(s), worst drop 4
  place            y   step
  (62, -70)         11
  (62, -69)         12
  (61, -68)         11
  (61, -67)         11
  (61, -66)         11
  (61, -65)         11
  (61, -64)         11
  (61, -63)         11
  (61, -62)         11
  (61, -61)         11
  (60, -60)         11
  (59, -59)         11
  (58, -58)         11
  (57, -57)         11
  (56, -56)         11
  (55, -55)         11
  (54, -54)         11
  (53, -54)         11
  (52, -54)         11
  (51, -54)         11
  (50, -54)         11
  (49, -54)         11
  (48, -54)         11
  (47, -54)         11
  (46, -54)         11
  (45, -54)         11
  (44, -54)         11
  (43, -54)         11
  (42, -54)         11
  (41, -54)         11
  (40, -54)         11
  (39, -54)         11
  (38, -54)         11
  (37, -54)         11
  (36, -54)         11
  (35, -54)         11
  (34, -54)         11
  (33, -54)         11
  (32, -54)         11
  (31, -54)         11
  (30, -54)         12
  (29, -54)         12
  (28, -54)         13
  (27, -54)         13
  (26, -54)         13
  (25, -54)         13
  (24, -54)         13
  (23, -54)         13
  (22, -54)         13
  (21, -54)         13
  (20, -54)         13
  (19, -54)         14
  (18, -54)         14
  (17, -54)         14
  (16, -54)         14
  (15, -54)         14
  (14, -54)         14
  (13, -54)         14
  (12, -54)         14
  (11, -54)         14
  (10, -54)         14
  (9, -54)          14
  (8, -54)          14
  (7, -54)          14
  (6, -54)          14
  (5, -54)          14
  (4, -54)          14
  (3, -54)          14
  (2, -54)          14
  (1, -54)          14
  (0, -54)          14
  (-1, -54)         14
  (-2, -54)         14
  (-3, -54)         14
  (-4, -54)         14
  (-5, -54)         14
  (-6, -54)         14
  (-7, -54)         14
  (-8, -54)         14
  (-9, -54)         14
  (-10, -54)        14
  (-11, -54)        14
  (-12, -54)        14
  (-13, -54)        14
  (-14, -54)        14
  (-15, -54)        14
  (-16, -54)        14
  (-17, -54)        14
  (-18, -54)        14
  (-19, -54)        14
  (-20, -54)        14
  (-21, -54)        14
  (-22, -54)        14
  (-23, -54)        14
  (-24, -54)        14
  (-25, -54)        14
  (-26, -54)        10   drop -4
  (-27, -54)        10
  (-28, -54)         9
  (-29, -54)         9
  (-30, -54)         9
  (-31, -54)         9
  (-32, -54)         9
  (-33, -54)         9
  (-34, -54)        10
  (-35, -54)        10
  (-36, -54)        10
  (-37, -54)        11
  (-38, -54)        11
  (-39, -54)        11
  (-40, -54)        11
  (-41, -54)        11
  (-42, -54)        11
  (-43, -54)        11
  (-44, -54)        11
  (-45, -54)        11
  (-46, -54)        11
  (-47, -54)        11
  (-48, -54)        11
  (-49, -54)        11
  (-50, -54)        11
  (-51, -54)        11
  (-52, -53)        11
  (-53, -52)        11
  (-54, -51)        11
  (-55, -50)        15   barrier +4
  (-56, -49)        15
  (-57, -49)        11   drop -4
  (-58, -49)        11
  (-59, -49)        11
  (-60, -48)        11
  (-61, -47)        11
  (-62, -46)        10
  (-63, -46)        10
  (-64, -45)        10
  (-65, -44)        10
  (-66, -43)        11
  (-67, -42)        10
  (-68, -42)        10
  (-69, -41)        10
  (-70, -40)        10
rises 1, falls 2, worst step 4: drop -4 at (-26, -54); barrier +4 at (-55, -50); drop -4 at (-57, -49)
beside: spawn spawn-1#3 at (62, -70) d0, tree thorn-1#2 at (-64, -45) d0, wool wool-2#2 at (-70, -40) d0, boulder crag-0#3 at (21, -53) d1

## spawn-green -> green-3
ROUTE (62, -70) -> (80, -35) aim travel: 43 blocks, 1 placed, 0 drop(s), worst drop 0
  place            y   step
  (62, -70)         11
  (63, -70)         13   scramble +2
  (64, -69)         11
  (64, -68)         11
  (64, -67)         11
  (64, -66)         11
  (64, -65)         11
  (64, -64)         11
  (64, -63)         11
  (64, -62)         11
  (64, -61)         11
  (64, -60)         11
  (64, -59)         11
  (64, -58)         12
  (64, -57)         12
  (64, -56)         11
  (64, -55)         12
  (64, -54)         12
  (65, -53)         13
  (66, -52)         14
  (67, -51)         15
  (68, -50)         16
  (68, -49)         17
  (69, -48)         18
  (70, -47)         18
  (71, -46)         18
  (72, -45)         17
  (73, -44)         16
  (74, -43)         16
  (75, -42)         15
  (76, -41)         14
  (77, -40)         14
  (78, -39)         13
  (78, -38)         13
  (78, -37)         13
  (79, -36)         13
  (80, -35)         13
rises 1, falls 0, worst step 2: scramble +2 at (63, -70)
beside: spawn spawn-1#3 at (62, -70) d0, wool wool-1#3 at (78, -39) d0

## spawn-green -> lime-3
ROUTE (62, -70) -> (40, -70) aim travel: 43 blocks, 3 placed, 1 drop(s), worst drop 4
  place            y   step
  (62, -70)         11
  (62, -69)         12
  (61, -68)         11
  (61, -67)         11
  (61, -66)         11
  (61, -65)         11
  (61, -64)         11
  (61, -63)         11
  (61, -62)         11
  (61, -61)         11
  (60, -60)         11
  (59, -59)         11
  (58, -58)         11
  (57, -57)         11
  (56, -56)         11
  (55, -55)         11
  (54, -55)         11
  (53, -55)         11
  (52, -55)         11
  (51, -55)         11
  (50, -55)         11
  (49, -55)         15   barrier +4
  (49, -56)         15
  (49, -57)         11   drop -4
  (49, -58)         11
  (48, -59)         11
  (47, -60)         11
  (46, -61)         11
  (45, -62)         10
  (45, -63)         10
  (44, -64)         10
  (43, -65)         10
  (42, -66)         11
  (41, -67)         10
  (41, -68)         10
  (41, -69)         10
  (40, -70)         10
rises 1, falls 1, worst step 4: barrier +4 at (49, -55); drop -4 at (49, -57)
beside: spawn spawn-1#3 at (62, -70) d0, tree thorn-1#3 at (44, -64) d0, wool wool-2#3 at (40, -70) d0
