## tree
SEATS  tree, footprint 1x1, 3 blocks off a route  1 char = 1 block  x -88..87 across, z -88..87 down
KEY  1 the footprint seats with its minimum corner here  0 refused  space void
            -8        -7        -6        -5        -4        -3        -2        -1         0         1         2         3         4         5         6         7         8       
     87654321098765432109876543210987654321098765432109876543210987654321098765432109876543210123456789012345678901234567890123456789012345678901234567890123456789012345678901234567
 -88                                              1111000000000111                                                                                                                   
 -87                                              1000000000000000                                                                                                                   
 -86                                              1000000000000000                                                                                                                   
 -85                                             110000000000000001                                                                                                                  
 -84                                             000000000000000000                                                                                                                  
 -83                                             000000000000000000                                                                                                                  
 -82                                             000000000000000000                                                                                                                  
 -81                                             000000000000000000                                                                                                                  
 -80                                             000000000000000000                                                                                                                  
 -79                                             000000000000000000                                                                                                                  
 -78                                            00000000000000000000                                                                                                                 
 -77                                            00000000000000000000                                                    111111000000000000000                                        
 -76                                            00000000000000000000                                                    111111000000000000000                                        
 -75                                  1111111111111000000000000                                                         111111000000000000000       0000000000                       
 -74                                   111111111111000000000000                                                        0000000000000000000000       0000000000                       
 -73                                    11111111111000000000000                                                        0000000000000000000000       0000000000                       
 -72                                    11111111111111000000000                                                        0000000000000000000000       0000000000                       
 -71                                     1111111111111000000000                                                        00000000000000000000000      0000000000                       
 -70                                      111111111111000000000                                                        00000000000000000000000      0000000000                       
 -69                                     1111111111111000000000                                                        00000000000000000000000      0000000000                       
 -68                                    11111111111111000000000                                                       100000000000000000000000      0000000000                       
 -67                                   111111111111111000000000                                                       100000000000000000000000      0000000000                       
 -66                                  1111111111111111000000000                                                       100000000000000000000000      0000000000                       
 -65              000000000000011111111111111111111111111111111                                                            1110000000000000001      0000000000                       
 -64              000000000000000000000000000001111111111111111                                                            1010000000000000001      0000000000                       
 -63              000000000000000000000000000000000000000000000                                                            0000000000000000000      0000000000                       
 -62              000000000000000000000000000000000000000000000                                                            0001110000000000000      0000000000                       
 -61              000000000000000000000000000000000000000000000                                                            0001110000000000000      0000000000                       
 -60              00000000000000000000000000000000000000000000000011111111111111100                                        11111100000000000001     0000000000                       
 -59              00000000000000000000000000000000000000000000000011111111111111100                                        11111100000000010111     0000000000                       
 -58              00000000000000000000000000000000000000000000000011111111111111100                                        00000000000000000000     0000000000                       
 -57              00000000000000000000000000000000000000000000000011111111111111100                                        00000000000000000000     0000000000                       
 -56              00000000000000000000000000000000000000000000000001111111111111100                                        00000000000000000000     0000000000                       
 -55                                  000000000000000000000000000000111111111111100                    0011111111111111110000000000000000000000000000000000000         1             
 -54                                  000000000000000000000000000000111111111111100                    00111111111111111100000000000000000000000000000000000001       11             
 -53                                  000000000000000000000000000000011111111111100                    001111111110000111000000000000000000000000000000000000011    1111             
 -52                                  000000000000000000000000000000011111111111100                    0011111111000001110000000000000000000000000000000000000111  11111             
 -51                                  000000000000000000000000000000001111111111100                    00111111110000011111110001111111110001100000000000000001111111111             
 -50                            1110000000000000          0000000000001111111111100                    00111111110000011111111000000111111001100000000000000001111111111             
 -49                 000000011000010000000111111          1000000000001111111111100                    00111111111000011111111100000111111111100000000000000001111111111             
 -48            11100000000000000010000000011111          1100000000001111111111100                    00111111111110111110111100000011111111100000000000000001111111111             
 -47            00000000000000000000000000001111          1100000000001111111111100                    00111111111111111100011100000111111111100000000000000001111111111             
 -46            00000000000000000010000000001111          1110000000000111111111100                    00111111111111111100011110001111111111100000000000000011111111111             
 -45            00000000000000000010000000011111          1110000000000111111111100                    00111111111111111110                    0000000000000011111111111100          
 -44            00000000000000000000000000111111          1110000000000111111111100                    00111111111111111111                    00000000000000111111111111000000000   
 -43            00000000000000000000000000111111          1110000000000111111111100                    00111111111111111111                    00000000000000111111111111000000000111
 -42            00000000000000000000000000111111          1111000000000000011111100                    00111100000000000011                    00000000000000111111111000000000000000
 -41            00000000000000000000000000111111          1111000000000000011111100                    00111100000000000001                    00000000000000111111111000000000000000
 -40            00000000000000000000000000111011          1111100000000000011111100                    00111100000000000001                    00000000000000111111111000000000000000
 -39            00000000000000000000000000100001          1111100000000000011111100                    00111100000000000011                    00000000000000110000000000000000000000
 -38            00000000000000000000000000100000          1111100000000000011111100                    00111100000000000011                    00000000000000110000000000000000000000
 -37            00000000000000000000000000100000          1111100000000000011111100                    00111100000000000011                    00000000000000110000000000000000000000
 -36            00000000000000000000000000100000          1111100000000000011111100                    00111100000000000011                    00000000000000110000000000000000000000
 -35            00000000000000011110000000000001          1111000000000000011111100                    001111000000000000000111111111111111111000000000000000110000000000000000000000
 -34            00000000000000011110000000001111          1110000111111111111111100                    001111111111111111000111111111111111110000000000000000110000000000000000000000
 -33            00000000000000000110000000011111          1100000111111111111111100                    001111111111111111100001111111111111000000000000000000110000000000000000000000
 -32            11100000000010000110000000111111          1100000111111111111111100                    001111111111111111110000111111111110000000000000000000110000000000000000000000
 -31            11100000000011000110000000111100          0000000111111111111111100                    001111111111111111100000011111000000000000000000000000110000000000000000000000
 -30            111000000000          000011100011111111110011011111111111111111100                    00111111111111111111000000000000000000000000000000               0000000000000
 -29            111000000000          000011110011110011110011111111111111111111100                    00111111111111111111000000000000000000000000000000               0000000000000
 -28            111000000000          000011111111100000000111111111111111111111100                    00111111111111111111111100000000000000000000000000               0000000000000
 -27               000000000          111111111111100000000111111111111111111111100                    00111111111111111111111100000000000000000000001111               1000000000   
 -26                     000          111111111111100000000111111111111111111111100                    00111111111111111111111100000000000000000000011111               100          
 -25                                  110000011111100000000111111111111111111111100                    00111111111111111111111100000000000000000001111111                            
 -24                                  110000001111100000000111111111111111111111100                    00111111111111111111111100000000000000000111111111                            
 -23                                  110000011111100000000111111111111000001111100                    00111100000111111111111100000000000011111111111111                            
 -22                                  110000011111100000000111111111111011110011100                    00111101111001111111111100000000111111111111111111                            
 -21                                  111000111111100000000111111111110111111011100                    00111011111101111111111100000000111111111111111111                            
 -20                                  111111111111100000000111111111110111111011100                    00111011111101111111111100000000111111111111111111                            
 -19                                  111111111111100000000111111111110111111011100                    00111011111101111111111100000000111111111111111111                            
 -18                                  111111111111100000000111111111110111111011100                    00111011111101111111111111111111111111111111111111                            
 -17                                  111111111111100000000111111111110011110111100                    00111001111011111111111111111111111111111111111111                            
 -16                                  11111111111111111111111111111111110000011111                     11111110000011111111111111111111111111111111111111                            
 -15                                  1111111111111111111111111111111111111111111                       1111111111111111111111111111111111111111111111111                            
 -14                                  111111111111111111111111111111111111111111                         111111111111111111111111111111111111111111111111                            
 -13                                  11111111111111111111111111111111111111111                           11111111111111111111111111111111111111111111111                            
 -12                                  0000000000000000000000000000000000000001                             1100000000000000000000000000000000000000000000                            
 -11                                  000000000000000000000000000000000000000                               100000000000000000000000000000000000000000000                            
 -10                                                                                                                                                                                 
  -9                                                                                                                                                                                 
  -8                                                                                                                                                                                 
  -7                                                                                                                                                                                 
  -6                                                                                                                                                                                 
  -5                                                                                                                                                                                 
  -4                                                                                                                                                                                 
  -3                                                                                                                                                                                 
  -2                                                                                                                                                                                 
  -1                                                                                                                                                                                 
   0                                                                                                                                                                                 
   1                                                                                                                                                                                 
   2                                                                                                                                                                                 
   3                                                                                                                                                                                 
   4                                                                                                                                                                                 
   5                                                                                                                                                                                 
   6                                                                                                                                                                                 
   7                                                                                                                                                                                 
   8                                                                                                                                                                                 
   9                                                                                                                                                                                 
  10                             00000000000000000000000000000000000000000000                               1000000000000000000000000000000000000000                                 
  11                             000000000000000000000000000000000000000000001                             11000000000000000000000000000000000000000                                 
  12                             1111111111111111111111111111111111111111111111                           111111111111111111111111111111111111111111                                 
  13                             11111111111111111111111111111111111111111111111                         1111111111111111111111111111111111111111111                                 
  14                             111111111111111111111111111111111111111111111111                       11111111111111111111111111111111111111111111                                 
  15                             1111111111111111111111111111111111111100000111111                     111111000001111111111111111111111111111111111                                 
  16                             11111111111111111111111111111111111111011110011100                    001111011110011111111111000000001111111111111                                 
  17                             11111111111111111111111111111111111110111111011100                    001110111111011111111111000000001111111111111                                 
  18                             11111111111111111100000000111111111110111111011100                    001110111111011111111111000000001111111111111                                 
  19                             11111111111111111100000000111111111110111111011100                    001110111111011111111111000000001111111111111                                 
  20                             11111111111111111100000000111111111110111111011100                    001110111111011111111111000000001111111000111                                 
  21                             11111111111111111100000000111111111110011110111100                    001110011110111111111111000000001111110000011                                 
  22                             11111111111111000000000000111111111111100000111100                    001111100000111111111111000000001111110000011                                 
  23                             11111111100000000000000000111111111111111111111100                    001111111111111111111111000000001111100000011                                 
  24                             11111110000000000000000000111111111111111111111100                    001111111111111111111111000000001111110000011                                 
  25           000               11111000000000000000000000111111111111111111111100                    001111111111111111111111000000001111111111111          111                    
  26    1000000000               11110000000000000000000000111111111111111111111100                    001111111111111111111111000000001111111111111          100000000              
  27 1111000000000               11100000000000000000000000111111111111111111111100                    001111111111111111111111000000001111111111111          100000000011           
  28 1000000000000               00000000000000000000000000000011111111111111111100                    001111111111111111111110011110011110011111000          100000000011           
  29 1000000000000               00000000000000000000000000000011111111111111111100                    001111111111111111110100011111111100011111000          100000000011           
  30 100000000000000011111111100000000000000000000000111110000001111111111111111100                    0011111111111111110000000          00111110000000100011100000000011           
  31 000000000000000000000001100000000000000000000011111111000011111111111111111100                    0011111111111111110000011          11111110000000100001100000000011           
  32 000000000000000000000001100000000000000000111111111111100011111111111111111100                    0011111111111111110000011          11111110000000100011100000000011           
  33 000000000000000000000001100000000000000011111111111111111000111111111111111100                    0011111111111111110000111          11110000000000111100000000000000           
  34 000000000000000000000001100000000000000111111111111111111000000000000000111100                    0011111100000000000001111          10000000000000111100000000000000           
  35 00000000000000000000000110000000000000                    11000000000000111100                    0011111100000000000011111          00000110000000111100000000000000           
  36 00000000000000000000000110000000000000                    11000000000000111100                    0011111100000000000011111          00000110000000000000000000000000           
  37 00000000000000000000000110000000000000                    11000000000000111100                    0011111100000000000011111          00000110000000000000000000000000           
  38 00000000000000000000000110000000000000                    11000000000000111100                    0011111100000000000011111          10000110000000000000000000000000           
  39 00000000000000000000000110000000000000                    10000000000000111100                    0011111100000000000011111          11011100000000000000000000000000           
  40 10000000000000001111111110000000000000                    10000000000000111100                    0011111100000000000001111          11111100000000000000000000000000           
  41 10000000000000001111111110000000000000                    11000000000000111100                    0011111100000000000001111          11111110000000000000000000000000           
  42 10000000000000001111111110000000000000                    11111111111111111100                    0011111111110000000001111          11111110000000000000000000000000           
  43    10000000001111111111110000000000000                    11111111111111111100                    0011111111110000000001111          11111110000000000000000000000000           
  44           0001111111111110000000000000                    11111111111111111100                    0011111111110000000001111          11111110000000000000000000000000           
  45              11111111111100000000000000111111111110001111000111111111111111100                    0011111111110000000001111          11110000000000000000000000000000           
  46              11111111111100000000000000111111111100000111000111111111111111100                    0011111111111000000000011          11110000000000000000000000000000           
  47              11111111111000000000000000111111111000000111111111101111111111100                    0011111111111000000000011          11111110000000000000000000000000           
  48              11111111111000000000000000111111111100000111111111000011111111100                    0011111111111000000000001          11111110000000000011100000                 
  49              11111111111000000000000000110011111100000011111111000001111111100                    0011111111111000000000000          000000000000001                            
  50              11111111111000000000000000100011111111110011111111000001111111100                    001111111111100000000000000000000000000000000                                 
  51              11111 11111000000000000000110011110011110011111111000001111111100                    001111111111110000000000000000000000000000000                                 
  52              1111   1111000000000000000000000000000000000000011000011111111100                    001111111111110000000000000000000000000000000                                 
  53              11      111000000000000000000000000000000000000011111111111111100                    001111111111111000000000000000000000000000000                                 
  54              1        11000000000000000000000000000000000000011111111111111100                    001111111111111000000000000000000000000000000                                 
  55                        1000000000     00000000000000000000                                        00111111111111110000000000000000000000000000000000000000000000000             
  56                        1000000000     00000000000000000000                                        00111111111111111000000000000000000000000000000000000000000000000             
  57                        1000000000     00000000000000000000                                        00111111111111111100000000000000000000000000000000000000000000000             
  58                        1000000000     00000000000000000000                                        00111111111111111100000000000000000000000000000000000000000000000             
  59                        1000000000     10000000000000011111                                        00111111111111111100000000000000000000000000000000000000000000000             
  60                        1000000000     10000000000000011000                                                            000000000000000000000000000000000000000000000             
  61                        1000000000      0000000000000011000                                                            000000000000000000000000000000000000000000000             
  62                        1000000000      0000000000000011000                                                            000000000000000000000000000000000000000000000             
  63                        0000000000      1000000000000000001                                                            000000000000000000000000000000000000000000000             
  64                        0000000000      1000000000000000011                                                            111111111111111110000000000000000000000000000             
  65                        0000000000      110000000000000001111111                                                       111111111111111111111111                                  
  66                        0000000000      000000000000000000000000                                                       10000000001111111111111                                   
  67                        0000000000      000000000000000000000000                                                       1000000000111111111111                                    
  68                        0000000000      00000000000000000000000                                                        100000000011111111111                                     
  69                        0000000000      00000000000000000000000                                                        100000000011111111111                                     
  70                        0000000000      00000000000000000000000                                                        1000000000111111111111                                    
  71                        0000000000      00000000000000000000000                                                        10000000001111111111111                                   
  72                        0000000000       0000000000000000000000                                                        10000000001111111111111                                   
  73                        0000000000       0000000000000000000000                                                        000000000000011111111111                                  
  74                        0000000000       000000000000000000000                                                         0000000000000111111111111                                 
  75                                         100000000000000011111                                                    11100000000000000011                                           
  76                                         100000000000000011111                                                    00000000000000000000                                           
  77                                                                                                                  00000000000000000000                                           
  78                                                                                                                   000000000000000000                                            
  79                                                                                                                   000000000000000000                                            
  80                                                                                                                   000000000000000000                                            
  81                                                                                                                   000000000000000000                                            
  82                                                                                                                   000000000000000000                                            
  83                                                                                                                   000000000000000000                                            
  84                                                                                                                   000000000000000000                                            
  85                                                                                                                    1000000000000000                                             
  86                                                                                                                    1000000000000000                                             
  87                                                                                                                    1000000000000000                                             
seats 5262; refused 6224 DR-KEEP, 1288 DR-CLAIM, 374 DR-ROAD

## boulder
SEATS  boulder, footprint 1x1, 2 blocks off a route  1 char = 1 block  x -88..87 across, z -88..87 down
KEY  1 the footprint seats with its minimum corner here  0 refused  space void
            -8        -7        -6        -5        -4        -3        -2        -1         0         1         2         3         4         5         6         7         8       
     87654321098765432109876543210987654321098765432109876543210987654321098765432109876543210123456789012345678901234567890123456789012345678901234567890123456789012345678901234567
 -88                                              1111000000000111                                                                                                                   
 -87                                              1000000000000000                                                                                                                   
 -86                                              1000000000000000                                                                                                                   
 -85                                             110000000000000001                                                                                                                  
 -84                                             000000000000000000                                                                                                                  
 -83                                             000000000000000000                                                                                                                  
 -82                                             000000000000000000                                                                                                                  
 -81                                             000000000000000000                                                                                                                  
 -80                                             000000000000000000                                                                                                                  
 -79                                             000000000000000000                                                                                                                  
 -78                                            00000000000000000000                                                                                                                 
 -77                                            00000000000000000000                                                    111111000000000000000                                        
 -76                                            00000000000000000000                                                    111111000000000000000                                        
 -75                                  1111111111111000000000000                                                         111111000000000000000       0000000000                       
 -74                                   111111111111000000000000                                                        0000000000000000000000       0000000000                       
 -73                                    11111111111000000000000                                                        0000000000000000000000       0000000000                       
 -72                                    11111111111111000000000                                                        0000000000000000000000       0000000000                       
 -71                                     1111111111111000000000                                                        00000000000000000000000      0000000000                       
 -70                                      111111111111000000000                                                        00000000000000000000000      0000000000                       
 -69                                     1111111111111000000000                                                        00000000000000000000000      0000000000                       
 -68                                    11111111111111000000000                                                       100000000000000000000000      0000000000                       
 -67                                   111111111111111000000000                                                       100000000000000000000000      0000000000                       
 -66                                  1111111111111111000000000                                                       100000000000000000000000      0000000000                       
 -65              000000000000011111111111111111111111111111111                                                            1110000000000000111      0000000000                       
 -64              000000000000000000000000000001111111111111111                                                            1010000000000011111      0000000000                       
 -63              000000000000000000000000000000000000000000000                                                            0000000000000011111      0000000000                       
 -62              000000000000000000000000000000000000000000000                                                            0001110000000111111      0000000000                       
 -61              000000000000000000000000000000000000000000000                                                            0001110000000011111      0000000000                       
 -60              00000000000000000000000000000000000000000000000011111111111111100                                        11111100000000111111     0000000000                       
 -59              00000000000000000000000000000000000000000000000011111111111111100                                        11111100000000011111     0000000000                       
 -58              00000000000000000000000000000000000000000000000011111111111111100                                        00000000000000000000     0000000000                       
 -57              00000000000000000000000000000000000000000000000011111111111111100                                        00000000000000000000     0000000000                       
 -56              00000000000000000000000000000000000000000000000111111111111111100                                        00000000000000000000     0000000000                       
 -55                                  000000000000000000000000000011111111111111100                    0011111111111111110000000000000000000000000000000000000         1             
 -54                                  000000000000000000000000000001111111111111100                    00111111111111111100000000000000000000000000000000000001       11             
 -53                                  000000000000000000000000000001111111111111100                    001111111110000111000000000000000000000000000000000000011    1111             
 -52                                  000000000000000000000000000000111111111111100                    0011111111000001110000000000000000000000000000000000000111  11111             
 -51                                  000000000011111111100000000000111111111111100                    00111111110000011111110001111111110001110000000000000001111111111             
 -50                            1110000000111100          0000000000011111111111100                    00111111110000011111111001111111111001110000000000000001111111111             
 -49                 000000011111110000000111111          1110000000011111111111100                    00111111111000011111111111111111111111110000000000000001111111111             
 -48            11100000000011111110000000011111          1110000000011111111111100                    00111111111110111110111111111111111111111000000000000001111111111             
 -47            00000000000011111110000000001111          1111000000011111111111100                    00111111111111111100011111111111111111100000000000000001111111111             
 -46            00000000000001111110000000001111          1111000000011111111111100                    00111111111111111100011111111111111111100000000000000011111111111             
 -45            00000000000001111110000000011111          1111000000001111111111100                    00111111111111111110                    1000000000000011111111111100          
 -44            00000000000000010000000000111111          1111000000001111111111100                    00111111111111111111                    10000000000000111111111111000000000   
 -43            00000000000000000000000000111111          1111100000001111111111100                    00111111111111111111                    10000000000000111111111111000000000111
 -42            00000000000000000000000000111111          1111100000000000011111100                    00111100000000000011                    10000000000000111111111000000000000000
 -41            00000000000000000000000000111111          1111100000000000011111100                    00111100000000000001                    10000000000000111111111000000000000000
 -40            00000000000000000000000000111111          1111100000000000011111100                    00111100000000000001                    10000000000000111111111000000000000000
 -39            00000000000000000000000000111111          1111100000000000011111100                    00111100000000000011                    10000000000000110000000000000000000000
 -38            00000000000000000000000000111111          1111100000000000011111100                    00111100000000000011                    10000000000000110000000000000000000000
 -37            00000000000000000000000000111111          1111100000000000011111100                    00111100000000000011                    10000000000000110000000000000000000000
 -36            00000000000000000000000000111111          1111100000000000011111100                    00111100000000000011                    10000000000000110000000000000000000000
 -35            00000000000000011110000000001111          1111000000000000011111100                    001111000000000000000111111111111111111000000000000000110000000000000000000000
 -34            00000000000000011110000000001111          1111000111111111111111100                    001111111111111111000111111111111111111000000000000000110000000000000000000000
 -33            00000000000000000110000000011111          1111111111111111111111100                    001111111111111111101111111111111111111000000000000000110000000000000000000000
 -32            11100000000010000110000000111111          1111111111111111111111100                    001111111111111111111111111111111111100000000000000000110000000000000000000000
 -31            11100000000011000110000000111100          0011111111111111111111100                    001111111111111111111110011111111110000000000000000000110000000000000000000000
 -30            111000000000          000011100011111111110011111111111111111111100                    00111111111111111111110000000000000000000000001000               0000000000000
 -29            111000000000          000011110011110011110011111111111111111111100                    00111111111111111111111000000000000000000000001000               0000000000000
 -28            111000000000          000011111111100000000111111111111111111111100                    00111111111111111111111100000000000000000000011000               0000000000000
 -27               000000000          111111111111100000000111111111111111111111100                    00111111111111111111111100000000000000000000111111               1000000000   
 -26                     000          111111111111100000000111111111111111111111100                    00111111111111111111111100000000000000000011111111               100          
 -25                                  110000011111100000000111111111111111111111100                    00111111111111111111111100000000000000001111111111                            
 -24                                  110000001111100000000111111111111111111111100                    00111111111111111111111100000000000111111111111111                            
 -23                                  110000011111100000000111111111111000001111100                    00111100000111111111111100000000111111111111111111                            
 -22                                  110000011111100000000111111111111011110011100                    00111101111001111111111100000000111111111111111111                            
 -21                                  111000111111100000000111111111110111111011100                    00111011111101111111111100000000111111111111111111                            
 -20                                  111111111111100000000111111111110111111011100                    00111011111101111111111100000000111111111111111111                            
 -19                                  111111111111100000000111111111110111111011100                    00111011111101111111111100000000111111111111111111                            
 -18                                  111111111111100000000111111111110111111011100                    00111011111101111111111111111111111111111111111111                            
 -17                                  111111111111100000000111111111110011110111100                    00111001111011111111111111111111111111111111111111                            
 -16                                  11111111111111111111111111111111110000011111                     11111110000011111111111111111111111111111111111111                            
 -15                                  1111111111111111111111111111111111111111111                       1111111111111111111111111111111111111111111111111                            
 -14                                  111111111111111111111111111111111111111111                         111111111111111111111111111111111111111111111111                            
 -13                                  11111111111111111111111111111111111111111                           11111111111111111111111111111111111111111111111                            
 -12                                  0000000000000000000000000000000000000001                             1100000000000000000000000000000000000000000000                            
 -11                                  000000000000000000000000000000000000000                               100000000000000000000000000000000000000000000                            
 -10                                                                                                                                                                                 
  -9                                                                                                                                                                                 
  -8                                                                                                                                                                                 
  -7                                                                                                                                                                                 
  -6                                                                                                                                                                                 
  -5                                                                                                                                                                                 
  -4                                                                                                                                                                                 
  -3                                                                                                                                                                                 
  -2                                                                                                                                                                                 
  -1                                                                                                                                                                                 
   0                                                                                                                                                                                 
   1                                                                                                                                                                                 
   2                                                                                                                                                                                 
   3                                                                                                                                                                                 
   4                                                                                                                                                                                 
   5                                                                                                                                                                                 
   6                                                                                                                                                                                 
   7                                                                                                                                                                                 
   8                                                                                                                                                                                 
   9                                                                                                                                                                                 
  10                             00000000000000000000000000000000000000000000                               1000000000000000000000000000000000000000                                 
  11                             000000000000000000000000000000000000000000001                             11000000000000000000000000000000000000000                                 
  12                             1111111111111111111111111111111111111111111111                           111111111111111111111111111111111111111111                                 
  13                             11111111111111111111111111111111111111111111111                         1111111111111111111111111111111111111111111                                 
  14                             111111111111111111111111111111111111111111111111                       11111111111111111111111111111111111111111111                                 
  15                             1111111111111111111111111111111111111100000111111                     111111000001111111111111111111111111111111111                                 
  16                             11111111111111111111111111111111111111011110011100                    001111011110011111111111000000001111111111111                                 
  17                             11111111111111111111111111111111111110111111011100                    001110111111011111111111000000001111111111111                                 
  18                             11111111111111111100000000111111111110111111011100                    001110111111011111111111000000001111111111111                                 
  19                             11111111111111111100000000111111111110111111011100                    001110111111011111111111000000001111111111111                                 
  20                             11111111111111111100000000111111111110111111011100                    001110111111011111111111000000001111111000111                                 
  21                             11111111111111111100000000111111111110011110111100                    001110011110111111111111000000001111110000011                                 
  22                             11111111111111111100000000111111111111100000111100                    001111100000111111111111000000001111110000011                                 
  23                             11111111111111100000000000111111111111111111111100                    001111111111111111111111000000001111100000011                                 
  24                             11111111110000000000000000111111111111111111111100                    001111111111111111111111000000001111110000011                                 
  25           000               11111111000000000000000000111111111111111111111100                    001111111111111111111111000000001111111111111          111                    
  26    1000000000               11111100000000000000000000111111111111111111111100                    001111111111111111111111000000001111111111111          100000000              
  27 1111000000000               11111000000000000000000000111111111111111111111100                    001111111111111111111111000000001111111111111          100000000011           
  28 1000000000000               00000000000000000000000000011111111111111111111100                    001111111111111111111110011110011110011111000          100000000011           
  29 1000000000000               00000000000000000000000000011111111111111111111100                    001111111111111111111100011111111100011111000          100000000011           
  30 100000000000000011111111100000000000000000000111111110011111111111111111111100                    0011111111111111111111100          00111110000000100011100000000011           
  31 000000000000000000000001100000000000000001111111111111111111111111111111111100                    0011111111111111111111111          11111110000000100001100000000011           
  32 000000000000000000000001100000000000000111111111111111111111111111111111111100                    0011111111111111111011111          11111110000000100011100000000011           
  33 000000000000000000000001100000000000000111111111111111111000111111111111111100                    0011111111111111110001111          11110000000000111100000000000000           
  34 000000000000000000000001100000000000000111111111111111111000000000000000111100                    0011111100000000000001111          11110000000000111100000000000000           
  35 00000000000000000000000110000000000000                    11000000000000111100                    0011111100000000000011111          11111110000000111100000000000000           
  36 00000000000000000000000110000000000001                    11000000000000111100                    0011111100000000000011111          11111110000000000000000000000000           
  37 00000000000000000000000110000000000001                    11000000000000111100                    0011111100000000000011111          11111110000000000000000000000000           
  38 00000000000000000000000110000000000001                    11000000000000111100                    0011111100000000000011111          11111110000000000000000000000000           
  39 00000000000000000000000110000000000001                    10000000000000111100                    0011111100000000000011111          11111100000000000000000000000000           
  40 10000000000000001111111110000000000001                    10000000000000111100                    0011111100000000000011111          11111100000000000000000000000000           
  41 10000000000000001111111110000000000001                    11000000000000111100                    0011111100000000000011111          11111110000000000000000000000000           
  42 10000000000000001111111110000000000001                    11111111111111111100                    0011111111111000000011111          11111110000000000000000000000000           
  43    10000000001111111111110000000000001                    11111111111111111100                    0011111111111000000011111          11111110000000001000000000000000           
  44           0001111111111110000000000000                    11111111111111111100                    0011111111111000000011111          11111110000000111110000000000000           
  45              11111111111100000000000000111111111111111111000111111111111111100                    0011111111111100000001111          11110000000000111110000000000000           
  46              11111111111100000000000000111111111111111111000111111111111111100                    0011111111111100000001111          11110000000001111111000000000000           
  47              11111111111000000000000001111111111111111111111111101111111111100                    0011111111111100000000111          11111110000000111111000000000000           
  48              11111111111000000000000001111111111111111111111111000011111111100                    0011111111111100000000111          11111110000000111111100000                 
  49              11111111111000000000000001110011111111110011111111000001111111100                    0011111111111100000000000          001111100000001                            
  50              11111111111000000000000001100011111111110011111111000001111111100                    001111111111111000000000011111111100010001000                                 
  51              11111 11111000000000000011110011110011110011111111000001111111100                    001111111111111000000000000000000000000000000                                 
  52              1111   1111000000000000000000000000000000000000011000011111111100                    001111111111111100000000000000000000000000000                                 
  53              11      111000000000000000000000000000000000000011111111111111100                    001111111111111100000000000000000000000000000                                 
  54              1        11000000000000000000000000000000000000011111111111111100                    001111111111111110000000000000000000000000000                                 
  55                        1000000000     00000000000000000000                                        00111111111111111100000000000000000000000000000000000000000000000             
  56                        1000000000     00000000000000000000                                        00111111111111111111000000000000000000000000000000000000000000000             
  57                        1000000000     00000000000000000000                                        00111111111111111100000000000000000000000000000000000000000000000             
  58                        1000000000     00010000000000000000                                        00111111111111111100000000000000000000000000000000000000000000000             
  59                        1000000000     11111100000000011111                                        00111111111111111100000000000000000000000000000000000000000000000             
  60                        1000000000     11111100000000011000                                                            000000000000000000000000000000000000000000000             
  61                        1000000000      1111110000000011000                                                            000000000000000000000000000000000000000000000             
  62                        1000000000      1111100000000011000                                                            000000000000000000000000000000000000000000000             
  63                        0000000000      1111100000000000001                                                            000000000000000000000000000000000000000000000             
  64                        0000000000      1110000000000000011                                                            111111111111111110000000000000000000000000000             
  65                        0000000000      110000000000000001111111                                                       111111111111111111111111                                  
  66                        0000000000      000000000000000000000000                                                       10000000001111111111111                                   
  67                        0000000000      000000000000000000000000                                                       1000000000111111111111                                    
  68                        0000000000      00000000000000000000000                                                        100000000011111111111                                     
  69                        0000000000      00000000000000000000000                                                        100000000011111111111                                     
  70                        0000000000      00000000000000000000000                                                        1000000000111111111111                                    
  71                        0000000000      00000000000000000000000                                                        10000000001111111111111                                   
  72                        0000000000       0000000000000000000000                                                        10000000001111111111111                                   
  73                        0000000000       0000000000000000000000                                                        000000000000011111111111                                  
  74                        0000000000       000000000000000000000                                                         0000000000000111111111111                                 
  75                                         100000000000000011111                                                    11100000000000000011                                           
  76                                         100000000000000011111                                                    00000000000000000000                                           
  77                                                                                                                  00000000000000000000                                           
  78                                                                                                                   000000000000000000                                            
  79                                                                                                                   000000000000000000                                            
  80                                                                                                                   000000000000000000                                            
  81                                                                                                                   000000000000000000                                            
  82                                                                                                                   000000000000000000                                            
  83                                                                                                                   000000000000000000                                            
  84                                                                                                                   000000000000000000                                            
  85                                                                                                                    1000000000000000                                             
  86                                                                                                                    1000000000000000                                             
  87                                                                                                                    1000000000000000                                             
seats 5718; refused 6224 DR-KEEP, 1018 DR-CLAIM, 188 DR-ROAD

## house
SEATS  house, footprint 9x7, no route standoff  1 char = 1 block  x -88..87 across, z -88..87 down
KEY  1 the footprint seats with its minimum corner here  0 refused  space void
            -8        -7        -6        -5        -4        -3        -2        -1         0         1         2         3         4         5         6         7         8       
     87654321098765432109876543210987654321098765432109876543210987654321098765432109876543210123456789012345678901234567890123456789012345678901234567890123456789012345678901234567
 -88                                              0000000000000000                                                                                                                   
 -87                                              0000000000000000                                                                                                                   
 -86                                              0000000000000000                                                                                                                   
 -85                                             000000000000000000                                                                                                                  
 -84                                             000000000000000000                                                                                                                  
 -83                                             000000000000000000                                                                                                                  
 -82                                             000000000000000000                                                                                                                  
 -81                                             000000000000000000                                                                                                                  
 -80                                             000000000000000000                                                                                                                  
 -79                                             000000000000000000                                                                                                                  
 -78                                            00000000000000000000                                                                                                                 
 -77                                            00000000000000000000                                                    000000000000000000000                                        
 -76                                            00000000000000000000                                                    000000000000000000000                                        
 -75                                  0000000000000000000000000                                                         000000000000000000000       0000000000                       
 -74                                   000000000000000000000000                                                        0000000000000000000000       0000000000                       
 -73                                    00000000000000000000000                                                        0000000000000000000000       0000000000                       
 -72                                    00000000000000000000000                                                        0000000000000000000000       0000000000                       
 -71                                     0000000000000000000000                                                        00000000000000000000000      0000000000                       
 -70                                      000000000000000000000                                                        00000000000000000000000      0000000000                       
 -69                                     0000000000000000000000                                                        00000000000000000000000      0000000000                       
 -68                                    00000000000000000000000                                                       000000000000000000000000      0000000000                       
 -67                                   000000000000000000000000                                                       000000000000000000000000      0000000000                       
 -66                                  0000000000000000000000000                                                       000000000000000000000000      0000000000                       
 -65              000000000000000000000000000000000000000000000                                                            0000000000000000000      0000000000                       
 -64              000000000000000000000000000000000000000000000                                                            0000000000000000000      0000000000                       
 -63              000000000000000000000000000000000000000000000                                                            0000000000000000000      0000000000                       
 -62              000000000000000000000000000000000000000000000                                                            0000000000000000000      0000000000                       
 -61              000000000000000000000000000000000000000000000                                                            0000000000000000000      0000000000                       
 -60              00000000000000000000000000000000000000000000000000000000000000000                                        00000000000000000000     0000000000                       
 -59              00000000000000000000000000000000000000000000000000000000000000000                                        00000000000000000000     0000000000                       
 -58              00000000000000000000000000000000000000000000000000000000000000000                                        00000000000000000000     0000000000                       
 -57              00000000000000000000000000000000000000000000000000000000000000000                                        00000000000000000000     0000000000                       
 -56              00000000000000000000000000000000000000000000000000000000000000000                                        00000000000000000000     0000000000                       
 -55                                  000000000000000000000000000000000000000000000                    0000000001000000000000000000000000000000000000000000000         0             
 -54                                  000000000000000000000000000000000000000000000                    00000000010000000000000000000000000000000000000000000000       00             
 -53                                  000000000000000000000000000000000000000000000                    000000000000000000000000000000000000000000000000000000000    0000             
 -52                                  000000000000000000000000000000000000000000000                    0000000000000000000000000000000000000000000000000000000000  00000             
 -51                                  000000000000000000000000000000000000000000000                    00000000000000000000000000000000000000000000000000000000000000000             
 -50                            0000000000000000          0000000000000000000000000                    00000000000000000000000000000000000000000000000000000000000000000             
 -49                 000000000000000000000000000          0000000000000000000000000                    00000000000000000000000000000000000000000000000000000000000000000             
 -48            00000000000000000000000000000000          0000000000000000000000000                    00000000000000000000000000000000000000000000000000000000000000000             
 -47            00000000000000000000000000000000          0000000000000000000000000                    00000000000000000000000000000000000000000000000000000000000000000             
 -46            00000000000000000000000000000000          0000000000000000000000000                    00000000000000000000000000000000000000000000000000000000000000000             
 -45            00000000000000000000000000000000          0000000000000000000000000                    00000000000000000000                    0000000000000000000000000000          
 -44            00000000000000000000000000000000          0000000000000000000000000                    00000000000000000000                    00000000000000000000000000000000000   
 -43            00000000000000000000000000000000          0000000000000000000000000                    00000000000000000000                    00000000000000000000000000000000000000
 -42            00000000000000000000000000000000          0000000000000000000000000                    00000000000000000000                    00000000000000000000000000000000000000
 -41            00000000000000000000000000000000          0000000000000000000000000                    00000000000000000000                    00000000000000000000000000000000000000
 -40            00000000000000000000000000000000          0000000000000000000000000                    00000000000000000000                    00000000000000000000000000000000000000
 -39            00000000000000000000000000000000          0000000000000000000000000                    00000000000000000000                    00000000000000000000000000000000000000
 -38            00000000000000000000000000000000          0000000000000000000000000                    00000000000000000000                    00000000000000000000000000000000000000
 -37            00000000000000000000000000000000          0000000000000000000000000                    00000000000000000000                    00000000000000000000000000000000000000
 -36            00000000000000000000000000000000          0000000000000000000000000                    00000000000000000000                    00000000000000000000000000000000000000
 -35            00000000000000000000000000000000          0000000000000000000000000                    000000000000000000000000000000000000000000000000000000000000000000000000000000
 -34            00000000000000000000000000000000          0000000000000000000000000                    000000000100000000000000000000000000000000000000000000000000000000000000000000
 -33            00000000000000000000000000000000          0000000000000000000000000                    000000000110000000000000000000000000000000000000000000000000000000000000000000
 -32            00000000000000000000000000000000          0000000000000000000000000                    000000000111000000000000000000000000000000000000000000000000000000000000000000
 -31            00000000000000000000000000000000          0000000000000000000000000                    000000000111000000000000000000000000000000000000000000000000000000000000000000
 -30            000000000000          000000000000000000000011111100000000000000000                    00000000011100000000000000000000000000000000000000               0000000000000
 -29            000000000000          000000000000000000000011100000000000000000000                    00000000000100000000000000000000000000000000000000               0000000000000
 -28            000000000000          000000000000000000000111100000000000000000000                    00000000000000000000000000000000000000000000000000               0000000000000
 -27               000000000          110000000000000000000111000000000000000000000                    00000000000000000000000000000000000000000100000000               0000000000   
 -26                     000          110000000000000000000111000000000000000000000                    00000000000001110000000000000000000000001100000000               000          
 -25                                  000000000000000000000000000000000000000000000                    00000000000000000000000000000000000000000000000000                            
 -24                                  000000000000000000000000000000000000000000000                    00000000000000000000000000000000000000000000000000                            
 -23                                  000000000000000000000000000000000000000000000                    00000000000000000000000000000000000000000000000000                            
 -22                                  000000000000000000000000000000000000000000000                    00000000000000000000000000000000000000000000000000                            
 -21                                  000000000000000000000000000000000000000000000                    00000000000000000000000000000000000000000000000000                            
 -20                                  000000000000000000000000000000000000000000000                    00000000000000000000000000000000000000000000000000                            
 -19                                  000000000000000000000000000000000000000000000                    00000000000000000000000000000000000000000000000000                            
 -18                                  000000000000000000000000000000000000000000000                    00000000000000000000000000000000000000000000000000                            
 -17                                  000000000000000000000000000000000000000000000                    00000000000000000000000000000000000000000000000000                            
 -16                                  00000000000000000000000000000000000000000000                     00000000000000000000000000000000000000000000000000                            
 -15                                  0000000000000000000000000000000000000000000                       0000000000000000000000000000000000000000000000000                            
 -14                                  000000000000000000000000000000000000000000                         000000000000000000000000000000000000000000000000                            
 -13                                  00000000000000000000000000000000000000000                           00000000000000000000000000000000000000000000000                            
 -12                                  0000000000000000000000000000000000000000                             0000000000000000000000000000000000000000000000                            
 -11                                  000000000000000000000000000000000000000                               000000000000000000000000000000000000000000000                            
 -10                                                                                                                                                                                 
  -9                                                                                                                                                                                 
  -8                                                                                                                                                                                 
  -7                                                                                                                                                                                 
  -6                                                                                                                                                                                 
  -5                                                                                                                                                                                 
  -4                                                                                                                                                                                 
  -3                                                                                                                                                                                 
  -2                                                                                                                                                                                 
  -1                                                                                                                                                                                 
   0                                                                                                                                                                                 
   1                                                                                                                                                                                 
   2                                                                                                                                                                                 
   3                                                                                                                                                                                 
   4                                                                                                                                                                                 
   5                                                                                                                                                                                 
   6                                                                                                                                                                                 
   7                                                                                                                                                                                 
   8                                                                                                                                                                                 
   9                                                                                                                                                                                 
  10                             00000000000000000000000000000000000000000000                               0000000000000000000000000000000000000000                                 
  11                             000000000000000000000000000000000000000000000                             00000000000000000000000000000000000000000                                 
  12                             0000000000000000000000000000000000000000000000                           000000000000000000000000000000000000000000                                 
  13                             00000000000000000000000000000000000000000000000                         0000000000000000000000000000000000000000000                                 
  14                             000000000000000000000000000000000000000000000000                       00000000000000000000000000000000000000000000                                 
  15                             0000000000000000000000000000000000000000000000000                     000000000000000000000000000000000000000000000                                 
  16                             00000000000000000000000000000000000000000000000000                    000000000000000000000000000000000000000000000                                 
  17                             00000000000000000000000000000000000000000000000000                    000000000000000000000000000000000000000000000                                 
  18                             00000000000000000000000000000000000000000000000000                    000000000000000000000000000000000000000000000                                 
  19                             11000000000000000000000000111000000000000000000000                    000000000000011100000000000000000001100000000                                 
  20                             10000000000000000000000000000000000000000000000000                    000000000000011100000000000000000001100000000                                 
  21                             00000000000000000000000000000000000000000000000000                    000000000000111100000000000000000001100000000                                 
  22                             00000000000000000000000000000010000000000000000000                    000000000000111000000000000000000000000000000                                 
  23                             00000000000000000000000000000011100000000000000000                    000000000111110000000000000000000000000000000                                 
  24                             00000000000000000000000000000011100000000000000000                    000000000000000000000000000000000000000000000                                 
  25           000               00000000000000000000000000000011100000000000000000                    000000000000000000000000000000000000000000000          000                    
  26    0000000000               00000000000000000000000000000011100000000000000000                    000000000000000000000000000000000000000000000          000000000              
  27 0000000000000               00000000000000000000000000000000100000000000000000                    000000000000000000000000000000000000000000000          000000000000           
  28 0000000000000               00000000000000000000000000000000000000000000000000                    000000000000000000000000000000000000000000000          000000000000           
  29 0000000000000               00000000000000000000000000000000000000000000000000                    000000000000000000000000000000000000000000000          000000000000           
  30 000000000000000000000000000000000000000000000000000000000000000000000000000000                    0000000000000000000000000          00000000000000000000000000000000           
  31 000000000000000000000000000000000000000000000000000000000000000000000000000000                    0000000000000000000000000          00000000000000000000000000000000           
  32 000000000000000000000000000000000000000000000000000000000000000000000000000000                    0000000000000000000000000          00000000000000000000000000000000           
  33 000000000000000000000000000000000000000000000000000000000000000000000000000000                    0000000000000000000000000          00000000000000000000000000000000           
  34 000000000000000000000000000000000000000000000000000000000000000000000000000000                    0000000000000000000000000          00000000000000000000000000000000           
  35 00000000000000000000000000000000000000                    00000000000000000000                    0000000000000000000000000          00000000000000000000000000000000           
  36 00000000000000000000000000000000000000                    00000000000000000000                    0000000000000000000000000          00000000000000000000000000000000           
  37 00000000000000000000000000000000000000                    00000000000000000000                    0000000000000000000000000          00000000000000000000000000000000           
  38 00000000000000000000000000000000000000                    00000000000000000000                    0000000000000000000000000          00000000000000000000000000000000           
  39 00000000000000000000000000000000000000                    00000000000000000000                    0000000000000000000000000          00000000000000000000000000000000           
  40 00000000000000000000000000000000000000                    00000000000000000000                    0000000000000000000000000          00000000000000000000000000000000           
  41 00000000000000000000000000000000000000                    00000000000000000000                    0000000000000000000000000          00000000000000000000000000000000           
  42 00000000000000000000000000000000000000                    00000000000000000000                    0000000000000000000000000          00000000000000000000000000000000           
  43    00000000000000000000000000000000000                    00000000000000000000                    0000000000000000000000000          00000000000000000000000000000000           
  44           0000000000000000000000000000                    00000000000000000000                    0000000000000000000000000          00000000000000000000000000000000           
  45              00000000000000000000000000000000000000000000000000000000000000000                    0000000000000000000000000          00000000000000000000000000000000           
  46              00000000000000000000000000000000000000000000000000000000000000000                    0000000000000000000000000          00000000000000000000000000000000           
  47              00000000000000000000000000000000000000000000000000000000000000000                    0000000000000000000000000          00000000000000000000000000000000           
  48              00000000000000000000000000000000000000000000000000000000000000000                    0000000000000000000000000          00000000000000000000000000                 
  49              00000000000000000000000000000000000000000000000000000000000000000                    0000000000000000000000000          000000000000000                            
  50              00000000000000000000000000000000000000000000000000000000000000000                    000000000000000000000000000000000000000000000                                 
  51              00000 00000000000000000000000000000000000000000000000000000000000                    000000000000000000000000000000000000000000000                                 
  52              0000   0000000000000000000000000000000000000000000000000000000000                    000000000000000000000000000000000000000000000                                 
  53              00      000000000000000000000000000000000000000000000000000000000                    000000000100000000000000000000000000000000000                                 
  54              0        00000000000000000000000000000000000000000000000000000000                    000000000000000000000000000000000000000000000                                 
  55                        0000000000     00000000000000000000                                        00000000000000000000000000000000000000000000000000000000000000000             
  56                        0000000000     00000000000000000000                                        00000000000000000000000000000000000000000000000000000000000000000             
  57                        0000000000     00000000000000000000                                        00000000000000000000000000000000000000000000000000000000000000000             
  58                        0000000000     00000000000000000000                                        00000000000000000000000000000000000000000000000000000000000000000             
  59                        0000000000     00000000000000000000                                        00000000000000000000000000000000000000000000000000000000000000000             
  60                        0000000000     00000000000000000000                                                            000000000000000000000000000000000000000000000             
  61                        0000000000      0000000000000000000                                                            000000000000000000000000000000000000000000000             
  62                        0000000000      0000000000000000000                                                            000000000000000000000000000000000000000000000             
  63                        0000000000      0000000000000000000                                                            000000000000000000000000000000000000000000000             
  64                        0000000000      0000000000000000000                                                            000000000000000000000000000000000000000000000             
  65                        0000000000      000000000000000000000000                                                       000000000000000000000000                                  
  66                        0000000000      000000000000000000000000                                                       00000000000000000000000                                   
  67                        0000000000      000000000000000000000000                                                       0000000000000000000000                                    
  68                        0000000000      00000000000000000000000                                                        000000000000000000000                                     
  69                        0000000000      00000000000000000000000                                                        000000000000000000000                                     
  70                        0000000000      00000000000000000000000                                                        0000000000000000000000                                    
  71                        0000000000      00000000000000000000000                                                        00000000000000000000000                                   
  72                        0000000000       0000000000000000000000                                                        00000000000000000000000                                   
  73                        0000000000       0000000000000000000000                                                        000000000000000000000000                                  
  74                        0000000000       000000000000000000000                                                         0000000000000000000000000                                 
  75                                         000000000000000000000                                                    00000000000000000000                                           
  76                                         000000000000000000000                                                    00000000000000000000                                           
  77                                                                                                                  00000000000000000000                                           
  78                                                                                                                   000000000000000000                                            
  79                                                                                                                   000000000000000000                                            
  80                                                                                                                   000000000000000000                                            
  81                                                                                                                   000000000000000000                                            
  82                                                                                                                   000000000000000000                                            
  83                                                                                                                   000000000000000000                                            
  84                                                                                                                   000000000000000000                                            
  85                                                                                                                    0000000000000000                                             
  86                                                                                                                    0000000000000000                                             
  87                                                                                                                    0000000000000000                                             
seats 89; refused 10009 DR-KEEP, 1216 DR-CLAIM, 1048 DR-SITE, 786 DR-PASS
