CLAIMS  1 char = 1 block  x -54..53 across, z -110..109 down
KEY  0 free  1 water  2 route  3 structure  4 tree  5 boulder  6 flora  7 spawn keep-out  8 door approach  9 goal clearance  a wool-room keep-out  b structure keep-out  space void
        -5        -4        -3        -2        -1         0         1         2         3         4         5   
     432109876543210987654321098765432109876543210987654321012345678901234567890123456789012345678901234567890123
-110 000000000444000000000000000000000000000000777777777777777777777777700000000044440000000000000000000000000000
-109 060000004444400004400000000000000000000000777777777777777777777777700060000444444000000000006666600000000000
-108 00000000444440004444060000000000000000000077bbbbbbbbbbbbbbbbbbbb77700000000044444000000000000666600000000000
-107 00000000444440055544460000000000000000000077bbbbbbbbbbbbbbbbbbbb77700000000044444000000000000000000444000000
-106 00000000444440055554000000000044000000000077bbbbbbbbbbbbbbbbbbbb77700000000004440000000550000000004444000000
-105 00000000000000555555000000004444400000000077bbbbbbbbbbbbbbbbbbbb77700000000000000000005555500000000444400000
-104 00000000000005555555000000004444400000000077bbbbbbbbbbbbbbbbbbbb77700000000000000000005555500000000400000000
-103 00000000000005555555000000004444400000000077bbbbbbbbbbbbbbbbbbbb77700000000000000000005555500000000000000000
-102 04000000000000555550000000004444000000000077bbbbbbbbbbbbbbbbbbbb77700000000000000000000555440000000000000000
-101 04440000000000005500000000000000000000000077bbbbbbbbbbbbbbbbbbbb77700000000000000000000044444000000000000000
-100 04440000000000000000000000000000000000000077bbbbbbbbbbbbbbbbbbbb7770000bbbbbbbbbbbbbbb0444444000000000000000
 -99 04440000000000000000000333333333333333000077bbbbbbbbbbbbbbbbbbbb777000b333333333333333b044444000000000000000
 -98 04440000000000000000000333333333333333000077bbbbbbbbbbbbbbbbbbbb777000b333333333333333b004444000000000000000
 -97 00000000660000000000000333333333333333000077bbbbbbbbbbbbbbbbbbbb777000b333333333333333b000000000055500000060
 -96 00500000660550000000000333333333333333000077bbbbbbbbbbbbbbbbbbbb777000b333333333333333b000000005555500000060
 -95 55555000555550000000000333333333333333000077bbbbbbbbbbbbbbbbbbbb777000b333333333333333b000000005555550000060
 -94 55555000555550000000000333333333333333000077bbbbbbbbbbbbbbbbbbbb777000b333333333333333b000000000555550000440
 -93 55555000555550000000000333333333333333000077bbbbbbbbbbbbbbbbbbbb777000b333333333333333b000000000055000000444
 -92 05550000655500000000000333333333333333000077bbbbbbbbbbbbbbbbbbbb777000b333333333333333b000000000000000000444
 -91 00000000666600000000000333333333333333000077bbbbbbbb2222bbbbbbbb777000b333333333333333b000000000000000004444
 -90 0000000066660000000000033333333333333300007777777772222227777777777000b3333333333333330000000000000000000044
 -89 000000000666000000000003333333333333330000777777777222222777777777700003333333333333330000000000000000066660
 -88 000000000000000000000000000000000000000000777772222222222777777777700000000005550000000000000000000000000000
 -87 000000022222222222222222222222222222222222222222222222222777777777700000000055555000000000000000000000000000
 -86 000002222222222222222222222222222222222222222222222222222277777777700000000055555000000000000000000000000000
 -85 000022222222222222222222222222222222222222222222222222222277777777700000000055555000000000000000000000000000
 -84 000222222222222222222222222222222222222222222222222222222277777777700000000005550000000000000000000000000000
 -83 000222222222222222222222222222222222222222222222222222222288888000000000000000000000000000000000000000000000
 -82 002222222222222222222222222222222222222222222222222222222288888000000000000000000000000000000000055000000000
 -81 002222222222222222222222222222222222222222222222222222222288888000000000000000000000000000000000555550000000
 -80 002222222222222222222222222222222222222222222228888822222288888000000000000000000000000000000000555550000000
 -79 022222222222222222222222222222222222222222222088888882222228888000000000000000000000000000000000555550000000
 -78 022222222222222222222222222222222222222222222088888882222228888000000000000000000000000000000000055500000000
 -77 022222222222222222222222222222222222222222222088888882222228888000000000000000000000000000000333333333333300
 -76 022222222222222222222222222222200022222222222088888882222228888000000000000000000000000000000333333333333300
 -75 022222222222222222200000000000000000022222222288888882222228888000000000000000000000000000000333333333333300
 -74 022222222222222000000000000000000000002222222288888882222228888000000000000000000000000000000333333333333300
 -73 022222222222222000000000000000000000002222222288888882222228888000000000000000000000000000000333333333333300
 -72 022222222222220000000000000000000000002222222288888882222228888000000000000000000000000000000333333333333300
 -71 022222222222220000000000000000000000002222222200000002222220000000000000000000000000000000000333333333333300
 -70 022222222222220099999999999999999999902222222200000002222220000000000000000000000000000000000333333333333300
 -69 022222222222220099999999999999999999902222222200000002222220000000000000000000000000000000000333333333333300
 -68 022222222222220099999999999999999999902222222200000002222220000000999999999999999999999000000333333333333300
 -67 022222222222220099999999999999999999902222222200000002222220000000999999999999999999999000000333333333333300
 -66 022222222222220099999999999999999999900222222220000002222220000000999999999999999999999000000000000000000000
 -65 022222222222220099999999999999999999900222222220000022222200000000999999999999999999999000000000000000000000
 -64 022222222222220099999999999999999999900222222220000022222200000000999999999999999999999000000000000000000000
 -63 022222222222220099999999999999999999900222222220000022222222200000999999999999999999999000000000000000000000
 -62 022222222222220099999999999999999999900222222220000022222222222222299999999999999999999000000000000055555000
 -61 022222222222220099999999999999999999900222222220000022222222222222222229999999999999999000000000000055555000
 -60 022222222222220099999999999999999999900222222220000022222222222222222222999999999999999000000000000555555000
 -59 022222222222220099999999999999999999900222222220000022222222222222222222999999999999999000000000000555555000
 -58 022222222222220099999999222299999999900222222220000022222222222222222222999999999999999000000000000055550000
 -57 022222222222220099999992222229999999900222222220000022222200022222222222999999999999999000000000000000000000
 -56 022222222222220099999922222222999999900222222220000022222200000000222229999999999999999000000000000000000000
 -55 022222222222220099999922222222999999900222222220000022222200000000999999999999999999999000000000000000000000
 -54 022222222222220099999222222222999999900222222220000022222200000000999999999999999999999000000000000000000000
 -53 022222222222222099999222222222999999900222222220000022222200000000999999999999999999999000000000000000000000
 -52 022222222222222229992222222229999999900222222220000222222000000000999999999999999999999000000000000000000000
 -51 022222222222222222222222222229999999900222222220000222222000000000999999999999999922229000000000000000000000
 -50 022222222222222222222222222299999999900222222220000222222000000000999999999999999222222000000000000000000000
 -49 022222222222222222222222222200000000000222222220000222222000000000999999999999999222222200000000000000000000
 -48 222222222222222222222222222000000000000222222220000222222000000000999999999999999222222220000000000000000000
 -47 222222220222222222222222220000000000000222222220000222222000000000000000000000000222222222000000000000000000
 -46 222222220022222222222222200000000000000222222220000222222000000000000000000000000022222222200000000000000000
 -45 222222220000222222222222000000000000000222222220000222222000000000000000000000000002222222220000000000000000
 -44 222222222000000022220000000000000000000222222220000222222000000000000000000000000000222222222000000000000000
 -43 022222222220000000000000000000000000000222222220000222222000000000000000000000000000022222222200000000000000
 -42 022222222222222200022222222222222222222222222220002222220000000000000000000000000000002222222220000000000000
 -41 022222222222222222222222222222222222222222222220002222220000000000000000000000000000000222222222000000000000
 -40 002222222222222222222222222222222222222222222220002222220000000000000000000000000000000022222222200000000000
 -39 000222222222222222222222222222222222222222222200002222223333333333333000000000000000000002222222220000000000
 -38 000022222222222222222222222222222222222222222200002222223333333333333000000000000000000000222222222200000000
 -37 000002222222222222222222222222222222222222222000022222223333333333333000000000000000000000222222222220000000
 -36 000000022222222222222222222222222222222222220000022222203333333333333000000000000000000000022222222222000000
 -35 000000000022222222222222222222222222222222000000022222203333333333333000000000000000000000002222222222200000
 -34 000000000000000022200000000000000000000000000000022222203333333333333000000000000000000000000022222222220000
 -33 000555000000000000000000000000000000000000000000222222203333333333333000000000000000000000000002222222222000
 -32 005555500000000000055500000000000000000000000000222222003333333333333000000000000000000000000000222222222200
 -31 005555500000000000055550000000000000000000000000222222003333333333333000000000000000000000000000022222222220
 -30 005555500000000000055500000000000000000000000002222222000000000000000000000000000000000000000000002222222222
 -29 000555000000000000555550000000000000000000000002222220000000000000000000000000000000000000000000000022222222
 -28 000000000000000000055000000000000000000000000002222220000000000000000000000000000000000000000000000002222222
 -27 000000000000000000000000000000000000000000000002222220000000000000000000000000000000000000000000000000222222
 -26                                                                                                             
 -25                                                                                                             
 -24                                                                                                             
 -23                                                                                                             
 -22                                                                                                             
 -21                                                                                                             
 -20                                                                                                             
 -19                                                                                                             
 -18                                                                                                             
 -17                                                                                                             
 -16           0000000000000000000000000000000000000000000000000000000000000000000000000000000000000000          
 -15           0000000000000000000000000000000000000000000000000000000000000000000000000000000000000000          
 -14           0000000000000000000000000000000000000000000000000000000000000000000000000000000000000000          
 -13           0000000000000000000000000000000000000000000000000000000000000000000000000000000000000000          
 -12           0000000000000000000000000000000000000000000000000000000000000000000000000000000000000000          
 -11           0000000000000111111000000000001111000000000000000111111111111111100100000000000000000000          
 -10           0000000000001111111111100000111111110000000000011111111111111111111111000000000000000000          
  -9           011110bbbbbb1111111111111111111111111111111111111111111111111111111111111111bb1110000100          
  -8           0111111bb1111111111111111111111111111111111111111111111111111111111111111111111111111110          
  -7           1111111111111111111111111111111111111111111111111111111111111111111111111111111111111110          
  -6           0111111111111111111111111111111111111111111111111111111111111111111111111111111111111110          
  -5           0111111111111111111111111111111111111111111111111111111111111111111111111111111111111110          
  -4           0b11111111111111111111111111111111111111111111111111111111111111111111111111111111111110          
  -3           0b111111111111111111111111111111111111111111111111111111111111111111111111111111111111b0          
  -2           0b111111111111111111111111111111111111111111111111111111111111111111111111111111111111b0          
  -1           0b111111111111111111111111111111111111111111111111111111111111111111111111111111111111b0          
   0           0b111111111111111111111111111111111111111111111111111111111111111111111111111111111111b0          
   1           0b111111111111111111111111111111111111111111111111111111111111111111111111111111111111b0          
   2           0b111111111111111111111111111111111111111111111111111111111111111111111111111111111111b0          
   3           01111111111111111111111111111111111111111111111111111111111111111111111111111111111111b0          
   4           0111111111111111111111111111111111111111111111111111111111111111111111111111111111111110          
   5           0111111111111111111111111111111111111111111111111111111111111111111111111111111111111110          
   6           0111111111111111111111111111111111111111111111111111111111111111111111111111111111111111          
   7           0111111111111111111111111111111111111111111111111111111111111111111111111111111bb1111110          
   8           0010000111bb1111111111111111111111111111111111111111111111111111111111111111bbbbbb011110          
   9           0000000000000000001111111111111111111111100000000000111111110000011111111111000000000000          
  10           0000000000000000000010011111111111111110000000000000001111000000000001111110000000000000          
  11           0000000000000000000000000000000000000000000000000000000000000000000000000000000000000000          
  12           0000000000000000000000000000000000000000000000000000000000000000000000000000000000000000          
  13           0000000000000000000000000000000000000000000000000000000000000000000000000000000000000000          
  14           0000000000000000000000000000000000000000000000000000000000000000000000000000000000000000          
  15           0000000000000000000000000000000000000000000000000000000000000000000000000000000000000000          
  16                                                                                                             
  17                                                                                                             
  18                                                                                                             
  19                                                                                                             
  20                                                                                                             
  21                                                                                                             
  22                                                                                                             
  23                                                                                                             
  24                                                                                                             
  25                                                                                                             
  26 222222000000000000000000000000000000000000000000000000022222200000000000000000000000000000000000000000000000
  27 222222200000000000000000000000000000000000000000000000022222200000000000000000000000000550000000000000000000
  28 222222220000000000000000000000000000000000000000000000022222200000000000000000000000055555000000000000555000
  29 222222222200000000000000000000000000000000000000000000222222200000000000000000000000005550000000000005555500
  30 022222222220000000000000000000000000000333333333333300222222000000000000000000000000055550000000000005555500
  31 002222222222000000000000000000000000000333333333333300222222000000000000000000000000005550000000000005555500
  32 000222222222200000000000000000000000000333333333333302222222000000000000000000000000000000000000000000555000
  33 000022222222220000000000000000000000000333333333333302222220000000000000000000000000000002220000000000000000
  34 000002222222222200000000000000000000000333333333333302222220000000222222222222222222222222222222220000000000
  35 000000222222222220000000000000000000000333333333333302222220000022222222222222222222222222222222222220000000
  36 000000022222222222000000000000000000000333333333333322222220000222222222222222222222222222222222222222200000
  37 000000002222222222000000000000000000000333333333333322222200002222222222222222222222222222222222222222220000
  38 000000000022222222200000000000000000000333333333333322222200002222222222222222222222222222222222222222222000
  39 000000000002222222220000000000000000000000000000000022222200022222222222222222222222222222222222222222222200
  40 000000000000222222222000000000000000000000000000000022222200022222222222222222222222222222222222222222222220
  41 000000000000022222222200000000000000000000000000000022222200022222222222222222222222222220002222222222222220
  42 000000000000002222222220000000000000000000000000000222222000022222222000000000000000000000000000022222222220
  43 000000000000000222222222000000000000000000000000000222222000022222222000000000000000000022220000000222222222
  44 000000000000000022222222200000000000000000000000000222222000022222222000000000000000222222222222000022222222
  45 000000000000000002222222220000000000000000000000000222222000022222222000000000000002222222222222220022222222
  46 000000000000000000222222222000000000000000000000000222222000022222222000000000000022222222222222222022222222
  47 000000000000000000022222222999999999999999000000000222222000022222222000000000000222222222222222222222222222
  48 000000000000000000002222222999999999999999000000000222222000022222222000000000002222222222222222222222222220
  49 000000000000000000000222222999999999999999000000000222222000022222222009999999992222222222222222222222222220
  50 000000000000000000000922229999999999999999000000000222222000022222222009999999922222222222222222222222222220
  51 000000000000000000000999999999999999999999000000000222222000022222222009999999922222222299922222222222222220
  52 000000000000000000000999999999999999999999000000002222220000022222222009999999222222222999990222222222222220
  53 000000000000000000000999999999999999999999000000002222220000022222222009999999222222222999990022222222222220
  54 000000000000000000000999999999999999999999000000002222220000022222222009999999222222229999990022222222222220
  55 000000000000000000000999999999999999922222000000002222220000022222222009999999222222229999990022222222222220
  56 000000000000000000000999999999999999222222222220002222220000022222222009999999922222299999990022222222222220
  57 000055550000000000000999999999999999222222222222222222220000022222222009999999992222999999990022222222222220
  58 000555555000000000000999999999999999222222222222222222220000022222222009999999999999999999990022222222222220
  59 000555555000000000000999999999999999222222222222222222220000022222222009999999999999999999990022222222222220
  60 000555550000000000000999999999999999922222222222222222220000022222222009999999999999999999990022222222222220
  61 000555550000000000000999999999999999999992222222222222220000022222222009999999999999999999990022222222222220
  62 000000000000000000000999999999999999999999000002222222220000022222222009999999999999999999990022222222222220
  63 000000000000000000000999999999999999999999000000002222220000022222222009999999999999999999990022222222222220
  64 000000000000000000000999999999999999999999000000002222220000022222222009999999999999999999990022222222222220
  65 000000000000000000000999999999999999999999000000022222200000022222222009999999999999999999990022222222222220
  66 003333333333333000000999999999999999999999000000022222200000002222222209999999999999999999990022222222222220
  67 003333333333333000000999999999999999999999000000022222200000002222222209999999999999999999990022222222222220
  68 003333333333333000000000000000000000000000000000022222200000002222222209999999999999999999990022222222222220
  69 003333333333333000000000000000000000000000000000022222200000002222222209999999999999999999990022222222222220
  70 003333333333333000000000000000000000000000000000022222200000002222222200000000000000000000000022222222222220
  71 003333333333333000000000000000000000000000000000022222200000002222222200000000000000000000000022222222222220
  72 003333333333333000000000000000000000000000000088822222288888882222222200000000000000000000000222222222222220
  73 003333333333333000000000000000000000000000000088822222288888882222222200000000000000000000000222222222222220
  74 003333333333333000000000000000000000000000000088822222288888882222222220000000000000000002222222222222222220
  75 003333333333333000000000000000000000000000000088822222288888888222222222220002222222222222222222222222222220
  76 003333333333333000000000000000000000000000000088822222288888888222222222222222222222222222222222222222222220
  77 000000005550000000000000000000000000000000000088822222288888888222222222222222222222222222222222222222222220
  78 000000055555000000000000000000000000000000000088822222288888888222222222222222222222222222222222222222222220
  79 000000055555000000000000000000000000000000000088882222228888822222222222222222222222222222222222222222222200
  80 000000055555000000000000000000000000000000000088882222222222222222222222222222222222222222222222222222222200
  81 000000000550000000000000000000000000000000000088882222222222222222222222222222222222222222222222222222222200
  82 000000000000000000000000000000000000000000000088882222222222222222222222222222222222222222222222222222222000
  83 000000000000000000000000000055500000000000000088882222222222222222222222222222222222222222222222222222222000
  84 000000000000000000000000000555550000000000777777772222222222222222222222222222222222222222222222222222220000
  85 000000000000000000000000000555550000000000777777772222222222222222222222222222222222222222222222222222200000
  86 000000000000000000000000000555550000000000777777777222222222222222222222222222222222222222222222222220000000
  87 000000000000000000000000000055500000000000777777777222222222277777700000000000000000000000000000000000000000
  88 000066666666666600000033333333333333300000777777777222222777777777700033333333333333300000000000000000000000
  89 4400000066666666000000333333333333333b0000777777777222222777777777700033333333333333300000000000000000000000
  90 444400006666666600000b333333333333333b000077bbbbbbbb2222bbbbbbbb77700033333333333333300000000000000000000000
  91 444000006666666000000b333333333333333b000077bbbbbbbbbbbbbbbbbbbb77700033333333333333300000000000555000005550
  92 444000006556660000000b333333333333333b000077bbbbbbbbbbbbbbbbbbbb77700033333333333333300000000005555500055555
  93 044000055555600000000b333333333333333b000077bbbbbbbbbbbbbbbbbbbb77700033333333333333300000000005555500055555
  94 000000055555500000000b333333333333333b000077bbbbbbbbbbbbbbbbbbbb77700033333333333333300000000005555500055555
  95 000000005555500000000b333333333333333b000077bbbbbbbbbbbbbbbbbbbb77700033333333333333300000000005500600000500
  96 000000005550000000000b333333333333333b000077bbbbbbbbbbbbbbbbbbbb77700033333333333333300000000000006660000000
  97 000000000000000444400b333333333333333b000077bbbbbbbbbbbbbbbbbbbb77700033333333333333300000000000000000004440
  98 000000000000000444440b333333333333333b000077bbbbbbbbbbbbbbbbbbbb77700033333333333333300000000000000000004440
  99 0000000000000004444440bbbbbbbbbbbbbbb0000077bbbbbbbbbbbbbbbbbbbb77700000000000000000000000000000000000004440
 100 00000000000000044444000000000000000000000077bbbbbbbbbbbbbbbbbbbb77700000000000000000000000550000000000004440
 101 00000000000000004455500000000000000000000077bbbbbbbbbbbbbbbbbbbb77700000000044440000000005555500000000000040
 102 00000000000000000555550000000000000000000077bbbbbbbbbbbbbbbbbbbb77700000000444440000000055555550000000000000
 103 00000000400000000555550000000000000000000077bbbbbbbbbbbbbbbbbbbb77700000000444440000000055555550000000000000
 104 00000444400000000555550000000000000000000077bbbbbbbbbbbbbbbbbbbb77700000000444440000000055555500000000000000
 105 00000044440000000005500000004440000000000077bbbbbbbbbbbbbbbbbbbb77700000000044000000000045555004444400000000
 106 00000044400000000000000000044444000000000077bbbbbbbbbbbbbbbbbbbb77700000000000000000000444555004444400000000
 107 00000000000000000000000000044444000000000077bbbbbbbbbbbbbbbbbbbb77700000000000000000000044440004444400000000
 108 000000000000000000000000000444444000000000777777777777777777777777700000000000000000000004400004444400000000
 109 000000000000000000000000000044440000000000777777777777777777777777700000000000000000000000000000444000000000
placed 56, declined 0
