## tree
SEATS  tree, footprint 1x1, 3 blocks off a route  1 char = 1 block  x -29..28 across, z -108..107 down
KEY  1 the footprint seats with its minimum corner here  0 refused  space void
             -2        -1         0         1         2        
     9876543210987654321098765432101234567890123456789012345678
-108  11111111111111111111110000000000000000000000000111111111 
-107  11111111111111111111110000000000000000000000000111111111 
-106  11111111111111111111110000000000000000000000000111111111 
-105  11111111111111111111110000000000000000000000000111111111 
-104  11111111111111111111110000000000000000000000000111111111 
-103  11111111111111111111110000000000000000000000000111111111 
-102  11111111111111111111110000000000000000000000000111111111 
-101  11111111111111111111110000000000000000000000000111111111 
-100  11111111111111111111110000000000000000000000000111111111 
 -99  11111111111111111111110000000000000000000000000111111111 
 -98  11111111111111111111110000000000000000000000000111111111 
 -97  11111111111111111111110000000000000000000000000111111111 
 -96  11111111111111111111110000000000000000000000000111111111 
 -95  11111111111111111111110000000000000000000000000111111111 
 -94  11111111111111111111110000000000000000000000000111111111 
 -93  11111111111111111111110000000000000000000000000111111111 
 -92  11111111111111111111110000000000000000000000000111111111 
 -91  11111111111111111111110000000000000000000000000111111111 
 -90  11111111111111111111110000000000000000000000000111111111 
 -89  11111111111111111111111111000000000000011111111111111111 
 -88  11111111111111111111111110000000000000011111111111111111 
 -87  11111111111111111111111110000000000000011111111111111111 
 -86  11111111111111111111111100000000000000011111111111111111 
 -85  11111111111111111111111000000000000000011111111111111111 
 -84  11111111111111111111110000000000000000011111111111111111 
 -83  11111111111111111111100000000000000000011111111111111111 
 -82  11111111111111111111100000000000000000011111111111111111 
 -81  11111111111111111111000000000000000000011111111111111111 
 -80  11111111111111111110000000000000000000011111111111111111 
 -79  11111111111111111100000000000000000000011111111111111111 
 -78  11111111111111111100000000000000000000011111111111111111 
 -77  11111111111111111000000000000000000000011111111111111111 
 -76  11111111111111110000000000000000000000011111111111111111 
 -75  11111111111111100000000000010000000000011111111111111111 
 -74  11111111111111100000000000010000000000011111111111111111 
 -73  11100000000000000000000000111111111111111111111111111111 
 -72  11100000000000000000000001111111111111111111111111111111 
 -71  11100000000000000000000011111111111111111111111111111111 
 -70  11100000000000000000000011111111111111111111111111111111 
 -69  11100000000000000000000011111111111111111111111111111111 
 -68  11100000000000000000000011111111111111111111111111111111 
 -67  11100000000000000000000011111111111111111111111111111111 
 -66  11100000000000000000000011111111111111111111111111111111 
 -65  11100000000000000000000011111111111111111111111111111111 
 -64  11100000000000000000000011111111111111111111111111111111 
 -63  11100000000000000000000011111111111111111111111111111111 
 -62  11100000000000000000000011111111111111111111111111111111 
 -61  11100000000000000000000011111111111111111111111111111111 
 -60  11100000000000000000000011111111111111111111111111111111 
 -59  11100000000000000000000011111111111111111111111111111111 
 -58  11100000000000000000000011111111111111111111111111111111 
 -57  11100000000000000000000011111111111111111111111111111111 
 -56  11100000000000000000000011111111111111111111111111111111 
 -55  11100000000000000000000011111111111111111111111111111111 
 -54  11100000000000000000000011111111111111111111111111111111 
 -53  11100000000000000000000011111111111111111111111111111111 
 -52  11111111110000000011111111111111111111111111111111111111 
 -51  11111111110000000011111111111111111111111111111111111111 
 -50  11111111110000000011111111111111111111111111111111111111 
 -49  11111111110000000011111111111111111111111111111111111111 
 -48  11111111110000000001111111111111111111111111111111111111 
 -47  11111111110000000001111111111111111111111111111111111111 
 -46  11111111110000000001111111111111111111111111111111111111 
 -45  11111111110000000001111111111111111111111111111111111111 
 -44  11111111110000000001111111111111111111111111111111111111 
 -43  11111111111000000001111111111111111111111111111111111111 
 -42  11111111111000000000111111111111111111111100000111111111 
 -41  111111111110000000001111111111111111111110000000111111111
 -40  11111111111000000000111111111111111111111000000011111111 
 -39  11111111111000000000011111111111111111111000000011111111 
 -38  11111111111100000000011111111111111111111000000011111111 
 -37  11111111111100000000011111111111111111111000000011111111 
 -36  11111111111100000000001111111111111111111000000011111111 
 -35  11111111111110000000001111111111111111111100000111111111 
 -34  11111111111110000000000111111111111111111111111111111111 
 -33  11111111111110000000000111111111111111111111111111111111 
 -32  11111111111111000000000111111111111111111111111111111111 
 -31  11111111111111000000000011111111111111111111111111111111 
 -30  11111111111111000000000011111111111111111111111111111111 
 -29  11111111111111100000000011111111111111111111111111111111 
 -28  11111111111111100000000001111111111111111111111111111111 
 -27  11111111111111100000000001111111111111111111111111111111 
 -26  11111111111111110000000001111111111111111111111111111111 
 -25  11111111111111110000000000111111111111111111111111111111 
 -24  11111111111111110000000000111111111111111111111111111111 
 -23  11111111111111111000000000111111111111111111111111111111 
 -22  11111111111111111000000000011111111111111111111111111111 
 -21  11111111111111111000000000011111111111111111111111111111 
 -20  11111111111111111100000000011111111111111111111111111111 
 -19  11111111111111111100000000011111111111111111111111111111 
 -18  11111111111111111100000000001111111111111111111111111111 
 -17  11111111111111111110000000001111111111111111111111111111 
 -16  11111111111111111110000000001111111111111111111111111111 
 -15  11111111111111111110000000001111111111111111111111111111 
 -14  11111111111111111111000000000111111111111111111111111111 
 -13  11111111111111111111000000000111111111111111111111111111 
 -12  11111111111111111111000000000111111111111111111111111111 
 -11  11111111111111111111000000000111111111111111111111111111 
 -10  11111111111111111111100000000111111111111111111111111111 
  -9  11111111111111111111100000000111111111111111111111111111 
  -8                                                           
  -7                                                           
  -6                                                           
  -5                                                           
  -4                                                           
  -3                                                           
  -2                                                           
  -1                                                           
   0                                                           
   1                                                           
   2                                                           
   3                                                           
   4                                                           
   5                                                           
   6                                                           
   7                                                           
   8  11111111111111111111111111100000000111111111111111111111 
   9  11111111111111111111111111100000000111111111111111111111 
  10  11111111111111111111111111100000000011111111111111111111 
  11  11111111111111111111111111100000000011111111111111111111 
  12  11111111111111111111111111100000000011111111111111111111 
  13  11111111111111111111111111100000000011111111111111111111 
  14  11111111111111111111111111110000000001111111111111111111 
  15  11111111111111111111111111110000000001111111111111111111 
  16  11111111111111111111111111110000000001111111111111111111 
  17  11111111111111111111111111110000000000111111111111111111 
  18  11111111111111111111111111111000000000111111111111111111 
  19  11111111111111111111111111111000000000111111111111111111 
  20  11111111111111111111111111111000000000011111111111111111 
  21  11111111111111111111111111111000000000011111111111111111 
  22  11111111111111111111111111111100000000011111111111111111 
  23  11111111111111111111111111111100000000001111111111111111 
  24  11111111111111111111111111111100000000001111111111111111 
  25  11111111111111111111111111111110000000001111111111111111 
  26  11111111111111111111111111111110000000000111111111111111 
  27  11111111111111111111111111111110000000000111111111111111 
  28  11111111111111111111111111111111000000000111111111111111 
  29  11111111111111111111111111111111000000000011111111111111 
  30  11111111111111111111111111111111000000000011111111111111 
  31  11111111111111111111111111111111100000000011111111111111 
  32  11111111111111111111111111111111100000000001111111111111 
  33  11111111111111111111111111111111100000000001111111111111 
  34  11111111100000111111111111111111110000000001111111111111 
  35  11111111000000011111111111111111110000000000111111111111 
  36  11111111000000011111111111111111111000000000111111111111 
  37  11111111000000011111111111111111111000000000111111111111 
  38  11111111000000011111111111111111111000000000011111111111 
  39  11111111000000011111111111111111111100000000011111111111 
  40 111111111000000011111111111111111111100000000011111111111 
  41  11111111100000111111111111111111111100000000011111111111 
  42  11111111111111111111111111111111111110000000011111111111 
  43  11111111111111111111111111111111111110000000001111111111 
  44  11111111111111111111111111111111111110000000001111111111 
  45  11111111111111111111111111111111111110000000001111111111 
  46  11111111111111111111111111111111111110000000001111111111 
  47  11111111111111111111111111111111111110000000001111111111 
  48  11111111111111111111111111111111111111000000001111111111 
  49  11111111111111111111111111111111111111000000001111111111 
  50  11111111111111111111111111111111111111000000001111111111 
  51  11111111111111111111111111111111111111000000001111111111 
  52  11111111111111111111111111111111000000000000000000000111 
  53  11111111111111111111111111111111000000000000000000000111 
  54  11111111111111111111111111111111000000000000000000000111 
  55  11111111111111111111111111111111000000000000000000000111 
  56  11111111111111111111111111111111000000000000000000000111 
  57  11111111111111111111111111111111000000000000000000000111 
  58  11111111111111111111111111111111000000000000000000000111 
  59  11111111111111111111111111111111000000000000000000000111 
  60  11111111111111111111111111111111000000000000000000000111 
  61  11111111111111111111111111111111000000000000000000000111 
  62  11111111111111111111111111111111000000000000000000000111 
  63  11111111111111111111111111111111000000000000000000000111 
  64  11111111111111111111111111111111000000000000000000000111 
  65  11111111111111111111111111111111000000000000000000000111 
  66  11111111111111111111111111111111000000000000000000000111 
  67  11111111111111111111111111111111000000000000000000000111 
  68  11111111111111111111111111111111000000000000000000000111 
  69  11111111111111111111111111111111000000000000000000000111 
  70  11111111111111111111111111111111000000000000000000000111 
  71  11111111111111111111111111111110000000000000000000000111 
  72  11111111111111111111111111111100000000000000000000000111 
  73  11111111111111111111111111111000000000000111111111111111 
  74  11111111111111111100000000000000000000000111111111111111 
  75  11111111111111111100000000000000000000001111111111111111 
  76  11111111111111111100000000000000000000011111111111111111 
  77  11111111111111111100000000000000000000111111111111111111 
  78  11111111111111111100000000000000000000111111111111111111 
  79  11111111111111111100000000000000000001111111111111111111 
  80  11111111111111111100000000000000000011111111111111111111 
  81  11111111111111111100000000000000000111111111111111111111 
  82  11111111111111111100000000000000000111111111111111111111 
  83  11111111111111111100000000000000001111111111111111111111 
  84  11111111111111111100000000000000011111111111111111111111 
  85  11111111111111111100000000000000111111111111111111111111 
  86  11111111111111111100000000000001111111111111111111111111 
  87  11111111111111111100000000000001111111111111111111111111 
  88  11111111111111111100000000000011111111111111111111111111 
  89  11111111111111111100000000000111111111111111111111111111 
  90  11111111110000000000000000000000000111111111111111111111 
  91  11111111110000000000000000000000000111111111111111111111 
  92  11111111110000000000000000000000000111111111111111111111 
  93  11111111110000000000000000000000000111111111111111111111 
  94  11111111110000000000000000000000000111111111111111111111 
  95  11111111110000000000000000000000000111111111111111111111 
  96  11111111110000000000000000000000000111111111111111111111 
  97  11111111110000000000000000000000000111111111111111111111 
  98  11111111110000000000000000000000000111111111111111111111 
  99  11111111110000000000000000000000000111111111111111111111 
 100  11111111110000000000000000000000000111111111111111111111 
 101  11111111110000000000000000000000000111111111111111111111 
 102  11111111110000000000000000000000000111111111111111111111 
 103  11111111110000000000000000000000000111111111111111111111 
 104  11111111110000000000000000000000000111111111111111111111 
 105  11111111110000000000000000000000000111111111111111111111 
 106  11111111110000000000000000000000000111111111111111111111 
 107  11111111110000000000000000000000000111111111111111111111 
seats 7901; refused 1266 DR-KEEP, 772 OB19, 680 DR-CLAIM, 583 DR-ROAD

## boulder
SEATS  boulder, footprint 1x1, 2 blocks off a route  1 char = 1 block  x -29..28 across, z -108..107 down
KEY  1 the footprint seats with its minimum corner here  0 refused  space void
             -2        -1         0         1         2        
     9876543210987654321098765432101234567890123456789012345678
-108  11111111111111111111110000000000000000000000000111111111 
-107  11111111111111111111110000000000000000000000000111111111 
-106  11111111111111111111110000000000000000000000000111111111 
-105  11111111111111111111110000000000000000000000000111111111 
-104  11111111111111111111110000000000000000000000000111111111 
-103  11111111111111111111110000000000000000000000000111111111 
-102  11111111111111111111110000000000000000000000000111111111 
-101  11111111111111111111110000000000000000000000000111111111 
-100  11111111111111111111110000000000000000000000000111111111 
 -99  11111111111111111111110000000000000000000000000111111111 
 -98  11111111111111111111110000000000000000000000000111111111 
 -97  11111111111111111111110000000000000000000000000111111111 
 -96  11111111111111111111110000000000000000000000000111111111 
 -95  11111111111111111111110000000000000000000000000111111111 
 -94  11111111111111111111110000000000000000000000000111111111 
 -93  11111111111111111111110000000000000000000000000111111111 
 -92  11111111111111111111110000000000000000000000000111111111 
 -91  11111111111111111111110000000000000000000000000111111111 
 -90  11111111111111111111110000000000000000000000000111111111 
 -89  11111111111111111111111111110000000000011111111111111111 
 -88  11111111111111111111111111100000000000011111111111111111 
 -87  11111111111111111111111111000000000000011111111111111111 
 -86  11111111111111111111111111000000000000011111111111111111 
 -85  11111111111111111111111110000000000000011111111111111111 
 -84  11111111111111111111111100000000000000011111111111111111 
 -83  11111111111111111111111000000000000000011111111111111111 
 -82  11111111111111111111110000000000000000011111111111111111 
 -81  11111111111111111111110000000000000000011111111111111111 
 -80  11111111111111111111100000000000000000011111111111111111 
 -79  11111111111111111111000000000000000000011111111111111111 
 -78  11111111111111111110000000000000000000011111111111111111 
 -77  11111111111111111110000000010000000000011111111111111111 
 -76  11111111111111111100000000110000000000011111111111111111 
 -75  11111111111111111000000000110000000000011111111111111111 
 -74  11111111111111110000000001110000000000011111111111111111 
 -73  11100000000000000000000011111111111111111111111111111111 
 -72  11100000000000000000000011111111111111111111111111111111 
 -71  11100000000000000000000011111111111111111111111111111111 
 -70  11100000000000000000000011111111111111111111111111111111 
 -69  11100000000000000000000011111111111111111111111111111111 
 -68  11100000000000000000000011111111111111111111111111111111 
 -67  11100000000000000000000011111111111111111111111111111111 
 -66  11100000000000000000000011111111111111111111111111111111 
 -65  11100000000000000000000011111111111111111111111111111111 
 -64  11100000000000000000000011111111111111111111111111111111 
 -63  11100000000000000000000011111111111111111111111111111111 
 -62  11100000000000000000000011111111111111111111111111111111 
 -61  11100000000000000000000011111111111111111111111111111111 
 -60  11100000000000000000000011111111111111111111111111111111 
 -59  11100000000000000000000011111111111111111111111111111111 
 -58  11100000000000000000000011111111111111111111111111111111 
 -57  11100000000000000000000011111111111111111111111111111111 
 -56  11100000000000000000000011111111111111111111111111111111 
 -55  11100000000000000000000011111111111111111111111111111111 
 -54  11100000000000000000000011111111111111111111111111111111 
 -53  11100000000000000000000011111111111111111111111111111111 
 -52  11111111111000000111111111111111111111111111111111111111 
 -51  11111111111000000111111111111111111111111111111111111111 
 -50  11111111111000000111111111111111111111111111111111111111 
 -49  11111111111000000111111111111111111111111111111111111111 
 -48  11111111111000000111111111111111111111111111111111111111 
 -47  11111111111000000011111111111111111111111111111111111111 
 -46  11111111111000000011111111111111111111111111111111111111 
 -45  11111111111000000011111111111111111111111111111111111111 
 -44  11111111111100000011111111111111111111111111111111111111 
 -43  11111111111100000011111111111111111111111111111111111111 
 -42  11111111111100000011111111111111111111111100000111111111 
 -41  111111111111000000011111111111111111111110000000111111111
 -40  11111111111100000001111111111111111111111000000011111111 
 -39  11111111111110000001111111111111111111111000000011111111 
 -38  11111111111110000000111111111111111111111000000011111111 
 -37  11111111111110000000111111111111111111111000000011111111 
 -36  11111111111111000000111111111111111111111000000011111111 
 -35  11111111111111000000011111111111111111111100000111111111 
 -34  11111111111111000000011111111111111111111111111111111111 
 -33  11111111111111100000001111111111111111111111111111111111 
 -32  11111111111111100000001111111111111111111111111111111111 
 -31  11111111111111100000001111111111111111111111111111111111 
 -30  11111111111111110000000111111111111111111111111111111111 
 -29  11111111111111110000000111111111111111111111111111111111 
 -28  11111111111111110000000111111111111111111111111111111111 
 -27  11111111111111111000000011111111111111111111111111111111 
 -26  11111111111111111000000011111111111111111111111111111111 
 -25  11111111111111111000000011111111111111111111111111111111 
 -24  11111111111111111100000001111111111111111111111111111111 
 -23  11111111111111111100000001111111111111111111111111111111 
 -22  11111111111111111100000001111111111111111111111111111111 
 -21  11111111111111111110000000111111111111111111111111111111 
 -20  11111111111111111110000000111111111111111111111111111111 
 -19  11111111111111111110000000111111111111111111111111111111 
 -18  11111111111111111111000000111111111111111111111111111111 
 -17  11111111111111111111000000011111111111111111111111111111 
 -16  11111111111111111111000000011111111111111111111111111111 
 -15  11111111111111111111100000011111111111111111111111111111 
 -14  11111111111111111111100000011111111111111111111111111111 
 -13  11111111111111111111100000001111111111111111111111111111 
 -12  11111111111111111111100000001111111111111111111111111111 
 -11  11111111111111111111110000001111111111111111111111111111 
 -10  11111111111111111111110000001111111111111111111111111111 
  -9  11111111111111111111110000001111111111111111111111111111 
  -8                                                           
  -7                                                           
  -6                                                           
  -5                                                           
  -4                                                           
  -3                                                           
  -2                                                           
  -1                                                           
   0                                                           
   1                                                           
   2                                                           
   3                                                           
   4                                                           
   5                                                           
   6                                                           
   7                                                           
   8  11111111111111111111111111110000001111111111111111111111 
   9  11111111111111111111111111110000001111111111111111111111 
  10  11111111111111111111111111110000001111111111111111111111 
  11  11111111111111111111111111110000000111111111111111111111 
  12  11111111111111111111111111110000000111111111111111111111 
  13  11111111111111111111111111111000000111111111111111111111 
  14  11111111111111111111111111111000000111111111111111111111 
  15  11111111111111111111111111111000000011111111111111111111 
  16  11111111111111111111111111111000000011111111111111111111 
  17  11111111111111111111111111111100000011111111111111111111 
  18  11111111111111111111111111111100000001111111111111111111 
  19  11111111111111111111111111111100000001111111111111111111 
  20  11111111111111111111111111111100000001111111111111111111 
  21  11111111111111111111111111111110000000111111111111111111 
  22  11111111111111111111111111111110000000111111111111111111 
  23  11111111111111111111111111111110000000111111111111111111 
  24  11111111111111111111111111111111000000011111111111111111 
  25  11111111111111111111111111111111000000011111111111111111 
  26  11111111111111111111111111111111000000011111111111111111 
  27  11111111111111111111111111111111100000001111111111111111 
  28  11111111111111111111111111111111100000001111111111111111 
  29  11111111111111111111111111111111100000001111111111111111 
  30  11111111111111111111111111111111110000000111111111111111 
  31  11111111111111111111111111111111110000000111111111111111 
  32  11111111111111111111111111111111110000000111111111111111 
  33  11111111111111111111111111111111111000000011111111111111 
  34  11111111100000111111111111111111111000000011111111111111 
  35  11111111000000011111111111111111111100000011111111111111 
  36  11111111000000011111111111111111111100000001111111111111 
  37  11111111000000011111111111111111111100000001111111111111 
  38  11111111000000011111111111111111111110000001111111111111 
  39  11111111000000011111111111111111111110000000111111111111 
  40 111111111000000011111111111111111111110000000111111111111 
  41  11111111100000111111111111111111111111000000111111111111 
  42  11111111111111111111111111111111111111000000111111111111 
  43  11111111111111111111111111111111111111000000111111111111 
  44  11111111111111111111111111111111111111000000011111111111 
  45  11111111111111111111111111111111111111000000011111111111 
  46  11111111111111111111111111111111111111000000011111111111 
  47  11111111111111111111111111111111111111100000011111111111 
  48  11111111111111111111111111111111111111100000011111111111 
  49  11111111111111111111111111111111111111100000011111111111 
  50  11111111111111111111111111111111111111100000011111111111 
  51  11111111111111111111111111111111111111100000011111111111 
  52  11111111111111111111111111111111000000000000000000000111 
  53  11111111111111111111111111111111000000000000000000000111 
  54  11111111111111111111111111111111000000000000000000000111 
  55  11111111111111111111111111111111000000000000000000000111 
  56  11111111111111111111111111111111000000000000000000000111 
  57  11111111111111111111111111111111000000000000000000000111 
  58  11111111111111111111111111111111000000000000000000000111 
  59  11111111111111111111111111111111000000000000000000000111 
  60  11111111111111111111111111111111000000000000000000000111 
  61  11111111111111111111111111111111000000000000000000000111 
  62  11111111111111111111111111111111000000000000000000000111 
  63  11111111111111111111111111111111000000000000000000000111 
  64  11111111111111111111111111111111000000000000000000000111 
  65  11111111111111111111111111111111000000000000000000000111 
  66  11111111111111111111111111111111000000000000000000000111 
  67  11111111111111111111111111111111000000000000000000000111 
  68  11111111111111111111111111111111000000000000000000000111 
  69  11111111111111111111111111111111000000000000000000000111 
  70  11111111111111111111111111111111000000000000000000000111 
  71  11111111111111111111111111111111000000000000000000000111 
  72  11111111111111111111111111111111000000000000000000000111 
  73  11111111111111111111111111111110000000001111111111111111 
  74  11111111111111111100000000000100000000011111111111111111 
  75  11111111111111111100000000000100000000111111111111111111 
  76  11111111111111111100000000000000000001111111111111111111 
  77  11111111111111111100000000000000000001111111111111111111 
  78  11111111111111111100000000000000000011111111111111111111 
  79  11111111111111111100000000000000000111111111111111111111 
  80  11111111111111111100000000000000001111111111111111111111 
  81  11111111111111111100000000000000001111111111111111111111 
  82  11111111111111111100000000000000011111111111111111111111 
  83  11111111111111111100000000000000111111111111111111111111 
  84  11111111111111111100000000000001111111111111111111111111 
  85  11111111111111111100000000000011111111111111111111111111 
  86  11111111111111111100000000000011111111111111111111111111 
  87  11111111111111111100000000000111111111111111111111111111 
  88  11111111111111111100000000000111111111111111111111111111 
  89  11111111111111111100000000000111111111111111111111111111 
  90  11111111110000000000000000000000000111111111111111111111 
  91  11111111110000000000000000000000000111111111111111111111 
  92  11111111110000000000000000000000000111111111111111111111 
  93  11111111110000000000000000000000000111111111111111111111 
  94  11111111110000000000000000000000000111111111111111111111 
  95  11111111110000000000000000000000000111111111111111111111 
  96  11111111110000000000000000000000000111111111111111111111 
  97  11111111110000000000000000000000000111111111111111111111 
  98  11111111110000000000000000000000000111111111111111111111 
  99  11111111110000000000000000000000000111111111111111111111 
 100  11111111110000000000000000000000000111111111111111111111 
 101  11111111110000000000000000000000000111111111111111111111 
 102  11111111110000000000000000000000000111111111111111111111 
 103  11111111110000000000000000000000000111111111111111111111 
 104  11111111110000000000000000000000000111111111111111111111 
 105  11111111110000000000000000000000000111111111111111111111 
 106  11111111110000000000000000000000000111111111111111111111 
 107  11111111110000000000000000000000000111111111111111111111 
seats 8192; refused 1266 DR-KEEP, 772 OB19, 680 DR-CLAIM, 292 DR-ROAD

## house
SEATS  house, footprint 9x7, no route standoff  1 char = 1 block  x -29..28 across, z -108..107 down
KEY  1 the footprint seats with its minimum corner here  0 refused  space void
             -2        -1         0         1         2        
     9876543210987654321098765432101234567890123456789012345678
-108  11000000011111000000000000000000000000000000000100000000 
-107  11000000011111000000000000000000000000000000000100000000 
-106  00000000000000000000000000000000000000000000000000000000 
-105  00000000000000000000000000000000000000000000000000000000 
-104  00000000000000000000000000000000000000000000000000000000 
-103  00000000000000000000000000000000000000000000000000000000 
-102  00000000000000000000000000000000000000000000000000000000 
-101  00000000000000000000000000000000000000000000000000000000 
-100  00000000000000000000000000000000000000000000000000000000 
 -99  11000000011111000000000000000000000000000000000100000000 
 -98  11000000011111000000000000000000000000000000000100000000 
 -97  11000000011111000000000000000000000000000000000100000000 
 -96  11000000011111000000000000000000000000000000000100000000 
 -95  11000000011111000000000000000000000000000000000100000000 
 -94  11000000011111000000000000000000000000000000000100000000 
 -93  11000000011111000000000000000000000000000000000100000000 
 -92  11000000011111000000000000000000000000000000000100000000 
 -91  11000000011111000000000000000000000000000000000100000000 
 -90  11000000011111000000000000000000000000000000000100000000 
 -89  11000000011111111000000000000000000000000000001100000000 
 -88  11000000011111110000000000000000000000000000001100000000 
 -87  11000000011111100000000000000000000000000000001100000000 
 -86  11000000011111100000000000000000000000000000001100000000 
 -85  11000000011111000000000000000000000000000000001100000000 
 -84  11000000011110000000000000000000000000000000001100000000 
 -83  11000000011100000000000000000000000000000000001100000000 
 -82  11000000011100000000000000000000000000000000001100000000 
 -81  11000000011000000000000000000000000000000000001100000000 
 -80  11000000010000000000000000000000000000000000001100000000 
 -79  00000000000000000000000000000000000000000000001100000000 
 -78  00000000000000000000000000000000000000000000001100000000 
 -77  00000000000000000000000000000000000000000000001100000000 
 -76  00000000000000000000000000000000000000000000001100000000 
 -75  00000000000000000000000000000000000000000000001100000000 
 -74  00000000000000000000000000000000000000000000001100000000 
 -73  00000000000000000000000011111111111111100000001100000000 
 -72  00000000000000000000000011111111111111100000001100000000 
 -71  00000000000000000000000011111111111111100000001100000000 
 -70  00000000000000000000000011111111111111100000001100000000 
 -69  00000000000000000000000011111111111111100000001100000000 
 -68  00000000000000000000000011111111111111100000001100000000 
 -67  00000000000000000000000011111111111111100000001100000000 
 -66  00000000000000000000000011111111111111100000001100000000 
 -65  00000000000000000000000011111111111111100000001100000000 
 -64  00000000000000000000000011111111111111100000001100000000 
 -63  00000000000000000000000011111111111111100000001100000000 
 -62  00000000000000000000000011111111111111100000001100000000 
 -61  00000000000000000000000011111111111111100000001100000000 
 -60  00000000000000000000000011111111111111100000001100000000 
 -59  00000000000000000000000011111111111111100000001100000000 
 -58  00000000000000000000000011111111111111100000001100000000 
 -57  00000000000000000000000011111111111111100000001100000000 
 -56  00000000000000000000000011111111111111100000001100000000 
 -55  00000000000000000000000011111111111111100000001100000000 
 -54  00000000000000000000000011111111111111100000001100000000 
 -53  00000000000000000000000011111111111111100000001100000000 
 -52  11000000000000000111111111111111111111100000001100000000 
 -51  11000000000000000111111111111111111111100000001100000000 
 -50  11000000000000000111111111111111111111100000001100000000 
 -49  11000000000000000111111111111111111111100000001100000000 
 -48  11000000000000000111111111111111110000000000000100000000 
 -47  11000000000000000111111111111111100000000000000000000000 
 -46  11000000000000000011111111111111100000000000000000000000 
 -45  11000000000000000011111111111111100000000000000000000000 
 -44  11000000000000000011111111111111100000000000000000000000 
 -43  11000000000000000001111111111111100000000000000000000000 
 -42  11000000000000000001111111111111100000000000000000000000 
 -41  110000000000000000011111111111111000000000000000000000000
 -40  11000000000000000000111111111111100000000000000000000000 
 -39  11000000000000000000111111111111100000000000000000000000 
 -38  11000000000000000000011111111111100000000000000000000000 
 -37  11000000000000000000011111111111100000000000000000000000 
 -36  11000000000000000000011111111111100000000000000000000000 
 -35  11000000000000000000001111111111110000000000000100000000 
 -34  11000000000000000000001111111111111111100000001100000000 
 -33  11000000000000000000001111111111111111100000001100000000 
 -32  11000000000000000000000111111111111111100000001100000000 
 -31  11000000000000000000000111111111111111100000001100000000 
 -30  11000000000000000000000111111111111111100000001100000000 
 -29  11000000000000000000000011111111111111100000001100000000 
 -28  11000000010000000000000011111111111111100000001100000000 
 -27  11000000010000000000000011111111111111100000001100000000 
 -26  11000000010000000000000001111111111111100000001100000000 
 -25  11000000011000000000000001111111111111100000001100000000 
 -24  11000000011000000000000001111111111111100000001100000000 
 -23  00000000000000000000000000000000000000000000000000000000 
 -22  00000000000000000000000000000000000000000000000000000000 
 -21  00000000000000000000000000000000000000000000000000000000 
 -20  00000000000000000000000000000000000000000000000000000000 
 -19  00000000000000000000000000000000000000000000000000000000 
 -18  00000000000000000000000000000000000000000000000000000000 
 -17  00000000000000000000000000000000000000000000000000000000 
 -16  11000000011111000000000000011111111111100000001100000000 
 -15  11000000011111000000000000011111111111100000001100000000 
 -14  00000000000000000000000000000000000000000000000000000000 
 -13  00000000000000000000000000000000000000000000000000000000 
 -12  00000000000000000000000000000000000000000000000000000000 
 -11  00000000000000000000000000000000000000000000000000000000 
 -10  00000000000000000000000000000000000000000000000000000000 
  -9  00000000000000000000000000000000000000000000000000000000 
  -8                                                           
  -7                                                           
  -6                                                           
  -5                                                           
  -4                                                           
  -3                                                           
  -2                                                           
  -1                                                           
   0                                                           
   1                                                           
   2                                                           
   3                                                           
   4                                                           
   5                                                           
   6                                                           
   7                                                           
   8  11000000011111111111100000000000001111100000001100000000 
   9  11000000011111111111100000000000001111100000001100000000 
  10  00000000000000000000000000000000000000000000000000000000 
  11  00000000000000000000000000000000000000000000000000000000 
  12  00000000000000000000000000000000000000000000000000000000 
  13  00000000000000000000000000000000000000000000000000000000 
  14  00000000000000000000000000000000000000000000000000000000 
  15  00000000000000000000000000000000000000000000000000000000 
  16  00000000000000000000000000000000000000000000000000000000 
  17  11000000011111111111111000000000000001100000001100000000 
  18  11000000011111111111111000000000000001100000001100000000 
  19  11000000011111111111111000000000000000100000001100000000 
  20  11000000011111111111111100000000000000100000001100000000 
  21  11000000011111111111111100000000000000100000001100000000 
  22  11000000011111111111111100000000000000000000001100000000 
  23  11000000011111111111111110000000000000000000001100000000 
  24  11000000011111111111111110000000000000000000001100000000 
  25  11000000011111111111111110000000000000000000001100000000 
  26  11000000011111111111111111000000000000000000001100000000 
  27  11000000011111111111111111000000000000000000001100000000 
  28  10000000000000111111111111000000000000000000001100000000 
  29  00000000000000011111111111100000000000000000001100000000 
  30  00000000000000011111111111100000000000000000001100000000 
  31  00000000000000011111111111100000000000000000001100000000 
  32  00000000000000011111111111110000000000000000001100000000 
  33  00000000000000011111111111110000000000000000001100000000 
  34  00000000000000011111111111111000000000000000001100000000 
  35  00000000000000011111111111111000000000000000001100000000 
  36  00000000000000011111111111111000000000000000001100000000 
  37  00000000000000011111111111111100000000000000001100000000 
  38  00000000000000011111111111111100000000000000001100000000 
  39  00000000000000011111111111111100000000000000001100000000 
  40 000000000000000011111111111111110000000000000001100000000 
  41  10000000000000111111111111111110000000000000001100000000 
  42  11000000011111111111111111111110000000000000001100000000 
  43  11000000011111111111111111111110000000000000001100000000 
  44  11000000011111111111111111111110000000000000001100000000 
  45  11000000011111111111111111111110000000000000001100000000 
  46  11000000011111111111111100000000000000000000000000000000 
  47  11000000011111111111111100000000000000000000000000000000 
  48  11000000011111111111111100000000000000000000000000000000 
  49  11000000011111111111111100000000000000000000000000000000 
  50  11000000011111111111111100000000000000000000000000000000 
  51  11000000011111111111111100000000000000000000000000000000 
  52  11000000011111111111111100000000000000000000000000000000 
  53  11000000011111111111111100000000000000000000000000000000 
  54  11000000011111111111111100000000000000000000000000000000 
  55  11000000011111111111111100000000000000000000000000000000 
  56  11000000011111111111111100000000000000000000000000000000 
  57  11000000011111111111111100000000000000000000000000000000 
  58  11000000011111111111111100000000000000000000000000000000 
  59  11000000011111111111111100000000000000000000000000000000 
  60  11000000011111111111111100000000000000000000000000000000 
  61  11000000011111111111111100000000000000000000000000000000 
  62  11000000011111111111111100000000000000000000000000000000 
  63  11000000011111111111111100000000000000000000000000000000 
  64  11000000011111111111111100000000000000000000000000000000 
  65  11000000011111111111111100000000000000000000000000000000 
  66  11000000011111111111111100000000000000000000000000000000 
  67  11000000011111111111111100000000000000000000000000000000 
  68  11000000010000000000000000000000000000000000000000000000 
  69  11000000010000000000000000000000000000000000000000000000 
  70  11000000010000000000000000000000000000000000000000000000 
  71  11000000010000000000000000000000000000000000000000000000 
  72  11000000010000000000000000000000000000000000000000000000 
  73  11000000010000000000000000000000000000100000001100000000 
  74  11000000010000000000000000000000000001100000001100000000 
  75  11000000010000000000000000000000000011100000001100000000 
  76  11000000010000000000000000000000000011100000001100000000 
  77  11000000010000000000000000000000000111100000001100000000 
  78  11000000010000000000000000000000001111100000001100000000 
  79  11000000010000000000000000000000011111100000001100000000 
  80  11000000010000000000000000000000011111100000001100000000 
  81  11000000010000000000000000000000111111100000001100000000 
  82  11000000010000000000000000000001111111100000001100000000 
  83  11000000010000000000000000000011111111100000001100000000 
  84  11000000000000000000000000000000000111100000001100000000 
  85  11000000000000000000000000000000000111100000001100000000 
  86  11000000000000000000000000000000000111100000001100000000 
  87  11000000000000000000000000000000000111100000001100000000 
  88  11000000000000000000000000000000000111100000001100000000 
  89  11000000000000000000000000000000000111100000001100000000 
  90  11000000000000000000000000000000000111100000001100000000 
  91  11000000000000000000000000000000000111100000001100000000 
  92  11000000000000000000000000000000000111100000001100000000 
  93  00000000000000000000000000000000000000000000000000000000 
  94  00000000000000000000000000000000000000000000000000000000 
  95  00000000000000000000000000000000000000000000000000000000 
  96  00000000000000000000000000000000000000000000000000000000 
  97  00000000000000000000000000000000000000000000000000000000 
  98  00000000000000000000000000000000000000000000000000000000 
  99  00000000000000000000000000000000000000000000000000000000 
 100  11000000000000000000000000000000000111100000001100000000 
 101  11000000000000000000000000000000000111100000001100000000 
 102  00000000000000000000000000000000000000000000000000000000 
 103  00000000000000000000000000000000000000000000000000000000 
 104  00000000000000000000000000000000000000000000000000000000 
 105  00000000000000000000000000000000000000000000000000000000 
 106  00000000000000000000000000000000000000000000000000000000 
 107  00000000000000000000000000000000000000000000000000000000 
seats 2316; refused 2201 DR-KEEP, 2047 DR-PASS, 1803 DR-SITE, 1700 DR-CLAIM, 1135 OB19
