## tree
SEATS  tree, footprint 1x1, 3 blocks off a route  1 char = 1 block  x -104..103 across, z -32..31 down
KEY  1 the footprint seats with its minimum corner here  0 refused  space void
        -0        -9        -8        -7        -6        -5        -4        -3        -2        -1         0         1         2         3         4         5         6         7         8         9         0   
     4321098765432109876543210987654321098765432109876543210987654321098765432109876543210987654321098765432101234567890123456789012345678901234567890123456789012345678901234567890123456789012345678901234567890123
 -32                     11111111111111111000111111111111111111111111111111111111111111111111                                11111111111111111111111111111111111111111111111111111100011111111111                    
 -31                     11111111111111110000011111111111111111111111111111111111111111111111                                11111111111111111111111111111111111111111111111111111000001111111111                    
 -30                     11111111111111100000011111111111111111111111111111111111111111111111                                11111111111111111111111111111111111111111111111111111100011111111111                    
 -29                     11111111111111110000011111111111111111111111111111111111111111111111                                11111111111111111111111111111111111111111110011111111110111111111111                    
 -28                     11111111111111111000011111111111111111111111111111111111111111111111                                11111111111111111111111111111111111111111100011111111111111111111111                    
 -27                     11111111111111111111111111111111111111111111111111111111111111111111                                11111111111111111111111111111111111111111000001111111111111111111111                    
 -26                     11111111111111111111111111111111111111111111111111111111111111111111                                11111111111111111111111111111111111111111100011111111111111111111111                    
 -25                     11111111111111111111111111111111111111111111111111111111111111111111                                11111111111111111111111111111111111111111110111111111111111111111111                    
 -24                     11111111111111111111111111111111111111111111111111111111111111111111                                11111111111111111111111111111111111111111111111111111111111111111111                    
 -23                     11111111111111111111111111111111111111111111111111111111111111111111                                11111111111111111111111111111111111111111111111111111111111111111111                    
 -22                     11111111111111111111111111111111111111111111111111111111111111111111                                11111111111111111111111111111111111111111111111111111111111111111111                    
 -21                     11111111111111111111111111111111111111111111111111111111111111111111                                11111111111111111111111111111111111111111111111111100111111111111111                    
 -20                     11111111100011111111111111111111111111111111111111111000111111111111                                11111111111111111111111111111111111111111111111111000111111111111111                    
 -19                     11111111000001111111111111111111111111111111111111110000011111111111                                11111111111111111111111100000000000000000011011110000011111111111111                    
 -18                     11111110000001111111111111111111111111111111111111100000011111111111                                11111111111111111111111100000000000000000011111111000111111111111111                    
 -17                     11111111000001111111111111111111111111111111111111110000011111111111                                11111111111111111111111100000000100000000000110011101111111111111111                    
 -16                     11111111100001111111111111111111111111111111111111111000011111111111                                11111111111111111111111100001001100000000000000011111111111111111111                    
 -15                     11111111111111111111111111111111111111111111111111111111111111111111                                11111111111111111111111100000000000000000000000001111111111111111111                    
 -14                     00011111111111111111111111111111111111111111111111111111111111111111                                11111111111111111111111100000000000110000000000011111111111111111100                    
 -13                     00011111111111111111111111111111111111111111111111111111111111111111                                11111111111111111111111100000000000000000000010111111111111111111100                    
 -12 0000000000000000000000011111111111111111111111111111111111111111111111111111111111111111                                1111111111111111111111110000000000000011100001111111111111111111110000000000000000000000
 -11 0000000000000000000000011111111111111111111111111111111111111111111111111111111111111111                                1111111111111111111111110000000000000011000001111111111111111111110000000000000000000000
 -10 0000000000000000000000011111111111111111111111111111111111111111111111111111111111111111                                1111111111111111111111110000000000000110001101111111111111111111110000000000000000000000
  -9 0000000000000000000000011111111111111111111111111111111111111111111111111111111111111111                                1111111111111111111111110000000000000010000111111111111111111111110000000000000000000000
  -8 0000000000000000000000011111111111111111111111111111111111111111111111111111111111111111                                1111111111111111111111110000000000000000000111111111111111111111110000000000000000000000
  -7 0000000000000000000000011111111111111111111111111111111111111111111111111111111111111111                                1111111111111111111111110000000000000001110001111111111111111111110000000000000000000000
  -6 0000000000000000000000000000000000000001111111111111111111111111111111111111111111111111                                1111111111111111111111110000000000000001111001111100000000000000000000000000000000000000
  -5 0000000000000000000000000000000000000001111111111111111111111111111111111111111111111111                                1111111111111111111111110000000000001111110001111100000000000000000000000000000000000000
  -4 0000000000000000000000000000000000000000000000000001111111111111111111111111111111111111                                1111111111111111111111110000000000011000000000000000000000000000000000000000000000000000
  -3 0000000000000000000000000000000000000000000000000000111111111111111111111111111111111111                                1111111111111111111111110000000000010000000000000000000000000000000000000000000000000000
  -2 0000000000000000000000000000000000000000000000000000000000000000111111111111111111111111                                1111111111111111111111110000000011110000000000000000000000000000000000000000000000000000
  -1 0000000000000000000000000000000000000000000000000000000000000000111111111111111111111111                                1111111111111111111111110000000111110000000000000000000000000000000000000000000000000000
   0 0000000000000000000000000000000000000000000000000000111110000000111111111111111111111111                                1111111111111111111111110000000000000000000000000000000000000000000000000000000000000000
   1 0000000000000000000000000000000000000000000000000000111100000000111111111111111111111111                                1111111111111111111111110000000000000000000000000000000000000000000000000000000000000000
   2 0000000000000000000000000000000000000000000000000000100000000000111111111111111111111111                                1111111111111111111111111111111111110000000000000000000000000000000000000000000000000000
   3 0000000000000000000000000000000000000000000000000001100000000000111111111111111111111111                                1111111111111111111111111111111111111000000000000000000000000000000000000000000000000000
   4 0000000000000000000000000000000000000001111000111111000000000000111111111111111111111111                                1111111111111111111111111111111111111111111111111100000000000000000000000000000000000000
   5 0000000000000000000000000000000000000001111001111000000000000000111111111111111111111111                                1111111111111111111111111111111111111111111111111100000000000000000000000000000000000000
   6 0000000000000000000000000000000000000001111000111000000000000000111111111111111111111111                                1111111111111111111111111111111111111111111111111100000000000000000000000000000000000000
   7 0000000000000000000000011111111111111111111110000000000000000000111111111111111111111111                                1111111111111111111111111111111111111111111111111111111111111111110000000000000000000000
   8 0000000000000000000000011111111111111111111110000100000000000000111111111111111111111111                                1111111111111111111111111111111111111111111111111111111111111111110000000000000000000000
   9 0000000000000000000000011111111111111111111011000110000000000000111111111111111111111111                                1111111111111111111111111111111111111111111111111111111111111111110000000000000000000000
  10 0000000000000000000000011111111111111111111000001100000000000000111111111111111111111111                                1111111111111111111111111111111111111111111111111111111111111111110000000000000000000000
  11 0000000000000000000000011111111111111111111000011100000000000000111111111111111111111111                                1111111111111111111111111111111111111111111111111111111111111111110000000000000000000000
  12                     00011111111111111111101000000000000000000000111111111111111111111111                                11111111111111111111111111111111111111111111111111111111111111111100                    
  13                     00011111111111111111000000000001100000000000111111111111111111111111                                11111111111111111111111111111111111111111111111111111111111111111100                    
  14                     00011111111111111110000000000000000000000000111111111111111111111111                                11111111111111111111111111111111111111111111111111111111111111111100                    
  15                     11111111111111111111000000000000000110010000111111111111111111111111                                11111111111000011111111111111111111111111111111111111110000111111111                    
  16                     11111111111111110111001100000000000100000000111111111111111111111111                                11111111111000001111111111111111111111111111111111111110000011111111                    
  17                     11111111111111100011111111000000000000000000111111111111111111111111                                11111111111000000111111111111111111111111111111111111110000001111111                    
  18                     11111111111111000001111011000000000000000000111111111111111111111111                                11111111111000001111111111111111111111111111111111111110000011111111                    
  19                     11111111111111100011111111111111111111111111111111111111111111111111                                11111111111100011111111111111111111111111111111111111111000111111111                    
  20                     11111111111111100111111111111111111111111111111111111111111111111111                                11111111111111111111111111111111111111111111111111111111111111111111                    
  21                     11111111111111111111111111111111111111111111111111111111111111111111                                11111111111111111111111111111111111111111111111111111111111111111111                    
  22                     11111111111111111111111111111111111111111111111111111111111111111111                                11111111111111111111111111111111111111111111111111111111111111111111                    
  23                     11111111111111111111111111111111111111111111111111111111111111111111                                11111111111111111111111111111111111111111111111111111111111111111111                    
  24                     11111111111111111111111101111111111111111111111111111111111111111111                                11111111111111111111111111111111111111111111111111111111111111111111                    
  25                     11111111111111111111111000111111111111111111111111111111111111111111                                11111111111111111111111111111111111111111111111111111111111111111111                    
  26                     11111111111111111111110000011111111111111111111111111111111111111111                                11111111111111111111111111111111111111111111111111111111111111111111                    
  27                     11111111111111111111111000111111111111111111111111111111111111111111                                11111111111111111111111111111111111111111111111000011111111111111111                    
  28                     11111111111101111111111001111111111111111111111111111111111111111111                                11111111111111111111111111111111111111111111111000001111111111111111                    
  29                     11111111111000111111111111111111111111111111111111111111111111111111                                11111111111111111111111111111111111111111111111000000111111111111111                    
  30                     11111111110000011111111111111111111111111111111111111111111111111111                                11111111111111111111111111111111111111111111111000001111111111111111                    
  31                     11111111111000111111111111111111111111111111111111111111111111111111                                11111111111111111111111111111111111111111111111100011111111111111111                    
seats 7013; refused 1301 DR-KEEP, 692 OB19, 554 DR-CLAIM, 104 DR-ROAD

## boulder
SEATS  boulder, footprint 1x1, 2 blocks off a route  1 char = 1 block  x -104..103 across, z -32..31 down
KEY  1 the footprint seats with its minimum corner here  0 refused  space void
        -0        -9        -8        -7        -6        -5        -4        -3        -2        -1         0         1         2         3         4         5         6         7         8         9         0   
     4321098765432109876543210987654321098765432109876543210987654321098765432109876543210987654321098765432101234567890123456789012345678901234567890123456789012345678901234567890123456789012345678901234567890123
 -32                     11111111111111111000111111111111111111111111111111111111111111111111                                11111111111111111111111111111111111111111111111111111111111111111111                    
 -31                     11111111111111110000011111111111111111111111111111111111111111111111                                11111111111111111111111111111111111111111111111111111111111111111111                    
 -30                     11111111111111100000011111111111111111111111111111111111111111111111                                11111111111111111111111111111111111111111111111111111111111111111111                    
 -29                     11111111111111110000011111111111111111111111111111111111111111111111                                11111111111111111111111111111111111111111111111111111111111111111111                    
 -28                     11111111111111111000011111111111111111111111111111111111111111111111                                11111111111111111111111111111111111111111111111111111111111111111111                    
 -27                     11111111111111111111111111111111111111111111111111111111111111111111                                11111111111111111111111111111111111111111111111111111111111111111111                    
 -26                     11111111111111111111111111111111111111111111111111111111111111111111                                11111111111111111111111111111111111111111111111111111111111111111111                    
 -25                     11111111111111111111111111111111111111111111111111111111111111111111                                11111111111111111111111111111111111111111111111111111111111111111111                    
 -24                     11111111111111111111111111111111111111111111111111111111111111111111                                11111111111111111111111111111111111111111111111111111111111111111111                    
 -23                     11111111111111111111111111111111111111111111111111111111111111111111                                11111111111111111111111111111111111111111111111111111111111111111111                    
 -22                     11111111111111111111111111111111111111111111111111111111111111111111                                11111111111111111111111111111111111111111111111111111111111111111111                    
 -21                     11111111111111111111111111111111111111111111111111111111111111111111                                11111111111111111111111111111111111111111111111111111111111111111111                    
 -20                     11111111100011111111111111111111111111111111111111111000111111111111                                11111111111111111111111111111111111111111111111111111111111111111111                    
 -19                     11111111000001111111111111111111111111111111111111110000011111111111                                11111111111111111111111100000000000000000011011111111111111111111111                    
 -18                     11111110000001111111111111111111111111111111111111100000011111111111                                11111111111111111111111100000000000000000011111111111111111111111111                    
 -17                     11111111000001111111111111111111111111111111111111110000011111111111                                11111111111111111111111100000000100000000000111111111111111111111111                    
 -16                     11111111100001111111111111111111111111111111111111111000011111111111                                11111111111111111111111100001001100000000000011111111111111111111111                    
 -15                     11111111111111111111111111111111111111111111111111111111111111111111                                11111111111111111111111100000000000000000000111111111111111111111111                    
 -14                     00011111111111111111111111111111111111111111111111111111111111111111                                11111111111111111111111100000000000110000000011111111111111111111100                    
 -13                     00011111111111111111111111111111111111111111111111111111111111111111                                11111111111111111111111100000000000000000000011111111111111111111100                    
 -12 0000000000000000000000011111111111111111111111111111111111111111111111111111111111111111                                1111111111111111111111110000000000000011100001111111111111111111110000000000000000000000
 -11 0000000000000000000000011111111111111111111111111111111111111111111111111111111111111111                                1111111111111111111111110000000000000011000001111111111111111111110000000000000000000000
 -10 0000000000000000000000011111111111111111111111111111111111111111111111111111111111111111                                1111111111111111111111110000000000000110001101111111111111111111110000000000000000000000
  -9 0000000000000000000000011111111111111111111111111111111111111111111111111111111111111111                                1111111111111111111111110000000000000010000111111111111111111111110000000000000000000000
  -8 0000000000000000000000011111111111111111111111111111111111111111111111111111111111111111                                1111111111111111111111110000000000000000000111111111111111111111110000000000000000000000
  -7 0000000000000000000000011111111111111111111111111111111111111111111111111111111111111111                                1111111111111111111111110000000000000001110001111111111111111111110000000000000000000000
  -6 0000000000000000000000000000000000000001111111111111111111111111111111111111111111111111                                1111111111111111111111110000000000000001111001111100000000000000000000000000000000000000
  -5 0000000000000000000000000000000000000001111111111111111111111111111111111111111111111111                                1111111111111111111111110000000000001111110001111100000000000000000000000000000000000000
  -4 0000000000000000000000000000000000000001111111111111111111111111111111111111111111111111                                1111111111111111111111110000000000011111110001111100000000000000000000000000000000000000
  -3 0000000000000000000000000000000000000000000000000011111111111111111111111111111111111111                                1111111111111111111111110000000000011100000000000000000000000000000000000000000000000000
  -2 0000000000000000000000000000000000000000000000000000000000000000111111111111111111111111                                1111111111111111111111110000000011111000000000000000000000000000000000000000000000000000
  -1 0000000000000000000000000000000000000000000000000000000000000000111111111111111111111111                                1111111111111111111111110000000111111000000000000000000000000000000000000000000000000000
   0 0000000000000000000000000000000000000000000000000001111110000000111111111111111111111111                                1111111111111111111111110000000000000000000000000000000000000000000000000000000000000000
   1 0000000000000000000000000000000000000000000000000001111100000000111111111111111111111111                                1111111111111111111111110000000000000000000000000000000000000000000000000000000000000000
   2 0000000000000000000000000000000000000000000000000011100000000000111111111111111111111111                                1111111111111111111111111111111111111100000000000000000000000000000000000000000000000000
   3 0000000000000000000000000000000000000001111000111111100000000000111111111111111111111111                                1111111111111111111111111111111111111111111111111100000000000000000000000000000000000000
   4 0000000000000000000000000000000000000001111000111111000000000000111111111111111111111111                                1111111111111111111111111111111111111111111111111100000000000000000000000000000000000000
   5 0000000000000000000000000000000000000001111001111000000000000000111111111111111111111111                                1111111111111111111111111111111111111111111111111100000000000000000000000000000000000000
   6 0000000000000000000000000000000000000001111000111000000000000000111111111111111111111111                                1111111111111111111111111111111111111111111111111100000000000000000000000000000000000000
   7 0000000000000000000000011111111111111111111110000000000000000000111111111111111111111111                                1111111111111111111111111111111111111111111111111111111111111111110000000000000000000000
   8 0000000000000000000000011111111111111111111110000100000000000000111111111111111111111111                                1111111111111111111111111111111111111111111111111111111111111111110000000000000000000000
   9 0000000000000000000000011111111111111111111011000110000000000000111111111111111111111111                                1111111111111111111111111111111111111111111111111111111111111111110000000000000000000000
  10 0000000000000000000000011111111111111111111000001100000000000000111111111111111111111111                                1111111111111111111111111111111111111111111111111111111111111111110000000000000000000000
  11 0000000000000000000000011111111111111111111000011100000000000000111111111111111111111111                                1111111111111111111111111111111111111111111111111111111111111111110000000000000000000000
  12                     00011111111111111111111000000000000000000000111111111111111111111111                                11111111111111111111111111111111111111111111111111111111111111111100                    
  13                     00011111111111111111111000000001100000000000111111111111111111111111                                11111111111111111111111111111111111111111111111111111111111111111100                    
  14                     00011111111111111111111100000000000000000000111111111111111111111111                                11111111111111111111111111111111111111111111111111111111111111111100                    
  15                     11111111111111111111111000000000000110010000111111111111111111111111                                11111111111000011111111111111111111111111111111111111110000111111111                    
  16                     11111111111111111111111100000000000100000000111111111111111111111111                                11111111111000001111111111111111111111111111111111111110000011111111                    
  17                     11111111111111111111111111000000000000000000111111111111111111111111                                11111111111000000111111111111111111111111111111111111110000001111111                    
  18                     11111111111111111111111011000000000000000000111111111111111111111111                                11111111111000001111111111111111111111111111111111111110000011111111                    
  19                     11111111111111111111111111111111111111111111111111111111111111111111                                11111111111100011111111111111111111111111111111111111111000111111111                    
  20                     11111111111111111111111111111111111111111111111111111111111111111111                                11111111111111111111111111111111111111111111111111111111111111111111                    
  21                     11111111111111111111111111111111111111111111111111111111111111111111                                11111111111111111111111111111111111111111111111111111111111111111111                    
  22                     11111111111111111111111111111111111111111111111111111111111111111111                                11111111111111111111111111111111111111111111111111111111111111111111                    
  23                     11111111111111111111111111111111111111111111111111111111111111111111                                11111111111111111111111111111111111111111111111111111111111111111111                    
  24                     11111111111111111111111111111111111111111111111111111111111111111111                                11111111111111111111111111111111111111111111111111111111111111111111                    
  25                     11111111111111111111111111111111111111111111111111111111111111111111                                11111111111111111111111111111111111111111111111111111111111111111111                    
  26                     11111111111111111111111111111111111111111111111111111111111111111111                                11111111111111111111111111111111111111111111111111111111111111111111                    
  27                     11111111111111111111111111111111111111111111111111111111111111111111                                11111111111111111111111111111111111111111111111000011111111111111111                    
  28                     11111111111111111111111111111111111111111111111111111111111111111111                                11111111111111111111111111111111111111111111111000001111111111111111                    
  29                     11111111111111111111111111111111111111111111111111111111111111111111                                11111111111111111111111111111111111111111111111000000111111111111111                    
  30                     11111111111111111111111111111111111111111111111111111111111111111111                                11111111111111111111111111111111111111111111111000001111111111111111                    
  31                     11111111111111111111111111111111111111111111111111111111111111111111                                11111111111111111111111111111111111111111111111100011111111111111111                    
seats 7177; refused 1301 DR-KEEP, 692 OB19, 446 DR-CLAIM, 48 DR-ROAD

## house
SEATS  house, footprint 9x7, no route standoff  1 char = 1 block  x -104..103 across, z -32..31 down
KEY  1 the footprint seats with its minimum corner here  0 refused  space void
        -0        -9        -8        -7        -6        -5        -4        -3        -2        -1         0         1         2         3         4         5         6         7         8         9         0   
     4321098765432109876543210987654321098765432109876543210987654321098765432109876543210987654321098765432101234567890123456789012345678901234567890123456789012345678901234567890123456789012345678901234567890123
 -32                     11000000011111111111111111111111111111111111111111100000001100000000                                11000000011111111111111111111111111111111111111111100000001100000000                    
 -31                     11000000011111111111111111111111111111111111111111100000001100000000                                11000000011111111111111111111111111111111111111111100000001100000000                    
 -30                     00000000000000000000000000000000000000000000000000000000000000000000                                00000000000000000000000000000000000000000000000000000000000000000000                    
 -29                     00000000000000000000000000000000000000000000000000000000000000000000                                00000000000000000000000000000000000000000000000000000000000000000000                    
 -28                     00000000000000000000000000000000000000000000000000000000000000000000                                00000000000000000000000000000000000000000000000000000000000000000000                    
 -27                     00000000000000000000000000000000000000000000000000000000000000000000                                00000000000000000000000000000000000000000000000000000000000000000000                    
 -26                     00000000000000000000000000000000000000000000000000000000000000000000                                00000000000000000000000000000000000000000000000000000000000000000000                    
 -25                     00000000000000000000000000000000000000000000000000000000000000000000                                00000000000000000000000000000000000000000000000000000000000000000000                    
 -24                     00000000000000000000000000000000000000000000000000000000000000000000                                00000000000000000000000000000000000000000000000000000000000000000000                    
 -23                     11000000011111111111111111111111111111111111111111100000001100000000                                11000000011111110000000000000000000000000000011111100000001100000000                    
 -22                     11000000011111111111111111111111111111111111111111100000001100000000                                11000000011111110000000000000000000000000000011111100000001100000000                    
 -21                     11000000011111111111111111111111111111111111111111100000001100000000                                11000000011111110000000000000000000000000000011111100000001100000000                    
 -20                     00000000011111111111111111111111111111111111111111100000001100000000                                11000000011111110000000000000000000000000000011111100000000000000000                    
 -19                     00000000011111111111111111111111111111111111111111100000001100000000                                11000000011111110000000000000000000000000000011111100000000000000000                    
 -18                     00000000011111111111111111111111111111111111111111100000001100000000                                11000000011111110000000000000000000000000000011111100000000000000000                    
 -17                     00000000011111111111111111111111111111111111111111100000001100000000                                11000000011111110000000000000000000000000000011111100000000000000000                    
 -16                     00000000011111111111111111111111111111111111111111100000001100000000                                11000000011111110000000000000000000000000000011111100000000000000000                    
 -15                     00000000011111111111111111111111111111111111111111100000001100000000                                11000000011111110000000000000000000000000000011111100000000000000000                    
 -14                     00000000011111111111111111111111111111111111111111100000001100000000                                11000000011111110000000000000000000000000000011111100000000000000000                    
 -13                     00000000011111111111111111111111111111111111111111100000001100000000                                11000000011111110000000000000000000000000000011111100000000000000000                    
 -12 0000000000000000000000000000000000000001111111111111111111111111111111100000001100000000                                1100000001111111000000000000000000000000000000000000000000000000000000000000000000000000
 -11 0000000000000000000000000000000000000001111111111111111111111111111111100000001100000000                                1100000001111111000000000000000000000000000000000000000000000000000000000000000000000000
 -10 0000000000000000000000000000000000000001111111111111111111111111111111100000001100000000                                1100000001111111000000000000000000000000000000000000000000000000000000000000000000000000
  -9 0000000000000000000000000000000000000001111111111111111111111111111111100000001100000000                                1100000001111111000000000000000000000000000000000000000000000000000000000000000000000000
  -8 0000000000000000000000000000000000000000000000000000000000000000111111100000001100000000                                1100000001111111000000000000000000000000000000000000000000000000000000000000000000000000
  -7 0000000000000000000000000000000000000000000000000000000000000000111111100000001100000000                                1100000001111111000000000000000000000000000000000000000000000000000000000000000000000000
  -6 0000000000000000000000000000000000000000000000000000000000000000111111100000001100000000                                1100000001111111000000000000000000000000000000000000000000000000000000000000000000000000
  -5 0000000000000000000000000000000000000000000000000000000000000000111111100000001100000000                                1100000001111111000000000000000000000000000000000000000000000000000000000000000000000000
  -4 0000000000000000000000000000000000000000000000000000000000000000111111100000001100000000                                1100000001111111000000000000000000000000000000000000000000000000000000000000000000000000
  -3 0000000000000000000000000000000000000000000000000000000000000000111111100000001100000000                                1100000001111111000000000000000000000000000000000000000000000000000000000000000000000000
  -2 0000000000000000000000000000000000000000000000000000000000000000111111100000001100000000                                1100000001111111000000000000000000000000000000000000000000000000000000000000000000000000
  -1 0000000000000000000000000000000000000000000000000000000000000000111111100000001100000000                                1100000001111111000000000000000000000000000000000000000000000000000000000000000000000000
   0 0000000000000000000000000000000000000000000000000000000000000000111111100000001100000000                                1100000001111111000000000000000000000000000000000000000000000000000000000000000000000000
   1 0000000000000000000000000000000000000000000000000000000000000000111111100000001100000000                                1100000001111111000000000000000000000000000000000000000000000000000000000000000000000000
   2 0000000000000000000000000000000000000000000000000000000000000000111111100000001100000000                                1100000001111111111111111111111111111111110000000000000000000000000000000000000000000000
   3 0000000000000000000000000000000000000000000000000000000000000000111111100000001100000000                                1100000001111111111111111111111111111111110000000000000000000000000000000000000000000000
   4 0000000000000000000000000000000000000000000000000000000000000000111111100000001100000000                                1100000001111111111111111111111111111111110000000000000000000000000000000000000000000000
   5 0000000000000000000000000000000000000000000000000000000000000000111111100000001100000000                                1100000001111111111111111111111111111111110000000000000000000000000000000000000000000000
   6 0000000000000000000000000000000000000000000000000000000000000000111111100000001100000000                                1100000001111111111111111111111111111111110000000000000000000000000000000000000000000000
   7 0000000000000000000000000000011111100000000000000000000000000000111111100000001100000000                                1100000001111111111111111111111111111111111111111110000000000000000000000000000000000000
   8 0000000000000000000000000000011111100000000000000000000000000000111111100000001100000000                                1100000001111111111111111111111111111111111111111110000000000000000000000000000000000000
   9 0000000000000000000000000000011111100000000000000000000000000000111111100000001100000000                                1100000001111111111111111111111111111111111111111110000000000000000000000000000000000000
  10 0000000000000000000000000000011111100000000000000000000000000000111111100000001100000000                                1100000001111111111111111111111111111111111111111110000000000000000000000000000000000000
  11 0000000000000000000000000000011111100000000000000000000000000000111111100000001100000000                                1100000001111111111111111111111111111111111111111110000000000000000000000000000000000000
  12                     00000000011111100000000000000000000000000000111111100000001100000000                                11000000011111111111111111111111111111111111111111100000000000000000                    
  13                     00000000011111100000000000000000000000000000111111100000001100000000                                11000000011111111111111111111111111111111111111111100000000000000000                    
  14                     00000000011111100000000000000000000000000000111111100000001100000000                                11000000011111111111111111111111111111111111111111100000000000000000                    
  15                     11000000011111100000000000000000000000000000111111100000001100000000                                11000000011111111111111111111111111111111111111111100000001100000000                    
  16                     11000000011111100000000000000000000000000000111111100000001100000000                                11000000011111111111111111111111111111111111111111100000001100000000                    
  17                     00000000000000000000000000000000000000000000000000000000000000000000                                00000000000000000000000000000000000000000000000000000000000000000000                    
  18                     00000000000000000000000000000000000000000000000000000000000000000000                                00000000000000000000000000000000000000000000000000000000000000000000                    
  19                     00000000000000000000000000000000000000000000000000000000000000000000                                00000000000000000000000000000000000000000000000000000000000000000000                    
  20                     00000000000000000000000000000000000000000000000000000000000000000000                                00000000000000000000000000000000000000000000000000000000000000000000                    
  21                     00000000000000000000000000000000000000000000000000000000000000000000                                00000000000000000000000000000000000000000000000000000000000000000000                    
  22                     00000000000000000000000000000000000000000000000000000000000000000000                                00000000000000000000000000000000000000000000000000000000000000000000                    
  23                     00000000000000000000000000000000000000000000000000000000000000000000                                00000000000000000000000000000000000000000000000000000000000000000000                    
  24                     11000000011111111111111111111111111111111111111111100000001100000000                                11000000011111111111111111111111111111111111111111100000001100000000                    
  25                     11000000011111111111111111111111111111111111111111100000001100000000                                11000000011111111111111111111111111111111111111111100000001100000000                    
  26                     00000000000000000000000000000000000000000000000000000000000000000000                                00000000000000000000000000000000000000000000000000000000000000000000                    
  27                     00000000000000000000000000000000000000000000000000000000000000000000                                00000000000000000000000000000000000000000000000000000000000000000000                    
  28                     00000000000000000000000000000000000000000000000000000000000000000000                                00000000000000000000000000000000000000000000000000000000000000000000                    
  29                     00000000000000000000000000000000000000000000000000000000000000000000                                00000000000000000000000000000000000000000000000000000000000000000000                    
  30                     00000000000000000000000000000000000000000000000000000000000000000000                                00000000000000000000000000000000000000000000000000000000000000000000                    
  31                     00000000000000000000000000000000000000000000000000000000000000000000                                00000000000000000000000000000000000000000000000000000000000000000000                    
seats 2199; refused 2514 DR-PASS, 1693 DR-KEEP, 1512 DR-SITE, 1364 OB19, 382 DR-CLAIM
