## spawn-red -> stone-0
ROUTE (-112, 0) -> (-64, 24) aim travel: 58 blocks, 0 placed, 0 drop(s), worst drop 0
  place            y   step
  (-112, 0)         12
  (-111, 0)         12
  (-110, 0)         12
  (-109, 0)         12
  (-108, 0)         12
  (-107, 0)         12
  (-106, 0)         12
  (-105, 0)         12
  (-104, 0)         12
  (-103, 0)         12
  (-102, 0)         12
  (-101, 0)         12
  (-100, 0)         12
  (-99, 0)          12
  (-98, 0)          12
  (-97, 0)          12
  (-96, 0)          12
  (-95, 0)          12
  (-94, 0)          12
  (-93, 0)          12
  (-92, 0)          12
  (-91, 0)          12
  (-90, 0)          12
  (-89, 0)          12
  (-88, 0)          12
  (-87, 1)          12
  (-86, 2)          12
  (-85, 3)          12
  (-84, 4)          12
  (-83, 5)          12
  (-82, 6)          12
  (-81, 7)          12
  (-80, 8)          12
  (-79, 9)          12
  (-78, 10)         12
  (-77, 11)         12
  (-76, 12)         12
  (-75, 13)         12
  (-74, 14)         12
  (-73, 15)         12
  (-72, 16)         12
  (-71, 17)         12
  (-70, 18)         12
  (-69, 19)         12
  (-68, 20)         12
  (-67, 21)         12
  (-66, 22)         12
  (-65, 23)         12
  (-64, 24)         13
rises 0, falls 0, worst step 0: walked end to end
beside: destroyable stone at (-66, 22) d0, spawn sp at (-112, 0) d0

## spawn-red -> stone-1
ROUTE (-112, 0) -> (63, -25) aim travel: 185 blocks, 24 placed, 0 drop(s), worst drop 0
  place            y   step
  (-112, 0)         12
  (-111, 0)         12
  (-110, 0)         12
  (-109, 0)         12
  (-108, 0)         12
  (-107, 0)         12
  (-106, 0)         12
  (-105, 0)         12
  (-104, 0)         12
  (-103, 0)         12
  (-102, 0)         12
  (-101, 0)         12
  (-100, 0)         12
  (-99, 0)          12
  (-98, 0)          12
  (-97, 0)          12
  (-96, 0)          12
  (-95, 0)          12
  (-94, 0)          12
  (-93, 0)          12
  (-92, 0)          12
  (-91, 0)          12
  (-90, 0)          12
  (-89, 0)          12
  (-88, 0)          12
  (-87, 0)          12
  (-86, 0)          12
  (-85, 0)          12
  (-84, 0)          12
  (-83, 0)          12
  (-82, 0)          12
  (-81, 0)          12
  (-80, 0)          12
  (-79, 0)          12
  (-78, 0)          12
  (-77, 0)          12
  (-76, 0)          12
  (-75, 0)          12
  (-74, 0)          12
  (-73, 0)          12
  (-72, 0)          12
  (-71, 0)          12
  (-70, 0)          12
  (-69, 0)          12
  (-68, 0)          12
  (-67, 0)          12
  (-66, 0)          12
  (-65, 0)          12
  (-64, 0)          12
  (-63, 0)          12
  (-62, 0)          12
  (-61, 0)          12
  (-60, 0)          12
  (-59, 0)          12
  (-58, 0)          12
  (-57, 0)          12
  (-56, 0)          12
  (-55, 0)          12
  (-54, 0)          12
  (-53, 0)          12
  (-52, 0)          12
  (-51, 0)          12
  (-50, 0)          12
  (-49, 0)          12
  (-48, 0)          12
  (-47, 0)          12
  (-46, 0)          12
  (-45, 0)          12
  (-44, 0)          12
  (-43, 0)          12
  (-42, 0)          12
  (-41, 0)          12
  (-40, 0)          12
  (-39, 0)          12
  (-38, 0)          12
  (-37, 0)          12
  (-36, 0)          12
  (-35, 0)          12
  (-34, 0)          12
  (-33, 0)          12
  (-32, 0)          12
  (-31, 0)          12
  (-30, 0)          12
  (-29, 0)          12
  (-28, 0)          12
  (-27, 0)          12
  (-26, 0)          12
  (-25, 0)          12
  (-24, 0)          12
  (-23, 0)          12
  (-22, 0)          12
  (-21, 0)          12
  (-20, 0)          12
  (-19, 0)          12
  (-18, 0)          12
  (-17, 0)          12
  (-16, 0)          12
  (-15, -1)         12
  (-14, -2)         12
  (-13, -3)         12
  (-12, -4)         12
  (-11, -5)         12
  (-10, -6)         12
  (-9, -7)          12
  (-8, -8)          12
  (-7, -9)          12
  (-6, -10)         12
  (-5, -11)         12
  (-4, -12)         12
  (-3, -13)         12
  (-2, -14)         12
  (-1, -15)         12
  (0, -16)          12
  (1, -16)          12
  (2, -16)          12
  (3, -16)          12
  (4, -16)          12
  (5, -16)          12
  (6, -16)          12
  (7, -16)          12
  (8, -16)          12
  (9, -16)          12
  (10, -16)         12
  (11, -16)         12
  (12, -16)         12
  (13, -16)         12
  (14, -16)         12
  (15, -16)         12
  (16, -16)         12
  (17, -16)         12
  (18, -16)         12
  (19, -16)         12
  (20, -16)         12
  (21, -16)         12
  (22, -16)         12
  (23, -16)         12
  (24, -16)         12
  (25, -16)         12
  (26, -16)         12
  (27, -16)         12
  (28, -16)         12
  (29, -16)         12
  (30, -16)         12
  (31, -16)         12
  (32, -16)         12
  (33, -16)         12
  (34, -16)         12
  (35, -16)         12
  (36, -16)         12
  (37, -16)         12
  (38, -16)         12
  (39, -16)         12
  (40, -16)         12
  (41, -16)         12
  (42, -16)         12
  (43, -16)         12
  (44, -16)         12
  (45, -16)         12
  (46, -16)         12
  (47, -16)         12
  (48, -16)         12
  (49, -16)         12
  (50, -16)         12
  (51, -16)         12
  (52, -16)         12
  (53, -16)         12
  (54, -16)         12
  (55, -17)         12
  (56, -18)         12
  (57, -19)         12
  (58, -20)         12
  (59, -21)         12
  (60, -22)         12
  (61, -23)         12
  (62, -24)         12
  (63, -25)         13
rises 0, falls 0, worst step 0: walked end to end
beside: destroyable stone#1 at (61, -23) d0, spawn sp at (-112, 0) d0

## spawn-blue -> stone-0
ROUTE (112, 0) -> (-64, 24) aim travel: 186 blocks, 24 placed, 0 drop(s), worst drop 0
  place            y   step
  (112, 0)          12
  (111, 0)          12
  (110, 0)          12
  (109, 0)          12
  (108, 0)          12
  (107, 0)          12
  (106, 0)          12
  (105, 0)          12
  (104, 0)          12
  (103, 0)          12
  (102, 0)          12
  (101, 0)          12
  (100, 0)          12
  (99, 0)           12
  (98, 0)           12
  (97, 0)           12
  (96, 0)           12
  (95, 0)           12
  (94, 0)           12
  (93, 0)           12
  (92, 0)           12
  (91, 0)           12
  (90, 0)           12
  (89, 0)           12
  (88, 0)           12
  (87, 0)           12
  (86, 0)           12
  (85, 0)           12
  (84, 0)           12
  (83, 0)           12
  (82, 0)           12
  (81, 0)           12
  (80, 0)           12
  (79, 0)           12
  (78, 0)           12
  (77, 0)           12
  (76, 0)           12
  (75, 0)           12
  (74, 0)           12
  (73, 0)           12
  (72, 0)           12
  (71, 0)           12
  (70, 0)           12
  (69, 0)           12
  (68, 0)           12
  (67, 0)           12
  (66, 0)           12
  (65, 0)           12
  (64, 0)           12
  (63, 0)           12
  (62, 0)           12
  (61, 0)           12
  (60, 0)           12
  (59, 0)           12
  (58, 0)           12
  (57, 0)           12
  (56, 0)           12
  (55, 0)           12
  (54, 0)           12
  (53, 0)           12
  (52, 0)           12
  (51, 0)           12
  (50, 0)           12
  (49, 0)           12
  (48, 0)           12
  (47, 0)           12
  (46, 0)           12
  (45, 0)           12
  (44, 0)           12
  (43, 0)           12
  (42, 0)           12
  (41, 0)           12
  (40, 0)           12
  (39, 0)           12
  (38, 0)           12
  (37, 0)           12
  (36, 0)           12
  (35, 0)           12
  (34, 0)           12
  (33, 0)           12
  (32, 0)           12
  (31, 0)           12
  (30, 0)           12
  (29, 0)           12
  (28, 0)           12
  (27, 0)           12
  (26, 0)           12
  (25, 0)           12
  (24, 0)           12
  (23, 0)           12
  (22, 0)           12
  (21, 0)           12
  (20, 0)           12
  (19, 0)           12
  (18, 0)           12
  (17, 0)           12
  (16, 0)           12
  (15, 0)           12
  (14, 1)           12
  (13, 2)           12
  (12, 3)           12
  (11, 4)           12
  (10, 5)           12
  (9, 6)            12
  (8, 7)            12
  (7, 8)            12
  (6, 9)            12
  (5, 10)           12
  (4, 11)           12
  (3, 12)           12
  (2, 13)           12
  (1, 14)           12
  (0, 15)           12
  (-1, 15)          12
  (-2, 15)          12
  (-3, 15)          12
  (-4, 15)          12
  (-5, 15)          12
  (-6, 15)          12
  (-7, 15)          12
  (-8, 15)          12
  (-9, 15)          12
  (-10, 15)         12
  (-11, 15)         12
  (-12, 15)         12
  (-13, 15)         12
  (-14, 15)         12
  (-15, 15)         12
  (-16, 15)         12
  (-17, 15)         12
  (-18, 15)         12
  (-19, 15)         12
  (-20, 15)         12
  (-21, 15)         12
  (-22, 15)         12
  (-23, 15)         12
  (-24, 15)         12
  (-25, 15)         12
  (-26, 15)         12
  (-27, 15)         12
  (-28, 15)         12
  (-29, 15)         12
  (-30, 15)         12
  (-31, 15)         12
  (-32, 15)         12
  (-33, 15)         12
  (-34, 15)         12
  (-35, 15)         12
  (-36, 15)         12
  (-37, 15)         12
  (-38, 15)         12
  (-39, 15)         12
  (-40, 15)         12
  (-41, 15)         12
  (-42, 15)         12
  (-43, 15)         12
  (-44, 15)         12
  (-45, 15)         12
  (-46, 15)         12
  (-47, 15)         12
  (-48, 15)         12
  (-49, 15)         12
  (-50, 15)         12
  (-51, 15)         12
  (-52, 15)         12
  (-53, 15)         12
  (-54, 15)         12
  (-55, 15)         12
  (-56, 16)         12
  (-57, 17)         12
  (-58, 18)         12
  (-59, 19)         12
  (-60, 20)         12
  (-61, 21)         12
  (-62, 22)         12
  (-63, 23)         12
  (-64, 24)         13
rises 0, falls 0, worst step 0: walked end to end
beside: destroyable stone at (-64, 24) d0, spawn sp#1 at (105, 0) d0

## spawn-blue -> stone-1
ROUTE (112, 0) -> (63, -25) aim travel: 59 blocks, 0 placed, 0 drop(s), worst drop 0
  place            y   step
  (112, 0)          12
  (111, 0)          12
  (110, 0)          12
  (109, 0)          12
  (108, 0)          12
  (107, 0)          12
  (106, 0)          12
  (105, 0)          12
  (104, 0)          12
  (103, 0)          12
  (102, 0)          12
  (101, 0)          12
  (100, 0)          12
  (99, 0)           12
  (98, 0)           12
  (97, 0)           12
  (96, 0)           12
  (95, 0)           12
  (94, 0)           12
  (93, 0)           12
  (92, 0)           12
  (91, 0)           12
  (90, 0)           12
  (89, 0)           12
  (88, 0)           12
  (87, -1)          12
  (86, -2)          12
  (85, -3)          12
  (84, -4)          12
  (83, -5)          12
  (82, -6)          12
  (81, -7)          12
  (80, -8)          12
  (79, -9)          12
  (78, -10)         12
  (77, -11)         12
  (76, -12)         12
  (75, -13)         12
  (74, -14)         12
  (73, -15)         12
  (72, -16)         12
  (71, -17)         12
  (70, -18)         12
  (69, -19)         12
  (68, -20)         12
  (67, -21)         12
  (66, -22)         12
  (65, -23)         12
  (64, -24)         12
  (63, -25)         13
rises 0, falls 0, worst step 0: walked end to end
beside: destroyable stone#1 at (63, -25) d0, spawn sp#1 at (105, 0) d0
