CLAIMS  1 char = 1 block  x -55..54 across, z -85..84 down
KEY  0 free  1 water  2 paving  3 structure  4 tree  5 boulder  6 flora  7 spawn keep-out  8 door approach  9 goal clearance  a wool-room keep-out  b structure keep-out  space void
         -5        -4        -3        -2        -1         0         1         2         3         4         5    
     54321098765432109876543210987654321098765432109876543210123456789012345678901234567890123456789012345678901234
 -85                                         0000000000000000007777777777777777777777777777777777700000000000000000
 -84                                         000000000000000000777777bbbbbbbbbbbbbbbbbbbbbb777777700000000000000000
 -83                                         000000000000000000777777bbbbbbbbbbbbbbbbbbbbbb777777700000000000000000
 -82                                         000000000000000000777777bbbbbbbbbbbbbbbbbbbbbb777777700000000000000000
 -81                                         0000000000000000007bbbbbbbbbbbbbbbbbbbbbbbbbbbbbbbbb700000000000000000
 -80                                         0000000000000000007bbbbbbbbbbbbbbbbbbbbbbbbbbbbbbbbb700000000000000000
 -79                                         0000000000000000007bbbbbbbbbbbbbbbbbbbbbbbbbbbbbbbbb700000000000000000
 -78                                         0000000000000000007bbbbbbbbbbbbbbbbbbbbbbbbbbbbbbbbb700000000000000000
 -77                                         0000000000000000007bbbbbbbbbbbbbbbbbbbbbbbbbbbbbbbbb700000000000000000
 -76                                         0000000000000000007bbbbbbbbbbbbbbbbbbbbbbbbbbbbbbbbb700000000000000000
 -75                                         0000000000000000007bbbbbbbbbbbbbbbbbbbbbbbbbbbbbbbbb700000000000000000
 -74                                         000000000000000000777777bbbbbbbbbbbbbbbbbbbbbb777777700000000000000000
 -73                                         000000000000000000777777bbbbbbbbbbbbbbbbbbbbbb777777700000000000000000
 -72                                         000000000000000000777777bbbbbbbbbbbbbbbbbbbbbb777777700000000000000000
 -71                                         0000000000000000007777777777777777777777777777777777700000000000000000
 -70                                         0000000000000000007777777777777777777777777777777777700000000000000000
 -69                                         0000000000000000007777777777777777777777777777777777700000000000000000
 -68                                         0000000000000000007777777777777777777777777777777777700000000000000000
 -67                                         0000000000000000000000000088888888888888888880000000000000000000000000
 -66                                         0000000000000000000000000088888888888888888880000000000000000000000000
 -65                                         0000000000000000000000000088888888888888888880000000000000000000000000
 -64                                         0000000000000000000000000088888888888888888880000000000000000000000000
 -63                                         0000000000000000000000000088888888888888888880000000000000000000000000
 -62                                         0000000000000000000000000088888888888888888880000000000000000000000000
 -61                                         0000000000000000000000000088888888888888888880000000000000000000000000
 -60                                         0000000000000000000000000088888888888888888880000000000000000000000000
 -59                                         0000000000000000000000000088888888888888888880000000000000000000000000
 -58                                         0000000000000000000000000088888888888888888880000000000000000000000000
 -57                                         0000000000000000000000000088888888888888888880000000000000000000000000
 -56                                         0000000000000000000000000088888888888888888880000000000000000000000000
 -55                                         0000000000000000000000000088888888888888888880000000000000000000000000
 -54                                         0000000000000000000000000088888888888888888880000000000000000000000000
 -53                                         0000000000000000000000000088888888888888888880000000000000000000000000
 -52                                         0000000000000000000000000000000000000000000000000000000000000000000000
 -51                                         0000000000000000000000000000000000000000000000000000000000000000000000
 -50                                         0000000000000000000000000000000000000000000000000000000000000000000000
 -49                                         0000000000000000000000000000000000000000000000000000000000000000000000
 -48                                         0000000000000000000000000000000000000000000000000000000000000000000000
 -47                                         0000000000000000000000000000000000000000000000000000000000000000000000
 -46                                         0000000000000000000000000000000000000000000000000000000000000000000000
 -45                                         0000000000000000000000000000000000000000000000000000000000000000000000
 -44                                         0000000000000000000000000000000000000000000000000000000000000000000000
 -43                                         0000000000000000000000000000000000000000000000000000000000000000000000
 -42                                         0000000000000000000000000000000000000000000000000000000000000000000000
 -41                                         0000000000000000000000000000000000000000000000000000000000000000000000
 -40                                         0000000000000000000000000000000000000000000000000000000000000000000000
 -39                                         0000000000000000000000000000000000000000000000000000000000000000000000
 -38                                         0000000000000000000000000000000000000000000000000000000000000000000000
 -37                                         0000000000000000000000000000000000000000000000000000000000000000000000
 -36                                         0000000000000000000000000000000000000000000000000000000000000000000000
 -35                                         0000000000000000000000000000000000000000000000000000000000000000000000
 -34                                         0000000000000000000000000000000000000000000000000000000000000000000000
 -33                                         0000000000000000000000000000000000000000000000000000000000000000000000
 -32                                         0000000000000000000000000000000000000000000000000000000000000000000000
 -31                                         0000000000000000000000000000000000000000000000000000000000000000000000
 -30                                         0000000000000000000000000000000000000000000000000000000000000000000000
 -29                                         0000000000000000000000000000000000000000000000000000000000000000000000
 -28                                         0000000000000000000000000000000000000000000000000000000000000000000000
 -27                                         0000000000000000000000000000000000000000000000000000000000000000000000
 -26                                         0000000000000000000000000000000000000000000000000000000000000000000000
 -25                                         0000000000000000000000000000000000000000000000000000000000000000000000
 -24                                         0000000000000000000000000000000000000000000000000000000000000000000000
 -23                                         0000000000000000000000000000000000000000000000000000000000000000000000
 -22                                         0000000000000000000000000000000000000000000000000000000000000000000000
 -21                                         0000000000000000000000000000000000000000000000000000000000000000000000
 -20                                                                                                               
 -19                                                                                                               
 -18                                                                                                               
 -17                                                                                                               
 -16                                                                                                               
 -15                                                                                                               
 -14                                                                                                               
 -13                                                                                                               
 -12                                                                                                               
 -11                                                                                                               
 -10                                         999999999990000000000000000000                                        
  -9                                         999999999990000000000000000000                                        
  -8                                         999999999990000000000000000000                                        
  -7                                         999999999990000000000000000000                                        
  -6                                         999999999990000000000000000000                                        
  -5                                         999999999990000000000000000000                                        
  -4                                         999999999990000000000000000000                                        
  -3                                         999999999990000000000000000000                                        
  -2                                         999999999990000000000000000000                                        
  -1                                         999999999990000000099999999999                                        
   0                                         999999999990000000099999999999                                        
   1                                         000000000000000000099999999999                                        
   2                                         000000000000000000099999999999                                        
   3                                         000000000000000000099999999999                                        
   4                                         000000000000000000099999999999                                        
   5                                         000000000000000000099999999999                                        
   6                                         000000000000000000099999999999                                        
   7                                         000000000000000000099999999999                                        
   8                                         000000000000000000099999999999                                        
   9                                         000000000000000000099999999999                                        
  10                                                                                                               
  11                                                                                                               
  12                                                                                                               
  13                                                                                                               
  14                                                                                                               
  15                                                                                                               
  16                                                                                                               
  17                                                                                                               
  18                                                                                                               
  19                                                                                                               
  20 0000000000000000000000000000000000000000000000000000000000000000000000                                        
  21 0000000000000000000000000000000000000000000000000000000000000000000000                                        
  22 0000000000000000000000000000000000000000000000000000000000000000000000                                        
  23 0000000000000000000000000000000000000000000000000000000000000000000000                                        
  24 0000000000000000000000000000000000000000000000000000000000000000000000                                        
  25 0000000000000000000000000000000000000000000000000000000000000000000000                                        
  26 0000000000000000000000000000000000000000000000000000000000000000000000                                        
  27 0000000000000000000000000000000000000000000000000000000000000000000000                                        
  28 0000000000000000000000000000000000000000000000000000000000000000000000                                        
  29 0000000000000000000000000000000000000000000000000000000000000000000000                                        
  30 0000000000000000000000000000000000000000000000000000000000000000000000                                        
  31 0000000000000000000000000000000000000000000000000000000000000000000000                                        
  32 0000000000000000000000000000000000000000000000000000000000000000000000                                        
  33 0000000000000000000000000000000000000000000000000000000000000000000000                                        
  34 0000000000000000000000000000000000000000000000000000000000000000000000                                        
  35 0000000000000000000000000000000000000000000000000000000000000000000000                                        
  36 0000000000000000000000000000000000000000000000000000000000000000000000                                        
  37 0000000000000000000000000000000000000000000000000000000000000000000000                                        
  38 0000000000000000000000000000000000000000000000000000000000000000000000                                        
  39 0000000000000000000000000000000000000000000000000000000000000000000000                                        
  40 0000000000000000000000000000000000000000000000000000000000000000000000                                        
  41 0000000000000000000000000000000000000000000000000000000000000000000000                                        
  42 0000000000000000000000000000000000000000000000000000000000000000000000                                        
  43 0000000000000000000000000000000000000000000000000000000000000000000000                                        
  44 0000000000000000000000000000000000000000000000000000000000000000000000                                        
  45 0000000000000000000000000000000000000000000000000000000000000000000000                                        
  46 0000000000000000000000000000000000000000000000000000000000000000000000                                        
  47 0000000000000000000000000000000000000000000000000000000000000000000000                                        
  48 0000000000000000000000000000000000000000000000000000000000000000000000                                        
  49 0000000000000000000000000000000000000000000000000000000000000000000000                                        
  50 0000000000000000000000000000000000000000000000000000000000000000000000                                        
  51 0000000000000000000000000000000000000000000000000000000000000000000000                                        
  52 0000000000000000000000000000000000000000000000000000000000000000000000                                        
  53 0000000000000000000000000088888888888888888880000000000000000000000000                                        
  54 0000000000000000000000000088888888888888888880000000000000000000000000                                        
  55 0000000000000000000000000088888888888888888880000000000000000000000000                                        
  56 0000000000000000000000000088888888888888888880000000000000000000000000                                        
  57 0000000000000000000000000088888888888888888880000000000000000000000000                                        
  58 0000000000000000000000000088888888888888888880000000000000000000000000                                        
  59 0000000000000000000000000088888888888888888880000000000000000000000000                                        
  60 0000000000000000000000000088888888888888888880000000000000000000000000                                        
  61 0000000000000000000000000088888888888888888880000000000000000000000000                                        
  62 0000000000000000000000000088888888888888888880000000000000000000000000                                        
  63 0000000000000000000000000088888888888888888880000000000000000000000000                                        
  64 0000000000000000000000000088888888888888888880000000000000000000000000                                        
  65 0000000000000000000000000088888888888888888880000000000000000000000000                                        
  66 0000000000000000000000000088888888888888888880000000000000000000000000                                        
  67 0000000000000000000000000088888888888888888880000000000000000000000000                                        
  68 0000000000000000007777777777777777777777777777777777700000000000000000                                        
  69 0000000000000000007777777777777777777777777777777777700000000000000000                                        
  70 0000000000000000007777777777777777777777777777777777700000000000000000                                        
  71 000000000000000000777777bbbbbbbbbbbbbbbbbbbbbb777777700000000000000000                                        
  72 000000000000000000777777bbbbbbbbbbbbbbbbbbbbbb777777700000000000000000                                        
  73 000000000000000000777777bbbbbbbbbbbbbbbbbbbbbb777777700000000000000000                                        
  74 000000000000000000bbbbbbbbbbbbbbbbbbbbbbbbbbbbbbbbb7700000000000000000                                        
  75 000000000000000000bbbbbbbbbbbbbbbbbbbbbbbbbbbbbbbbb7700000000000000000                                        
  76 000000000000000000bbbbbbbbbbbbbbbbbbbbbbbbbbbbbbbbb7700000000000000000                                        
  77 000000000000000000bbbbbbbbbbbbbbbbbbbbbbbbbbbbbbbbb7700000000000000000                                        
  78 000000000000000000bbbbbbbbbbbbbbbbbbbbbbbbbbbbbbbbb7700000000000000000                                        
  79 000000000000000000bbbbbbbbbbbbbbbbbbbbbbbbbbbbbbbbb7700000000000000000                                        
  80 000000000000000000bbbbbbbbbbbbbbbbbbbbbbbbbbbbbbbbb7700000000000000000                                        
  81 000000000000000000777777bbbbbbbbbbbbbbbbbbbbbb777777700000000000000000                                        
  82 000000000000000000777777bbbbbbbbbbbbbbbbbbbbbb777777700000000000000000                                        
  83 000000000000000000777777bbbbbbbbbbbbbbbbbbbbbb777777700000000000000000                                        
  84 0000000000000000007777777777777777777777777777777777700000000000000000                                        
placed 0, declined 0
