INCLINE  1 char = 4x4 blocks (the top-left block of each)  x -194..190 across, z -103..101 down
KEY  char = tens of degrees from level, read 2 cell(s) either side: 0 = 0..9°, 4 = 40..49°, 8 = 80°+;  H house or hall  ~ water  @ spawn point  ! goal  space = void
     -9 -8-7 -6-5 -4-3 -2-1 -0-9 -8-7 -6-5 -4-3 -2-1  0 1  2 3  4 5  6 7  8 9  0 1  2 3  4 5  6 7  8 9
     4062840628406284062840628406284062840628406284062260482604826048260482604826048260482604826048260
-103 000000000000000000000000000000    000000000000000000000000000000   000000000000000000000000000000
 -99 000000000000000000000000000000    000000000000000000000000000000   000000000000000000000000000000
 -95 000000000000000000000000000000    000000000000000000000000000000   000000000000000000000000000000
 -91 011111222222222222222222222222    111111222222222222222222222221   011111221122222222222222222222
 -87 111222111112222222222222111111    112222111112221100122222111111   111222001111122222222222111111
 -83 222111111121222233322211222111    221111111221101111210111221111   222111122222112233322211222111
 -79 111111112212222332332222111222    111111112121221111222122112222   111112223232322332332222111222
 -75 111111111122222322232221211111    111111121111132100123201211111   110123222123342122232221211111
 -71 111111121112222233322222121111    111111111121222222122211111111   111222310013433233322222121111
 -67 011111111112223334432222211111    011111111122101344311232121111   003332211112334444432222211111
 -63 100111111111123343332211111111    101111111223103432310132111111   113331011112234553332211111111
 -59 111011111111122300133211111111    110111110233023200332133201111   123331111111235542133211111111
 -55 111101111111122200022211111111    111011111232122100031133211111   134431111111134532022211111111
 -51 111110111111121200121211101100    111101111343212100221234211000   123442111111134532121211101100
 -47 111111011011111121111111010011    111110010233220221212333210111   123443211012334431111111010011
 -43 000011101101101111111010101110    000111101133322011023333001110   012444321113444421111010101110
 -39 111100110010101011101010010001    111000110123332100123332110001   112343422223443211101010010001
 -35 111111000100101000001001001110    111111001011333323333210001100   111233443344432100001001001110
 -31 000000111001000110110001000001    000001110001233433332201000011   000013444444431110110001000001
 -27 111111000011000001000000110000    111110000010122333332000100000   111112334343210001000000110000
 -23 000001111100000000000000001111    000001111100000122100000011111   000001122221000000000000001111
 -19 111110000000000000000000000000    111110000000000000000000000000   111110000100000000000000000000
 -15 000000000000000000000000000000    000000000000000000000000000000   000000000000000000000000000000
 -11 000000000000000000000000000000    000000000000000000000000000000   000000000000000000000000000000
  -7                                                                                                  
  -3                                                                                                  
   1                                                                                                  
   5                                                                                                  
   9 000000000000000000000000000000    001000010010101101110100100010   000000010000100111111110010101
  13 000000001000000000000000000000    001000010010101101110101000010   000000010000100111112222221100
  17 000000122321000000000000000000    000100223210101101110110000100   000001223321101011222344433110
  21 000012333333200000000000000000    000112333333101101111111100100   000012334333201011223455543211
  25 000023444344320000000000000000    000233443332301011111210010100   000123443443221111224553454320
  29 101234332333432000000000000001    002243322333211011112200011000   002234443334331111234630045411
  33 012343311133333300000000000010    113343211123231001122200011111   012334311123333211234640055420
  37 124332211112333211111111111122    123332201022333101112221211111   023333210003343201233454554321
  41 134432333333234443333333333332    134331100101233201111222221111   124432100001224311223345543311
  45 234433443333344433333344433333    234310110010123311111222211100   134421000010023321112223333111
  49 234433223333334443333332233332    334311001001123311012221111111   133311000010012320111112221111
  53 133320000000134321000000000011    244320110110234310111212111121   034321000010023211112100111110
  57 123332100002234320000000000001    134432101013334211111211111211   024432100101222203323211211101
  61 123333210013344310000000000001    034444210123433200000110112111   013343210111332124320122211010
  65 123334321224332200000000000011    123444322334443010000001111111   003334321223333133000022221100
  69 123455555555444322222222233332    112344443443321110000000121111   000133433333321233000003321101
  73 133445566655544444444444433333    000234444444311120000011211111   000123343344211233000003322010
  77 223345555555443333333333333332    111123444443211220000112211222   111102233322211233000033221100
  81 221111133321111111111111111122    000001233321122233320322222111   000000011110101234432233221100
  85 010000000000000000000000000010    111111111111112233345432222222   111111110000101123334532211000
  89 100000000000000000000000000001    111111111111111233333333221111   001111111111000112333432110000
  93 000000000000000000000000000000    000000000001111111122211111111   110000000000000011111111000000
  97 000000000000000000000000000000    000000000000000000000000000000   000000000000000000000000000000
 101 000000000000000000000000000000    000000000000000000000000000000   000000000000000000000000000000
ground by angle: 00-09° 38.2%  10-19° 29.3%  20-29° 14.9%  30-39° 11.8%  40-49° 4.7%  50-59° 1%  60-69° 0.1%  
4320 sampled cell(s); 5.8% at 40° or steeper
