CLAIMS  1 char = 1 block  x -40..39 across, z -96..95 down
KEY  0 free  1 water  2 paving  3 structure  4 tree  5 boulder  6 flora  7 spawn keep-out  8 door approach  9 goal clearance  a wool-room keep-out  b structure keep-out  space void
     4        -3        -2        -1         0         1         2         3         
     09876543210987654321098765432109876543210123456789012345678901234567890123456789
 -96 00000000000000000000000000777777777777777777777777777770000000000000000000000000
 -95 00000000000000000000000000777777777777777777777777777770000000000000000000000000
 -94 00000000000000000000000000777777777777777777777777777770000000000000000000000000
 -93 0000000000000000000000000077777777777bbbbbb7777777777770000000000000000000000000
 -92 0000000000000000000000000077777777777bbbbbb7777777777770000000000000000000000000
 -91 0000000000000000000000000077777777777bbbbbb7777777777770000000000000000000000000
 -90 0000000000000000000000000077777777777bbbbbb7777777777770000000000000000000000000
 -89 0000000000000000000000000077777777777bbbbbb7777777777770000000000000000000000000
 -88 0000000000000000000000000077777777777bbbbbb7777777777770000000000000000000000000
 -87 00000000000000000000000000777777777777777777777777777770000000000000000000000000
 -86 00000000000000000000000000777777777777777777777777777770000000000000000000000000
 -85 00000000000000000000000000777777777777777777777777777770000000000000000000000000
 -84 00000000000000000000000000777777777777722777777777777770000000000000000000000000
 -83 00000000000000000000000000777777777777222277777777777770000000000000000000000000
 -82 00000000000000000000000000777777777772222277777777777770000000000000000000000000
 -81 00000000000000000000000000000000088822222888888800000000000000000000000000000000
 -80 00000000000000000000000000000000088222222888888800000000000000000000000000000000
 -79 00000000000000000000000000000000088222228888888800000000000000000000000000000000
 -78 00000000000000000000000000000000082222288888888800000000000000000000000000000000
 -77 00000000000000000000000000000000022222888888888800000000000000000000000000000000
 -76 00000000000000000000000000000000222228888888888800000000000000000000000000000000
 -75 00000000000000000000000000000002222288888888888800000000000000000000000000000000
 -74 00000000000000000000000000000022222288888888888800000000000000000000000000000000
 -73 00000000000000000000000000000022222888888888888800000000000000000000000000000000
 -72 00000000000000000000000000000222228888888888888800000000000000000000000000000000
 -71 00000000000000000000000000002222288888888888888800000000000000000000000000000000
 -70 00000000000000000000000000022222088888888888888800000000000000000000000000000000
 -69 00000000000000000000000000222220088888888888888800000000000000000000000000000000
 -68 00000000000000000000000002222205088888888888888800000000000000000000000000000000
 -67 00000000000000000000000222222555555888888888888800000000000000000000000000000000
 -66 00999999999999999999992222220555555588888888888800000000000000000000000000000000
 -65 00999999999999999999922222200555555500000000000000000000000000000000000000000000
 -64 00999999999999999999222222005555555500000000000000000000000000000000000000000000
 -63 00999999999999999992222220000555555500000000000000000000000000000000000000000000
 -62 00999999999999999922222200000555555500000000000000000000000000000000000000000000
 -61 00999999999999999222222000000055555000000000000000000000000000000000000000000000
 -60 00999999999999999222229000000000000000000000000000000000000000000000000000000000
 -59 00999999999999992222299000000000000000000000000000000000000000000000000000000000
 -58 00999999999999922222999000000000000000000000000000000000000000000000000000000000
 -57 00999999999999922229999000000000000000000000000000000000000000000000000000000000
 -56 00999999999999222229999000000000000000000000000000000000000000000000000000000000
 -55 00999999999999222299999000000000000000000000000000000000000000000000000000000000
 -54 00999999999999222299999000000000000000000000000000000000000000000000000000000000
 -53 00999999999992222999999000000000000000000000000000000000000000000000000000000000
 -52 00999999999922222999999000000000000000000000000000000000000000000000000000000000
 -51 00999999999922229999999000000000000000000000000000000000000000000000000000000000
 -50 00999999999222229999999000000000000000000000000000000000000000000000000000000000
 -49 00999999999222299999999000000000000000000000000000000000000000000000000000000000
 -48 00999999999222299999999000000000000000000000000000000000000000000000000000000000
 -47 00999999992222299999999000000000000000000000000000000000000000000000000000000000
 -46 00999999992222999999999000000000000000000000000000000000000000000000000000000000
 -45 00000000002222000000000000000000000000000000000000000000000000000000000000000000
 -44 00000000002222000000000000000000000000000000000000000000000000000000000000000000
 -43 00000000002222000000000000000000000000000000000000000000000000000000000000000000
 -42 00000000002222000000000000000000000000000000000000000000000000000000000000000000
 -41 00000000002222000000000000000000000000000000000000000000000000000000000000000000
 -40 00000000002222000000000000000000000000000000000000000000000000000000000000000000
 -39 00000000002222000000000000000000000000000000000000000000000000000000000000000000
 -38 00000000002222000000000000000000000000000000000000000000000000000000000000000000
 -37 00000000002222000000000000000000000000000000000000000000000000000000000000000000
 -36 00000000002222200000000000000000000000000000000000000000000000000000000000000000
 -35 00000000000222200000000000000000000000000000000000000000000000000000000000000000
 -34 00000000000222200000000000000000000000000000000000000000000000000000000000000000
 -33 00000000000222200000000000000000000000000000000000000000000000000000000000000000
 -32 00000000000222200000000000000000000000000000000000000000000000000000000000000000
 -31 00000000055222200000000000000000000000000000000000000000000000000000000000000000
 -30 00000005555522220000000000000000000000000000000000000000000000000000000000000000
 -29 00000055555522220000000000000000000000000000000000000000000000000000000000000000
 -28 00000055555522220000000000000000000000000000000000000000000000000000000000000000
 -27 00000055555552200000000000000000000000000000000000000000000000000000000000000000
 -26 00000055555550000000000000000000000000000000000000000000000000000000000000000000
 -25 00000055555500000000000000000000000000000000000000000000000000000000000000000000
 -24 00000005555000000000000000000000000000000000000000000000000000000000000000000000
 -23 00000000000000000000000000000000000000000000000000000000000000000000000000000000
 -22 00000000000000000000000000000000000000000000000000000000000000000000000000000000
 -21 00000000000000000000000000000000000000000000000000000000000000000000000000000000
 -20 00000000000000000000000000000000000000000000000000000000000000000000000000000000
 -19 00000000000000000000000000000000000000000000000000000000000000000000000000000000
 -18 00000000555000000000000000000000000000000000000000000000000000000000000000000000
 -17 00000005555500000000000000000000000000000000000000000000000000000000000000000000
 -16 00000055555550000000000000000000000000000000000000000000000000000000000000000000
 -15 00000055555550000000000000000000000000000000000000000000000000000000000000000000
 -14 00000055555555000000000000000000000000000000000000000000000000000000000000000000
 -13 00000055555550000000000000000000000000000000000000000000000000000000000000000000
 -12 00000055555550000000000000000000000000000000000000000000000000000000000000000000
 -11 00000005555500000000000000000000000000000000000000000000000000000000000000000000
 -10 00000000000000000000000000000000000000000000000000000000000000000000000000000000
  -9 00000000000000000000000000000000000000000000000000000000000000000000000000000000
  -8 00000000000000000000000000000000000000000000000000000000000000000000000000000000
  -7 00000000000000000000000000000000000000000000000000000000000000000000000000000000
  -6 00000000000000000000000000000000000000000000000000000000000000000000000000000000
  -5 00000000000000000000000000000000000000000000000000000000000000000000000000000000
  -4 00000000000000000000000000000000000000000000000000000000000000000000000000000000
  -3 00000000000000000000000000000000000000000000000000000000000000000000000000000000
  -2 00000000000000000000000000000000000000000000000000000000000000000000000000000000
  -1 00000000000000000000000000000000000000000000000000000000000000000000000000000000
   0 00000000000000000000000000000000000000000000000000000000000000000000000000000000
   1 00000000000000000000000000000000000000000000000000000000000000000000000000000000
   2 00000000000000000000000000000000000000000000000000000000000000000000000000000000
   3 00000000000000000000000000000000000000000000000000000000000000000000000000000000
   4 00000000000000000000000000000000000000000000000000000000000000000000000000000000
   5 00000000000000000000000000000000000000000000000000000000000000000000000000000000
   6 00000000000000000000000000000000000000000000000000000000000000000000000000000000
   7 00000000000000000000000000000000000000000000000000000000000000000000000000000000
   8 00000000000000000000000000000000000000000000000000000000000000000000000000000000
   9 00000000000000000000000000000000000000000000000000000000000000000000000000000000
  10 00000000000000000000000000000000000000000000000000000000000000000000555550000000
  11 00000000000000000000000000000000000000000000000000000000000000000005555555000000
  12 00000000000000000000000000000000000000000000000000000000000000000005555555000000
  13 00000000000000000000000000000000000000000000000000000000000000000055555555000000
  14 00000000000000000000000000000000000000000000000000000000000000000005555555000000
  15 00000000000000000000000000000000000000000000000000000000000000000005555555000000
  16 00000000000000000000000000000000000000000000000000000000000000000000555550000000
  17 00000000000000000000000000000000000000000000000000000000000000000000055500000000
  18 00000000000000000000000000000000000000000000000000000000000000000000000000000000
  19 00000000000000000000000000000000000000000000000000000000000000000000000000000000
  20 00000000000000000000000000000000000000000000000000000000000000000000000000000000
  21 00000000000000000000000000000000000000000000000000000000000000000000000000000000
  22 00000000000000000000000000000000000000000000000000000000000000000000000000000000
  23 00000000000000000000000000000000000000000000000000000000000000000000055550000000
  24 00000000000000000000000000000000000000000000000000000000000000000000555555000000
  25 00000000000000000000000000000000000000000000000000000000000000000005555555000000
  26 00000000000000000000000000000000000000000000000000000000000000000225555555000000
  27 00000000000000000000000000000000000000000000000000000000000000002222555555000000
  28 00000000000000000000000000000000000000000000000000000000000000002222555555000000
  29 00000000000000000000000000000000000000000000000000000000000000002222555550000000
  30 00000000000000000000000000000000000000000000000000000000000000000222255000000000
  31 00000000000000000000000000000000000000000000000000000000000000000222200000000000
  32 00000000000000000000000000000000000000000000000000000000000000000222200000000000
  33 00000000000000000000000000000000000000000000000000000000000000000222200000000000
  34 00000000000000000000000000000000000000000000000000000000000000000222200000000000
  35 00000000000000000000000000000000000000000000000000000000000000000222220000000000
  36 00000000000000000000000000000000000000000000000000000000000000000022220000000000
  37 00000000000000000000000000000000000000000000000000000000000000000022220000000000
  38 00000000000000000000000000000000000000000000000000000000000000000022220000000000
  39 00000000000000000000000000000000000000000000000000000000000000000022220000000000
  40 00000000000000000000000000000000000000000000000000000000000000000022220000000000
  41 00000000000000000000000000000000000000000000000000000000000000000022220000000000
  42 00000000000000000000000000000000000000000000000000000000000000000022220000000000
  43 00000000000000000000000000000000000000000000000000000000000000000022220000000000
  44 00000000000000000000000000000000000000000000000000000000000000000022220000000000
  45 00000000000000000000000000000000000000000000000000000000099999999922229999999900
  46 00000000000000000000000000000000000000000000000000000000099999999222229999999900
  47 00000000000000000000000000000000000000000000000000000000099999999222299999999900
  48 00000000000000000000000000000000000000000000000000000000099999999222299999999900
  49 00000000000000000000000000000000000000000000000000000000099999992222299999999900
  50 00000000000000000000000000000000000000000000000000000000099999992222999999999900
  51 00000000000000000000000000000000000000000000000000000000099999922222999999999900
  52 00000000000000000000000000000000000000000000000000000000099999922229999999999900
  53 00000000000000000000000000000000000000000000000000000000099999222299999999999900
  54 00000000000000000000000000000000000000000000000000000000099999222299999999999900
  55 00000000000000000000000000000000000000000000000000000000099992222299999999999900
  56 00000000000000000000000000000000000000000000000000000000099992222999999999999900
  57 00000000000000000000000000000000000000000000000000000000099922222999999999999900
  58 00000000000000000000000000000000000000000000000000000000099222229999999999999900
  59 00000000000000000000000000000000000000000000000000000000092222299999999999999900
  60 00000000000000000000000000000000000000000000055555000000022222299999999999999900
  61 00000000000000000000000000000000000000000000555555500000222222999999999999999900
  62 00000000000000000000000000000000000000000000555555500002222229999999999999999900
  63 00000000000000000000000000000000000000000000555555550022222299999999999999999900
  64 00000000000000000000000000000000000000000000555555500222222999999999999999999900
  65 00000000000000000000000000000000000000000000555555502222229999999999999999999900
  66 00000000000000000000000000000000088888888888855555522222200000000000000000000000
  67 00000000000000000000000000000000088888888888888850222220000000000000000000000000
  68 00000000000000000000000000000000088888888888888802222200000000000000000000000000
  69 00000000000000000000000000000000088888888888888822222000000000000000000000000000
  70 00000000000000000000000000000000088888888888888222220000000000000000000000000000
  71 00000000000000000000000000000000088888888888882222200000000000000000000000000000
  72 00000000000000000000000000000000088888888888822222000000000000000000000000000000
  73 00000000000000000000000000000000088888888888222222000000000000000000000000000000
  74 00000000000000000000000000000000088888888888222220000000000000000000000000000000
  75 00000000000000000000000000000000088888888882222200000000000000000000000000000000
  76 00000000000000000000000000000000088888888822222800000000000000000000000000000000
  77 00000000000000000000000000000000088888888222228800000000000000000000000000000000
  78 00000000000000000000000000000000088888882222288800000000000000000000000000000000
  79 00000000000000000000000000000000088888822222288800000000000000000000000000000000
  80 00000000000000000000000000000000088888822222888800000000000000000000000000000000
  81 00000000000000000000000000000000088888222228888800000000000000000000000000000000
  82 00000000000000000000000000777777777777222277777777777770000000000000000000000000
  83 00000000000000000000000000777777777777722777777777777770000000000000000000000000
  84 00000000000000000000000000777777777777777777777777777770000000000000000000000000
  85 00000000000000000000000000777777777777777777777777777770000000000000000000000000
  86 00000000000000000000000000777777777777777777777777777770000000000000000000000000
  87 0000000000000000000000000077777777777bbbbbb7777777777770000000000000000000000000
  88 0000000000000000000000000077777777777bbbbbb7777777777770000000000000000000000000
  89 0000000000000000000000000077777777777bbbbbb7777777777770000000000000000000000000
  90 0000000000000000000000000077777777777bbbbbb7777777777770000000000000000000000000
  91 0000000000000000000000000077777777777bbbbbb7777777777770000000000000000000000000
  92 0000000000000000000000000077777777777bbbbbb7777777777770000000000000000000000000
  93 00000000000000000000000000777777777777777777777777777770000000000000000000000000
  94 00000000000000000000000000777777777777777777777777777770000000000000000000000000
  95 00000000000000000000000000777777777777777777777777777770000000000000000000000000
placed 8, declined 0
