CLAIMS  1 char = 1 block  x -62..61 across, z -102..101 down
KEY  0 free  1 water  2 route  3 structure  4 tree  5 boulder  6 flora  7 spawn keep-out  8 door approach  9 goal clearance  a wool-room keep-out  b structure keep-out  space void
      -6        -5        -4        -3        -2        -1         0         1         2         3         4         5         6 
     2109876543210987654321098765432109876543210987654321098765432101234567890123456789012345678901234567890123456789012345678901
-102                                                       7777777777777777                                                      
-101                                                 7777777777777777777777777777                                                
-100                                                777777777777777777777777777777                                               
 -99                                               77777777777777777777777777777777                                              
 -98                                               77777777777777777777777777777777                                              
 -97                                               77777777777777777777777777777777                                              
 -96                                               77777777777777777777777777777777                                              
 -95                                               77777777777777777777777777777777                                              
 -94                                               77777777777777777777777777777777                                              
 -93                                               7777777777777bbbbbb7777777777777                                              
 -92                                               7777777777777bbbbbb7777777777777                                              
 -91                                               7777777777777bbbbbb7777777777777                                              
 -90                                               7777777777777bbbbbb7777777777777                                              
 -89                                               77777777aaaaabbbbbbaaaaa77777777                                              
 -88                                               77777777aaaaabbbbbbaaaaa77777777                                              
 -87                                               77777777aaaaa777777aaaaa77777777                                              
 -86                                               77777777aaaaa777777aaaaa77777777                                              
 -85                                                7777777aaaaa777777aaaaa7777777                                               
 -84                                                777772222777722227777222277777                                               
 -83                                                777222222777722227777222222777                                               
 -82                                                772222222777222222777222222277                                               
 -81                                                722222222777222222777222222227                                               
 -80                                           00   222222227777222222777722222222   00                                          
 -79                                           0007222222277777722222277777722222227700                                          
 -78                                            00222222277777772222227777777222222270                                           
 -77                                            02222222000088882222228888800022222220                              aaaaaaa      
 -76    aaaaaaaaaaabbbbba00                     02222220000088882222228888800002222220             00000000000bbbbbaaaaaaaaaaa   
 -75   aaaaaaaaaaaabbbbba0000000000000000000000022222200000088882222228888800000222222000000000000000000000000bbbbbaaaaaaaaaaaa  
 -74  aaaaaaaaaaaaabbbbba0000000000000000000000222222000000088882222228888800000022222200000000000000000000000bbbbbaaaaaaaaaaaaa 
 -73  aaaaaaaaaaaaabbbbba0000000000000000000000222222000000088882222228888800000022222200000000000000000000000bbbbbaaaaaaaaaaaaa 
 -72  aaaaaaaaaaaaabbbbba0000000000000000000002222220000000088882222228888800000002222220000000000000000000000bbbbbaaaaaaaaaaaaa 
 -71  aaaaaaaaaaaaabbbbba8888880000000000000002222200000000088882222228888800000000222220000000000000000888888bbbbbaaaaaaaaaaaaa 
 -70  aaaaaaaaaaaaabbbbba8888880000000000000022222200000000088882222228888800000000222222000000000000000888888bbbbbaaaaaaaaaaaaa 
 -69 aaaaaaaaaaaaaabbbbba8888880000000000000222222000000000088882222228888800000000022222200000000000000888888bbbbbaaaaaaaaaaaaaa
 -68 aaaaaaaaaaaaaabbbbba8888880000000000002222222000000000088882222228888800000000022222220000000000000888888bbbbbaaaaaaaaaaaaaa
 -67 aaaaaaaaaaaaaabbbbba8888880000000000222222220000000000088882222228888800000000002222222200000000000888888bbbbbaaaaaaaaaaaaaa
 -66 aaaaaaaaaaaaaabbbbba8888880000000022222222200000000000088882222228888800000000000222222222000000000888888bbbbbaaaaaaaaaaaaaa
 -65 aaaaaaabbbbbbabbbbba8888882222222222222222000000000000088882222228888800000000000022222222222222220888888bbbbbabbbbbbaaaaaaa
 -64 aaaaaaabbbbbbabbbbb22222222222222222222220000000000000000002222220000000000000000002222222222222222222222bbbbbabbbbbbaaaaaaa
 -63 aaaaaaabbbbbbabbbbb22222222222222222222000000000000000000002222220000000000000000000022222222222222222222bbbbbabbbbbbaaaaaaa
 -62 aaaaaaabbbbbbabbbbb22222222222222222200000000000000000000002222220000000000000000000000222222222222222222bbbbbabbbbbbaaaaaaa
 -61 aaaaaaabbbbbbabbbbb22222222222222200000000000000000000000002222220000000000000000000000000222222222222222bbbbbabbbbbbaaaaaaa
 -60 aaaaaaabbbbbbabbbbb22222220000000000000000000000000000000002222220000000000000000000000000000000002222222bbbbbabbbbbbaaaaaaa
 -59 aaaaaaaaaaaaaabbbbba8888880000000000000000000000000000000002222220000000000000000000000000000000000888888bbbbbaaaaaaaaaaaaaa
 -58 aaaaaaaaaaaaaabbbbba8888880000000000400040000000000000000002222220000000000000000000000040004000000888888bbbbbaaaaaaaaaaaaaa
 -57 aaaaaaaaaaaaaabbbbba8888880040000000004000000044440000000002222220000000000000444400000000400000000888888bbbbbaaaaaaaaaaaaaa
 -56  aaaaaaaaaaaaabbbbba8888880444000000000400000044440000000002222220000000000000444400000000040000400888888bbbbbaaaaaaaaaaaaa 
 -55  aaaaaaaaaaaaabbbbba8888884444400000040000000044440000000002222220000000000000444400000004000004440888888bbbbbaaaaaaaaaaaaa 
 -54  aaaaaaaaaaaaabbbbba8888844444440000004000000044440000000002222220000000000000444400000000400044444888888bbbbbaaaaaaaaaaaaa 
 -53  aaaaaaaaaaaaabbbbba0000004444400000000000000000000000000002222220000000000000000000000000000004440000000bbbbbaaaaaaaaaaaaa 
 -52  aaaaaaaaaaaaabbbbba0000000444000000000000000000000000000002222220000000000000000000000000000000400000000bbbbbaaaaaaaaaaaaa 
 -51   aaaaaaaaaaaabbbbba0000000040000000000000000000000000000002222220000000000000000000000000000000000000000bbbbbaaaaaaaaaaaa  
 -50    aaaaaaaaaaabbbbba00000000000           0000000000000000022222200000000000000000           000000000000bbbbbaaaaaaaaaaa   
 -49      aaaaaaaaabbbbba00000                  00000000000000002222220000000000000000                   00000bbbbbaaaaaaaaa     
 -48                                            00000000000000002222220000000000000000                                           
 -47                                            00333333333000002222220000003333333330                                           
 -46                                           0003333333330000022222200000033333333300                                          
 -45                                           0003333333330000022222200000033333333300                                          
 -44                                           0003333333330000022222200000033333333300                                          
 -43                                           0003333333330000022222200000033333333300                                          
 -42                                           0003333333330000022222200000033333333300                                          
 -41                                           0003333333330000022222200000033333333300                                          
 -40                                          000033333333300000222222000000333333333000                                         
 -39                                          000000000000000000222222000000000000000000                                         
 -38                                          000000000000000000222222000000000000000000                                         
 -37                                          000000000000000000022220000000000000000000                                         
 -36                                           0000000000000000002222000000000000000000                                          
 -35                                            00000000000000000000000000000000000000                                           
 -34                                                                                                                             
 -33                                                                                                                             
 -32                                                                                                                             
 -31                                                                                                                             
 -30                                                                                                                             
 -29                                                                                                                             
 -28                                                                                                                             
 -27                                                                                                                             
 -26                                                                                                                             
 -25                                                                                                                             
 -24                                                                                                                             
 -23                                                                                                                             
 -22                                                                                                                             
 -21                                                                                                                             
 -20                                                                                                                             
 -19                                                                                                                             
 -18                                                                                                                             
 -17                                      00000000000000000000000                                                                
 -16                                  0000000000000000000000000000000000000000000        0000000                                 
 -15                                 000000000000000000000000000022220000000000000000000000000000                                
 -14                                0000000000000000000000000000022220000000000000000000000000000                                
 -13                                00000000000000000000000000002222220000000000000000000000000000                               
 -12                                00000000000000000000000000002222220000000000044444444400000000                               
 -11                                00000000000000000000000000002222220000000000000000000000000000                               
 -10                                00000000000000000000000000002222220000000000000000000000000000                               
  -9                                00000000000000000000000000002222220000000000000000000000000000                               
  -8                                00000000000000000000000000002222220000000000000000000040000000                               
  -7                                00000000000000000033333333332222220000000000000000000444000000                               
  -6                                00000000000000000033333333332222220000000000000000004444400000                               
  -5                                00000000000000000033333333332222220000000000000000044444440000                               
  -4                                00000000000000000033333333332222220000000000000000004444400000                               
  -3                                00000000000000000033333333332222223333333333000000000444000000                               
  -2                                00000000000000000033333333332222223333333333000000000040000000                               
  -1                                00000000000000000033333333332222223333333333000000000000000000                               
   0                                00000000000000000033333333332222223333333333000000000000000000                               
   1                                00000004000000000033333333332222223333333333000000000000000000                               
   2                                00000044400000000033333333332222223333333333000000000000000000                               
   3                                00000444440000000000000000002222223333333333000000000000000000                               
   4                                00004444444000000000000000002222223333333333000000000000000000                               
   5                                00000444440000000000000000002222223333333333000000000000000000                               
   6                                00000044400000000000000000002222223333333333000000000000000000                               
   7                                00000004000000000000000000002222220000000000000000000000000000                               
   8                                00000000000000000000000000002222220000000000000000000000000000                               
   9                                00000000000000000000000000002222220000000000000000000000000000                               
  10                                00000000000000000000000000002222220000000000000000000000000000                               
  11                                00000000444444444000000000002222220000000000000000000000000000                               
  12                                00000000000000000000000000002222220000000000000000000000000000                               
  13                                0000000000000000000000000000022220000000000000000000000000000                                
  14                                 000000000000000000000000000022220000000000000000000000000000                                
  15                                  0000000000000000000000000000000000000000000000000000000000                                 
  16                                                                                                                             
  17                                                                                                                             
  18                                                                                                                             
  19                                                                                                                             
  20                                                                                                                             
  21                                                                                                                             
  22                                                                                                                             
  23                                                                                                                             
  24                                                                                                                             
  25                                                                                                                             
  26                                                                                                                             
  27                                                                                                                             
  28                                                                                                                             
  29                                                                                                                             
  30                                                                                                                             
  31                                                                                                                             
  32                                                                                                                             
  33                                                                                                                             
  34                                            00000000000000000000000000000000000000                                           
  35                                           0000000000000000002222000000000000000000                                          
  36                                          000000000000000000022220000000000000000000                                         
  37                                          000000000000000000222222000000000000000000                                         
  38                                          000000000000000000222222000000000000000000                                         
  39                                          000333333333000000222222000003333333330000                                         
  40                                           0033333333300000022222200000333333333000                                          
  41                                           0033333333300000022222200000333333333000                                          
  42                                           0033333333300000022222200000333333333000                                          
  43                                           0033333333300000022222200000333333333000                                          
  44                                           0033333333300000022222200000333333333000                                          
  45                                           0033333333300000022222200000333333333000                                          
  46                                            03333333330000002222220000033333333300                                           
  47                                            00000000000000002222220000000000000000                                           
  48      aaaaaaaaabbbbba0000                   00000000000000002222220000000000000000                  000000bbbbbaaaaaaaaa     
  49    aaaaaaaaaaabbbbba00000000000           0000000000000000022222200000000000000000           000000000000bbbbbaaaaaaaaaaa   
  50   aaaaaaaaaaaabbbbba0000000000000000000000000000000000000002222220000000000000000000000000000004000000000bbbbbaaaaaaaaaaaa  
  51  aaaaaaaaaaaaabbbbba0000000400000000000000000000000000000002222220000000000000000000000000000044400000000bbbbbaaaaaaaaaaaaa 
  52  aaaaaaaaaaaaabbbbba0000004440000000000000000000000000000002222220000000000000000000000000000444440000000bbbbbaaaaaaaaaaaaa 
  53  aaaaaaaaaaaaabbbbba0000044444000400000000444400000000000002222220000000004444000000040000004444444000000bbbbbaaaaaaaaaaaaa 
  54  aaaaaaaaaaaaabbbbba8888884440000040000000444400000000000002222220000000004444000000004000000444440888888bbbbbaaaaaaaaaaaaa 
  55  aaaaaaaaaaaaabbbbba8888880400004000000000444400000000000002222220000000004444000000400000000044400888888bbbbbaaaaaaaaaaaaa 
  56 aaaaaaaaaaaaaabbbbba8888880000000400000000444400000000000002222220000000004444000000040000000004000888888bbbbbaaaaaaaaaaaaaa
  57 aaaaaaaaaaaaaabbbbba8888880000040004000000000000000000000002222220000000000000000004000400000000000888888bbbbbaaaaaaaaaaaaaa
  58 aaaaaaaaaaaaaabbbbba8888880000000000000000000000000000000002222220000000000000000000000000000000000888888bbbbbaaaaaaaaaaaaaa
  59 aaaaaaabbbbbbabbbbb22222220000000000000000000000000000000002222220000000000000000000000000000000002222222bbbbbabbbbbbaaaaaaa
  60 aaaaaaabbbbbbabbbbb22222222222222200000000000000000000000002222220000000000000000000000000222222222222222bbbbbabbbbbbaaaaaaa
  61 aaaaaaabbbbbbabbbbb22222222222222222200000000000000000000002222220000000000000000000000222222222222222222bbbbbabbbbbbaaaaaaa
  62 aaaaaaabbbbbbabbbbb22222222222222222222000000000000000000002222220000000000000000000022222222222222222222bbbbbabbbbbbaaaaaaa
  63 aaaaaaabbbbbbabbbbb22222222222222222222220000000000000000002222220000000000000000002222222222222222222222bbbbbabbbbbbaaaaaaa
  64 aaaaaaabbbbbbabbbbba8888882222222222222222000000000000000002222220000000000000000022222222222222220888888bbbbbabbbbbbaaaaaaa
  65 aaaaaaaaaaaaaabbbbba8888880000000022222222200000000000088882222228888800000000000222222222000000000888888bbbbbaaaaaaaaaaaaaa
  66 aaaaaaaaaaaaaabbbbba8888880000000000222222220000000000088882222228888800000000002222222200000000000888888bbbbbaaaaaaaaaaaaaa
  67 aaaaaaaaaaaaaabbbbba8888880000000000002222222000000000088882222228888800000000022222220000000000000888888bbbbbaaaaaaaaaaaaaa
  68 aaaaaaaaaaaaaabbbbba8888880000000000000222222000000000088882222228888800000000022222200000000000000888888bbbbbaaaaaaaaaaaaaa
  69  aaaaaaaaaaaaabbbbba8888880000000000000022222200000000088882222228888800000000222222000000000000000888888bbbbbaaaaaaaaaaaaa 
  70  aaaaaaaaaaaaabbbbba8888880000000000000002222200000000088882222228888800000000222220000000000000000888888bbbbbaaaaaaaaaaaaa 
  71  aaaaaaaaaaaaabbbbba8888880000000000000002222220000000088882222228888800000002222220000000000000000888888bbbbbaaaaaaaaaaaaa 
  72  aaaaaaaaaaaaabbbbba0000000000000000000000222222000000088882222228888800000022222200000000000000000000000bbbbbaaaaaaaaaaaaa 
  73  aaaaaaaaaaaaabbbbba0000000000000000000000222222000000088882222228888800000022222200000000000000000000000bbbbbaaaaaaaaaaaaa 
  74   aaaaaaaaaaaabbbbba0000000000000000000000022222200000088882222228888800000222222000000000000000000000000bbbbbaaaaaaaaaaaa  
  75    aaaaaaaaaaabbbbba0000000000             02222220000088882222228888800002222220                     000bbbbbaaaaaaaaaaa   
  76       aaaaaaa                              02222222000088882222228888800022222220                                           
  77                                            00222222200088882222228888800222222200                                           
  78                                           0007222222277777722222277777722222227700                                          
  79                                           00   222222227777222222777722222222   00                                          
  80                                                722222222777222222777222222227                                               
  81                                                772222222777222222777222222277                                               
  82                                                777222222777722227777222222777                                               
  83                                                777772222777722227777222277777                                               
  84                                                7777777aaaaa777777aaaaa7777777                                               
  85                                               77777777aaaaa777777aaaaa77777777                                              
  86                                               77777777aaaaa777777aaaaa77777777                                              
  87                                               77777777aaaaabbbbbbaaaaa77777777                                              
  88                                               77777777aaaaabbbbbbaaaaa77777777                                              
  89                                               7777777777777bbbbbb7777777777777                                              
  90                                               7777777777777bbbbbb7777777777777                                              
  91                                               7777777777777bbbbbb7777777777777                                              
  92                                               7777777777777bbbbbb7777777777777                                              
  93                                               77777777777777777777777777777777                                              
  94                                               77777777777777777777777777777777                                              
  95                                               77777777777777777777777777777777                                              
  96                                               77777777777777777777777777777777                                              
  97                                               77777777777777777777777777777777                                              
  98                                               77777777777777777777777777777777                                              
  99                                                777777777777777777777777777777                                               
 100                                                 7777777777777777777777777777                                                
 101                                                       7777777777777777                                                      
placed 30, declined 0
