INCLINE  1 char = 4x4 blocks (the top-left block of each)  x -188..184 across, z -67..65 down
KEY  char = tens of degrees from level, read 2 cell(s) either side: 0 = 0..9°, 4 = 40..49°, 8 = 80°+;  H house or hall  ~ water  @ spawn point  ! goal  space = void
     9-8 -7-6 -5-4 -3-2 -1-0 -9-8 -7-6 -5-4 -3-2 -1 0  1 2  3 4  5 6  7 8  9 0  1 2  3 4  5 6  7 8 
     8406284062840628406284062840628406284062840628404826048260482604826048260482604826048260482604
 -67 0000000000000000    0000000000000000   0000000000000000    0000000000000000   0000000000000000
 -63 0000000000000000    0000000000000000   0000000000000000    0000000000000000   0000000000000000
 -59 0000000000000000    0000000000000000   0000000000000000    0000000000000000   0000000000000000
 -55 0000000000132000    0000000000231000   0000000000132000    0000000000231000   0000000000132000
 -51 0025774002556510    0137770004655300   0025774002556510    0137770004655300   0025774002556510
 -47 0787567025544651    4787475045535530   0787567025544651    4787475045535530   0787567025544651
 -43 2820017755300455    7600067455102552   2820017755300455    7600067455102552   2820017755300455
 -39 1820002754000046    7700006651000263   1820002754000046    7700006651000263   1820002754000046
 -35 1820005754000155    7700017651000353   1820005754000155    7700017651000353   1820005754000155
 -31 1752027556401554    7721077355103551   1752027556401554    7721077355103551   1752027556401554
 -27 0578777015545540    1787684035545520   0578777015545540    1787684035545520   0578777015545540
 -23 0003771001565400    0006750003555200   0003771001565400    0006750003555200   0003771001565400
 -19 0000000000011000    0000000000010000   0000000000011000    0000000000010000   0000000000011000
 -15 0000000000000000    0000000000000000   0000000000000000    0000000000000000   0000000000000000
 -11 0000000000000000    0000000000000000   0000000000000000    0000000000000000   0000000000000000
  -7                                                                                               
  -3                                                                                               
   1                                                                                               
   5                                                                                               
   9 0000000000000000    0000000000000000   0000000000000000    0000000000000000   0000000000000000
  13 0000000000000000    0000000000000000   0000000000000000    0000000000000000   0000000000000000
  17 0000000000000000    0000000000000000   0000000000000000    0000000000000000   0000000000000000
  21 0000550000455300    0003630002554100   0000550000455300    0003630002554100   0000550000455300
  25 0477777004555530    0678773015556510   0477777004555530    0678773015556510   0477777004555530
  29 1765137445511553    6764077255304551   1765137445511553    6764077255304551   1765137445511553
  33 2810006755100155    7600037653000363   2810006755100155    7600037653000363   2810006755100155
  37 0820001743000045    6700006650000163   0820001743000045    6700006650000163   0820001743000045
  41 2710017755200355    7600058564001563   2710017755200355    7600058564001563   2710017755200355
  45 0777357135523552    5876176155315540   0777357135523552    5876176155315540   0777357135523552
  49 0167875003565520    0467771015666400   0167875003565520    0467771015666400   0167875003565520
  53 0000110000244100    0000200001343000   0000110000244100    0000200001343000   0000110000244100
  57 0000000000000000    0000000000000000   0000000000000000    0000000000000000   0000000000000000
  61 0000000000000000    0000000000000000   0000000000000000    0000000000000000   0000000000000000
  65 0000000000000000    0000000000000000   0000000000000000    0000000000000000   0000000000000000
ground by angle: 00-09° 59.7%  10-19° 5.5%  20-29° 3.2%  30-39° 3.7%  40-49° 3.9%  50-59° 11.4%  60-69° 3.8%  70-79° 7.3%  80-89° 1.5%  
2400 sampled cell(s); 27.8% at 40° or steeper
