## tree
SEATS  tree, footprint 1x1, 3 blocks off a route  1 char = 1 block  x -35..34 across, z -130..129 down
KEY  1 the footprint seats with its minimum corner here  0 refused  space void
         -3        -2        -1         0         1         2         3    
     5432109876543210987654321098765432101234567890123456789012345678901234
-130                          00000000000000000000                         
-129                          00000000000000000000                         
-128                          00000000000000000000                         
-127                          00000000000000000000                         
-126                          00000000000000000000                         
-125                          00000000000000000000                         
-124                          00000000000000000000                         
-123                          00000000000000000000                         
-122                          00000000000000000000                         
-121                          00000000000000000000                         
-120                          00000000000000000000                         
-119                          00000000000000000000                         
-118                          00000000000000000000                         
-117                          00000000000000000000                         
-116                          00000000000000000000                         
-115                          00000000000000000000                         
-114                          00000000000000000000                         
-113                          00000000000000000000                         
-112                          00000000000000000000                         
-111                          00000000000000000000                         
-110 1111111111111111111111100000000000000000000000001111111111111111111111
-109 1111111111111111111111100000000000000000000000001111111111111111111111
-108 1111111111111111111111100000000000000000000000001111111111111111111111
-107 1111111111111111111111111100000000000000000111111111111111111111111111
-106 1111111111111111111111111000000000000000000111111111110000000000111111
-105 1111111111111111111111110000000000000000000000000000000000000000000011
-104 1111111111111111111111110000000000000000000000000000001111111111000001
-103 1111111111111111111111100000000000000000000111111111111111111111111001
-102 1111111111111111111111100000000000000000000100000000000000011111111111
-101 1111111100000000000001000000000000000000000100000000000000010000000000
-100 1111111100000000000001000000000000000000000100000000000000010000000000
 -99 1111111100000000000000000000000000000000000100000000000000010000000000
 -98 1111111100000000000000000000000000000000000100000000000000010000000000
 -97 1111111100000000000000000000000111111111111100000000000000010000000000
 -96 1111111100000000000000000000001111111111111100000000000000010000000000
 -95 1111111100000000000000000000001111111111111100000000000000010000000000
 -94 1111110000000000000000000000011111111111111100000000000000000000000000
 -93 1111100000000000000000000000000000000000000000000000000000000000000000
 -92 1111100000000000000000000000000000000000000000000000000000000000000000
 -91 1111100000000000000000000000000000000000000000000000000000000000000000
 -90 1111100000000000000000000000000000000000000000000000000000000000000000
 -89 1111100000000000000000000000000000000000000000000000000000000000000000
 -88 1111000000000000000000000000000000000000000000000000000000000000000000
 -87 1111000000000000000000000000000000000000000000000000000000000000000000
 -86 1111000000000000000000000000000000000000000000000000000011111111111111
 -85 1001000000000000000000011111111111111111111111110000000011111111111111
 -84 0001000000000000000011111111111111111111111111110000000011111111111111
 -83 1000000000001111111111111111111111111111111111110000000011111111111111
 -82 0001000000001111111111111111111111111111111111110000000011111111111111
 -81 1001000000001111111111111111111111111111111111110000000011111111111010
 -80 0000000000000000000000000011111111111111111111110000000011111111110010
 -79 0100000000000000000000000011111111110000111111110000000011111111101000
 -78 1000000000000000000000000011111111110000011111110000000011111111000000
 -77 0000000000000000000000000011111111110000011111110000000011111110000000
 -76 0001000000000000000000000011111111110000011111110000000011111100100100
 -75 0100000000000000000000000011111111110000011111110000000011111111000000
 -74 0000000000000000000000000011111111111001111111110000000011111111101000
 -73 0000000000000000000000000011111111111111111111110000000011111111000100
 -72 0000000000000000000000000011111111111111111111111111111111111110000000
 -71 0100000000000000000000000011111111111111111111111111111111111111000001
 -70 1000000000000000000000000011111111111111111111111111111111111111100000
 -69 1000000000000000000000000011111111111111111111111111111111111111110010
 -68 0000000000000000000000000011111111111111111111111111111111111111111110
 -67 0000000000000000000000000011111111111111111111111111111111111111111111
 -66 0000000000000000000000000011111111111111111111111111111111111111111111
 -65 0000000000000000000000000011111111111111111111111111111111111111111111
 -64 0000000000000000000000000011111111111111111111111111111111111111111111
 -63 0000000000000000000000000011111111111111111111111111111111111111111111
 -62 0000000000000000000000000011111111111111111111111111111111111111111111
 -61 0000000000000000000000000011111111111111111111111110111111111111111111
 -60 0000000000000000000000000011111111111111111111111110111111111111111111
 -59 0000000001111111111111111111111111111111111111110000001111111111111111
 -58 0000000001111111111111111111111111111111111111111000000111111111111111
 -57 0000000001111111111111111111111111111111111111111000000111111111111111
 -56 0000000001111111111111111111111111111111111111110000000111111111111111
 -55 0000000001111111111111111111111111111111111111111000010010111111111111
 -54 1000000000111111111111111111111111111111111111111100001000011111111111
 -53 1000000000111111111111111111111111111111111111111101000010001111111111
 -52 1000000000111111111111111111111111111111111111111010000000001111111111
 -51 1000000000011111111111111111111111111111111111111000000010000111111111
 -50 1100000000011111111111111111111111111111111111100000010000011111111000
 -49 1100000000001111111111111111111111111111111111110001000000111111110000
 -48 1100000000001111111111111111111111111111111111110000010011111111100000
 -47 1110000000001111111111111111111111111111111111111100001111111111100000
 -46 1110000000000111111111111111111111111111111111111000011111111111000000
 -45 1110000000000111111111111111111111111111111111111101111111111111100100
 -44 1111000000000011111111111111111111111111111111111111111111111111000000
 -43 1111000000000011111111111111111111111111111111111111111111111111110100
 -42 1111000000000011111111111111111111111111111111111111111111111111100000
 -41 1111100000000011111111111111111111111111111111111111111111111111111000
 -40 1111100000000011111111111111111111111111111111111111111111111111111111
 -39 1111110000000011111111111111111111111111111111111111111111111111111111
 -38 1111110000000011111111111111111111111111111111111111111111111111111111
 -37 1111111000000111111111111111111111111111111111111111111111111111111111
 -36 1111111111111111111111111111111111111111111111111111111111111111111111
 -35 1111111111111111111111111111111111111111111111111111111111111111111111
 -34 1110011111111111111111111111111111111111111111111111111111111111111111
 -33 1100000111111111111111111111111111111111111111111111111111111111111111
 -32 1100000111111111111111111111111111111111111111111111111111111111111111
 -31 1100000011111111111111111111111111111111111111111111111111111111100111
 -30 1100000111111111111111111111111111111111111111111111111111111110000011
 -29 0100000111111111111111111111111111111111111111111111111111111100000001
 -28 0000011111111111111111111111111111111111111111111111111111111100000001
 -27 0000001111111111111111111111111111111111111111111111111111111100000000
 -26 1000001111111111111111111111111111111111111111111111111111111100000001
 -25 0000001111111111111111111111111111111111111111111111111111111100000001
 -24 0000101111111111111111111111111111111111111111111111111111111111000011
 -23 1000001111111111111111111111111111111111111111111111111111111111111111
 -22 0010011111111111111111111111111111111111111111111111111111111111111111
 -21 1000111111111111111111111111111111111111111111111111111111111111111111
 -20                                                                       
 -19                                                                       
 -18                                                                       
 -17                                                                       
 -16                                                                       
 -15                                                                       
 -14                                                                       
 -13                                                                       
 -12                                                                       
 -11                                                                       
 -10                                                                       
  -9                                                                       
  -8                                                                       
  -7                                                                       
  -6                                                                       
  -5                                                                       
  -4                                                                       
  -3                                                                       
  -2                                                                       
  -1                                                                       
   0                                                                       
   1                                                                       
   2                                                                       
   3                                                                       
   4                                                                       
   5                                                                       
   6                                                                       
   7                                                                       
   8                                                                       
   9                                                                       
  10                                                                       
  11                                                                       
  12                                                                       
  13                                                                       
  14                                                                       
  15                                                                       
  16                                                                       
  17                                                                       
  18                                                                       
  19                                                                       
  20 1111111111111111111111111111111111111111111111111111111111111111110001
  21 1111111111111111111111111111111111111111111111111111111111111111100100
  22 1111111111111111111111111111111111111111111111111111111111111111000001
  23 1100001111111111111111111111111111111111111111111111111111111111010000
  24 1000000011111111111111111111111111111111111111111111111111111111000000
  25 1000000011111111111111111111111111111111111111111111111111111111000001
  26 0000000011111111111111111111111111111111111111111111111111111111000000
  27 1000000011111111111111111111111111111111111111111111111111111111100000
  28 1000000011111111111111111111111111111111111111111111111111111110000010
  29 1100000111111111111111111111111111111111111111111111111111111110000011
  30 1110011111111111111111111111111111111111111111111111111111111100000011
  31 1111111111111111111111111111111111111111111111111111111111111110000011
  32 1111111111111111111111111111111111111111111111111111111111111110000011
  33 1111111111111111111111111111111111111111111111111111111111111111100111
  34 1111111111111111111111111111111111111111111111111111111111111111111111
  35 1111111111111111111111111111111111111111111111111111111111111111111111
  36 1111111111111111111111111111111111111111111111111111111110000001111111
  37 1111111111111111111111111111111111111111111111111111111100000000111111
  38 1111111111111111111111111111111111111111111111111111111100000000111111
  39 1111111111111111111111111111111111111111111111111111111100000000011111
  40 0001111111111111111111111111111111111111111111111111111100000000011111
  41 0000011111111111111111111111111111111111111111111111111100000000001111
  42 0010111111111111111111111111111111111111111111111111111100000000001111
  43 0000001111111111111111111111111111111111111111111111111100000000001111
  44 0010011111111111111011111111111111111111111111111111111110000000000111
  45 0000001111111111100001111111111111111111111111111111111110000000000111
  46 0000011111111111000011111111111111111111111111111111111111000000000111
  47 0000011111111100100000111111111111111111111111111111111111000000000011
  48 0000111111110000001000111111111111111111111111111111111111000000000011
  49 0001111111100000100000011111111111111111111111111111111111100000000011
  50 1111111110000100000001111111111111111111111111111111111111100000000001
  51 1111111111000000000101111111111111111111111111111111111111110000000001
  52 1111111111000100001011111111111111111111111111111111111111110000000001
  53 1111111111100001000011111111111111111111111111111111111111110000000001
  54 1111111111110100100001111111111111111111111111111111111111111000000000
  55 1111111111111110000000111111111111111111111111111111111111111000000000
  56 1111111111111110000001111111111111111111111111111111111111111000000000
  57 1111111111111110000001111111111111111111111111111111111111111000000000
  58 1111111111111111000000111111111111111111111111111111111111111000000000
  59 1111111111111111110111111111111111111111111100000000000000000000000000
  60 1111111111111111110111111111111111111111111100000000000000000000000000
  61 1111111111111111111111111111111111111111111100000000000000000000000000
  62 1111111111111111111111111111111111111111111100000000000000000000000000
  63 1111111111111111111111111111111111111111111100000000000000000000000000
  64 1111111111111111111111111111111111111111111100000000000000000000000000
  65 1111111111111111111111111111111111111111111100000000000000000000000000
  66 1111111111111111111111111111111111111111111100000000000000000000000000
  67 0111111111111111111111111111111111111111111100000000000000000000000000
  68 0100111111111111111111111111111111111111111100000000000000000000000001
  69 0000011111111111111111111111111111111111111100000000000000000000000001
  70 1000001111111111111111111111111111111111111100000000000000000000000010
  71 0000000111111111111111111111111111111111111100000000000000000000000000
  72 0010001111111100000000111111111111111111111100000000000000000000000000
  73 0001011111111100000000111111111001111111111100000000000000000000000000
  74 0000001111111100000000111111100000111111111100000000000000000000000010
  75 0010010011111100000000111111100000111111111100000000000000000000001000
  76 0000000111111100000000111111100000111111111100000000000000000000000000
  77 0000001111111100000000111111100000111111111100000000000000000000000001
  78 0001011111111100000000111111110000111111111100000000000000000000000010
  79 0100111111111100000000111111111111111111111100000000000000000000000000
  80 0101111111111100000000111111111111111111111111111111111111000000001001
  81 1111111111111100000000111111111111111111111111111111111111000000001000
  82 1111111111111100000000111111111111111111111111111111111111000000000001
  83 1111111111111100000000111111111111111111111111111100000000000000001000
  84 1111111111111100000000111111111111111111111111100000000000000000001001
  85 1111111111111100000000000000000000000000000000000000000000000000001111
  86 0000000000000000000000000000000000000000000000000000000000000000001111
  87 0000000000000000000000000000000000000000000000000000000000000000001111
  88 0000000000000000000000000000000000000000000000000000000000000000011111
  89 0000000000000000000000000000000000000000000000000000000000000000011111
  90 0000000000000000000000000000000000000000000000000000000000000000011111
  91 0000000000000000000000000000000000000000000000000000000000000000011111
  92 0000000000000000000000000000000000000000000000000000000000000000011111
  93 0000000000000000000000000011111111111111100000000000000000000000111111
  94 0000000000100000000000000011111111111111000000000000000000000011111111
  95 0000000000100000000000000011111111111111000000000000000000000011111111
  96 0000000000100000000000000011111111111110000000000000000000000011111111
  97 0000000000100000000000000011111111111110000000000000000000000011111111
  98 0000000000100000000000000011000000000000000000000000000000000011111111
  99 0000000000100000000000000011000000000000000000001000000000000011111111
 100 0000000000100000000000000011000000000000000000001000000000000011111111
 101 1111111111100000000000000011000000000000000000011111111111111111111111
 102 1001111111111111111111111111000000000000000000011111111111111111111111
 103 1000001111111111000000000000000000000000000000111111111111111111111111
 104 1100000000000000000000000000000000000000000000111111111111111111111111
 105 1111110000000000111111111111000000000000000001111111111111111111111111
 106 1111111111111111111111111111000000000000000011111111111111111111111111
 107 1111111111111111111111111111000000000000000011111111111111111111111111
 108 1111111111111111111111100000000000000000000000001111111111111111111111
 109 1111111111111111111111100000000000000000000000001111111111111111111111
 110                          00000000000000000000                         
 111                          00000000000000000000                         
 112                          00000000000000000000                         
 113                          00000000000000000000                         
 114                          00000000000000000000                         
 115                          00000000000000000000                         
 116                          00000000000000000000                         
 117                          00000000000000000000                         
 118                          00000000000000000000                         
 119                          00000000000000000000                         
 120                          00000000000000000000                         
 121                          00000000000000000000                         
 122                          00000000000000000000                         
 123                          00000000000000000000                         
 124                          00000000000000000000                         
 125                          00000000000000000000                         
 126                          00000000000000000000                         
 127                          00000000000000000000                         
 128                          00000000000000000000                         
 129                          00000000000000000000                         
seats 7678; refused 2648 DR-CLAIM, 1573 DR-KEEP, 772 OB19, 729 DR-ROAD

## boulder
SEATS  boulder, footprint 1x1, 2 blocks off a route  1 char = 1 block  x -35..34 across, z -130..129 down
KEY  1 the footprint seats with its minimum corner here  0 refused  space void
         -3        -2        -1         0         1         2         3    
     5432109876543210987654321098765432101234567890123456789012345678901234
-130                          00000000000000000000                         
-129                          00000000000000000000                         
-128                          00000000000000000000                         
-127                          00000000000000000000                         
-126                          00000000000000000000                         
-125                          00000000000000000000                         
-124                          00000000000000000000                         
-123                          00000000000000000000                         
-122                          00000000000000000000                         
-121                          00000000000000000000                         
-120                          00000000000000000000                         
-119                          00000000000000000000                         
-118                          00000000000000000000                         
-117                          00000000000000000000                         
-116                          00000000000000000000                         
-115                          00000000000000000000                         
-114                          00000000000000000000                         
-113                          00000000000000000000                         
-112                          00000000000000000000                         
-111                          00000000000000000000                         
-110 1111111111111111111111100000000000000000000000001111111111111111111111
-109 1111111111111111111111100000000000000000000000001111111111111111111111
-108 1111111111111111111111100000000000000000000000001111111111111111111111
-107 1111111111111111111111111110000000000000000111111111111111111111111111
-106 1111111111111111111111111110000000000000000111111111110000000000111111
-105 1111111111111111111111111100000000000000000000000000000000000000000011
-104 1111111111111111111111111000000000000000000000000000001111111111000001
-103 1111111111111111111111111000000000000000000111111111111111111111111001
-102 1111111111111111111111110000000000000000000100000000000000011111111111
-101 1111111100000000000001110000000000000000000100000000000000010000000000
-100 1111111100000000000001100000000000000000000100000000000000010000000000
 -99 1111111100000000000001100000000000000000000100000000000000010000000000
 -98 1111111100000000000001000000000000000000000100000000000000010000000000
 -97 1111111100000000000001000000011111111111111100000000000000010000000000
 -96 1111111100000000000001000000011111111111111100000000000000010000000000
 -95 1111111100000000000001000000111111111111111100000000000000010000000000
 -94 1111111100000000000000000000111111111111111100000000000000010000000000
 -93 1111111000000000000000000000111111111111111100000000000000000000000000
 -92 1111110000000000000000000000000000000000000000000000000000000000000000
 -91 1111110000000000000000000000000000000000000000000000000000000000000000
 -90 1111110000000000000000000000000000000000000000000000000000000000000000
 -89 1111110000000000000000000000000000000000000000000000000000000000000000
 -88 1111000000000000000000000000000000000000000000000000000000000000000000
 -87 1111000000000000000000000000000000000000000000000000000011111111111111
 -86 1111000000000000000000111111111111111111111111110000000011111111111111
 -85 1111000000000000000111111111111111111111111111110000000011111111111111
 -84 1111100000001111111111111111111111111111111111110000000011111111111111
 -83 1111100000001111111111111111111111111111111111110000000011111111111111
 -82 1111100000001111111111111111111111111111111111110000000011111111111111
 -81 1111110100001111111111111111111111111111111111110000000011111111111111
 -80 1111011110000000000000000011111111111111111111110000000011111111111111
 -79 1111110111000000000000000011111111110000111111110000000011111111111111
 -78 1111111111000000000000000011111111110000011111110000000011111111111111
 -77 1111110111100000000000000011111111110000011111110000000011111111111111
 -76 1111111110000000000000000011111111110000011111110000000011111111111111
 -75 1111111100000000000000000011111111110000011111110000000011111111111111
 -74 1111110000000000000000000011111111111001111111110000000011111111111111
 -73 1111000000000000000000000011111111111111111111110000000011111111111111
 -72 1111000000000000000000000011111111111111111111111111111111111111111111
 -71 1110000000000000000000000011111111111111111111111111111111111111111111
 -70 1110000000000000000000000011111111111111111111111111111111111111111111
 -69 1100000000000000000000000011111111111111111111111111111111111111111111
 -68 1100000000000000000000000011111111111111111111111111111111111111111111
 -67 1000000000000000000000000011111111111111111111111111111111111111111111
 -66 1000000000000000000000000011111111111111111111111111111111111111111111
 -65 1000000000000000000000000011111111111111111111111111111111111111111111
 -64 1000000000000000000000000011111111111111111111111111111111111111111111
 -63 1000000000000000000000000011111111111111111111111111111111111111111111
 -62 1000000000000000000000000011111111111111111111111111111111111111111111
 -61 1000000000000000000000000011111111111111111111111111111111111111111111
 -60 1000000000000000000000000011111111111111111111111111111111111111111111
 -59 1000000111111111111111111111111111111111111111111111111111111111111111
 -58 1000000011111111111111111111111111111111111111111111111111111111111111
 -57 1000000011111111111111111111111111111111111111111111111111111111111111
 -56 1000000011111111111111111111111111111111111111111111111111111111111111
 -55 1100000011111111111111111111111111111111111111111111111111111111111111
 -54 1100000011111111111111111111111111111111111111111111111111111111111111
 -53 1100000001111111111111111111111111111111111111111111111111111111111111
 -52 1100000001111111111111111111111111111111111111111111111111111111111111
 -51 1110000001111111111111111111111111111111111111111111111111111111111111
 -50 1110000000111111111111111111111111111111111111111111111111111111111111
 -49 1110000000111111111111111111111111111111111111111111111111111111111111
 -48 1111000000011111111111111111111111111111111111111111111111111111111111
 -47 1111000000011111111111111111111111111111111111111111111111111111111111
 -46 1111000000011111111111111111111111111111111111111111111111111111111111
 -45 1111100000001111111111111111111111111111111111111111111111111111111111
 -44 1111100000001111111111111111111111111111111111111111111111111111111111
 -43 1111100000000111111111111111111111111111111111111111111111111111111111
 -42 1111110000000111111111111111111111111111111111111111111111111111111111
 -41 1111110000000111111111111111111111111111111111111111111111111111111111
 -40 1111111000000111111111111111111111111111111111111111111111111111111111
 -39 1111111000000111111111111111111111111111111111111111111111111111111111
 -38 1111111100001111111111111111111111111111111111111111111111111111111111
 -37 1111111111111111111111111111111111111111111111111111111111111111111111
 -36 1111111111111111111111111111111111111111111111111111111111111111111111
 -35 1111111111111111111111111111111111111111111111111111111111111111111111
 -34 1110011111111111111111111111111111111111111111111111111111111111111111
 -33 1100000111111111111111111111111111111111111111111111111111111111111111
 -32 1100000111111111111111111111111111111111111111111111111111111111111111
 -31 1100000011111111111111111111111111111111111111111111111111111111100111
 -30 1100000111111111111111111111111111111111111111111111111111111110000011
 -29 1100000111111111111111111111111111111111111111111111111111111100000001
 -28 1111111111111111111111111111111111111111111111111111111111111100000001
 -27 1111111111111111111111111111111111111111111111111111111111111100000000
 -26 1111111111111111111111111111111111111111111111111111111111111100000001
 -25 1111111111111111111111111111111111111111111111111111111111111100000001
 -24 1111111111111111111111111111111111111111111111111111111111111111000011
 -23 1111111111111111111111111111111111111111111111111111111111111111111111
 -22 1111111111111111111111111111111111111111111111111111111111111111111111
 -21 1111111111111111111111111111111111111111111111111111111111111111111111
 -20                                                                       
 -19                                                                       
 -18                                                                       
 -17                                                                       
 -16                                                                       
 -15                                                                       
 -14                                                                       
 -13                                                                       
 -12                                                                       
 -11                                                                       
 -10                                                                       
  -9                                                                       
  -8                                                                       
  -7                                                                       
  -6                                                                       
  -5                                                                       
  -4                                                                       
  -3                                                                       
  -2                                                                       
  -1                                                                       
   0                                                                       
   1                                                                       
   2                                                                       
   3                                                                       
   4                                                                       
   5                                                                       
   6                                                                       
   7                                                                       
   8                                                                       
   9                                                                       
  10                                                                       
  11                                                                       
  12                                                                       
  13                                                                       
  14                                                                       
  15                                                                       
  16                                                                       
  17                                                                       
  18                                                                       
  19                                                                       
  20 1111111111111111111111111111111111111111111111111111111111111111111111
  21 1111111111111111111111111111111111111111111111111111111111111111111111
  22 1111111111111111111111111111111111111111111111111111111111111111111111
  23 1100001111111111111111111111111111111111111111111111111111111111111111
  24 1000000011111111111111111111111111111111111111111111111111111111111111
  25 1000000011111111111111111111111111111111111111111111111111111111111111
  26 0000000011111111111111111111111111111111111111111111111111111111111111
  27 1000000011111111111111111111111111111111111111111111111111111111111111
  28 1000000011111111111111111111111111111111111111111111111111111110000011
  29 1100000111111111111111111111111111111111111111111111111111111110000011
  30 1110011111111111111111111111111111111111111111111111111111111100000011
  31 1111111111111111111111111111111111111111111111111111111111111110000011
  32 1111111111111111111111111111111111111111111111111111111111111110000011
  33 1111111111111111111111111111111111111111111111111111111111111111100111
  34 1111111111111111111111111111111111111111111111111111111111111111111111
  35 1111111111111111111111111111111111111111111111111111111111111111111111
  36 1111111111111111111111111111111111111111111111111111111111111111111111
  37 1111111111111111111111111111111111111111111111111111111111000011111111
  38 1111111111111111111111111111111111111111111111111111111110000001111111
  39 1111111111111111111111111111111111111111111111111111111110000001111111
  40 1111111111111111111111111111111111111111111111111111111110000000111111
  41 1111111111111111111111111111111111111111111111111111111110000000111111
  42 1111111111111111111111111111111111111111111111111111111110000000011111
  43 1111111111111111111111111111111111111111111111111111111111000000011111
  44 1111111111111111111111111111111111111111111111111111111111000000011111
  45 1111111111111111111111111111111111111111111111111111111111100000001111
  46 1111111111111111111111111111111111111111111111111111111111100000001111
  47 1111111111111111111111111111111111111111111111111111111111100000001111
  48 1111111111111111111111111111111111111111111111111111111111110000000111
  49 1111111111111111111111111111111111111111111111111111111111110000000111
  50 1111111111111111111111111111111111111111111111111111111111111000000111
  51 1111111111111111111111111111111111111111111111111111111111111000000011
  52 1111111111111111111111111111111111111111111111111111111111111000000011
  53 1111111111111111111111111111111111111111111111111111111111111100000011
  54 1111111111111111111111111111111111111111111111111111111111111100000011
  55 1111111111111111111111111111111111111111111111111111111111111100000001
  56 1111111111111111111111111111111111111111111111111111111111111100000001
  57 1111111111111111111111111111111111111111111111111111111111111100000001
  58 1111111111111111111111111111111111111111111111111111111111111110000001
  59 1111111111111111111111111111111111111111111100000000000000000000000001
  60 1111111111111111111111111111111111111111111100000000000000000000000001
  61 1111111111111111111111111111111111111111111100000000000000000000000001
  62 1111111111111111111111111111111111111111111100000000000000000000000001
  63 1111111111111111111111111111111111111111111100000000000000000000000001
  64 1111111111111111111111111111111111111111111100000000000000000000000001
  65 1111111111111111111111111111111111111111111100000000000000000000000001
  66 1111111111111111111111111111111111111111111100000000000000000000000001
  67 1111111111111111111111111111111111111111111100000000000000000000000011
  68 1111111111111111111111111111111111111111111100000000000000000000000011
  69 1111111111111111111111111111111111111111111100000000000000000000000111
  70 1111111111111111111111111111111111111111111100000000000000000000000111
  71 1111111111111111111111111111111111111111111100000000000000000000001111
  72 1111111111111100000000111111111111111111111100000000000000000000001111
  73 1111111111111100000000111111111001111111111100000000000000000000111111
  74 1111111111111100000000111111100000111111111100000000000000000011111111
  75 1111111111111100000000111111100000111111111100000000000000000111111111
  76 1111111111111100000000111111100000111111111100000000000000011110111111
  77 1111111111111100000000111111100000111111111100000000000000001111111111
  78 1111111111111100000000111111110000111111111100000000000000001110111111
  79 1111111111111100000000111111111111111111111100000000000000000111101111
  80 1111111111111100000000111111111111111111111111111111111111000010111111
  81 1111111111111100000000111111111111111111111111111111111111000000011111
  82 1111111111111100000000111111111111111111111111111111111111000000011111
  83 1111111111111100000000111111111111111111111111111111111111000000011111
  84 1111111111111100000000111111111111111111111111111110000000000000001111
  85 1111111111111100000000111111111111111111111111110000000000000000001111
  86 1111111111111100000000000000000000000000000000000000000000000000001111
  87 0000000000000000000000000000000000000000000000000000000000000000001111
  88 0000000000000000000000000000000000000000000000000000000000000000111111
  89 0000000000000000000000000000000000000000000000000000000000000000111111
  90 0000000000000000000000000000000000000000000000000000000000000000111111
  91 0000000000000000000000000000000000000000000000000000000000000000111111
  92 0000000000000000000000000011111111111111110000000000000000000001111111
  93 0000000000100000000000000011111111111111110000000000000000000011111111
  94 0000000000100000000000000011111111111111110000001000000000000011111111
  95 0000000000100000000000000011111111111111100000001000000000000011111111
  96 0000000000100000000000000011111111111111100000001000000000000011111111
  97 0000000000100000000000000011111111111111000000001000000000000011111111
  98 0000000000100000000000000011000000000000000000011000000000000011111111
  99 0000000000100000000000000011000000000000000000011000000000000011111111
 100 0000000000100000000000000011000000000000000000111000000000000011111111
 101 1111111111100000000000000011000000000000000000111111111111111111111111
 102 1001111111111111111111111111000000000000000001111111111111111111111111
 103 1000001111111111000000000000000000000000000001111111111111111111111111
 104 1100000000000000000000000000000000000000000011111111111111111111111111
 105 1111110000000000111111111111000000000000000111111111111111111111111111
 106 1111111111111111111111111111000000000000000111111111111111111111111111
 107 1111111111111111111111111111000000000000000111111111111111111111111111
 108 1111111111111111111111100000000000000000000000001111111111111111111111
 109 1111111111111111111111100000000000000000000000001111111111111111111111
 110                          00000000000000000000                         
 111                          00000000000000000000                         
 112                          00000000000000000000                         
 113                          00000000000000000000                         
 114                          00000000000000000000                         
 115                          00000000000000000000                         
 116                          00000000000000000000                         
 117                          00000000000000000000                         
 118                          00000000000000000000                         
 119                          00000000000000000000                         
 120                          00000000000000000000                         
 121                          00000000000000000000                         
 122                          00000000000000000000                         
 123                          00000000000000000000                         
 124                          00000000000000000000                         
 125                          00000000000000000000                         
 126                          00000000000000000000                         
 127                          00000000000000000000                         
 128                          00000000000000000000                         
 129                          00000000000000000000                         
seats 8716; refused 1974 DR-CLAIM, 1573 DR-KEEP, 772 OB19, 365 DR-ROAD

## house
SEATS  house, footprint 9x7, no route standoff  1 char = 1 block  x -35..34 across, z -130..129 down
KEY  1 the footprint seats with its minimum corner here  0 refused  space void
         -3        -2        -1         0         1         2         3    
     5432109876543210987654321098765432101234567890123456789012345678901234
-130                          00000000000000000000                         
-129                          00000000000000000000                         
-128                          00000000000000000000                         
-127                          00000000000000000000                         
-126                          00000000000000000000                         
-125                          00000000000000000000                         
-124                          00000000000000000000                         
-123                          00000000000000000000                         
-122                          00000000000000000000                         
-121                          00000000000000000000                         
-120                          00000000000000000000                         
-119                          00000000000000000000                         
-118                          00000000000000000000                         
-117                          00000000000000000000                         
-116                          00000000000000000000                         
-115                          00000000000000000000                         
-114                          00000000000000000000                         
-113                          00000000000000000000                         
-112                          00000000000000000000                         
-111                          00000000000000000000                         
-110 1100000001111110000000000000000000000000000000000000000000000000000000
-109 1100000001111110000000000000000000000000000000000000000000000000000000
-108 0000000000000000000000000000000000000000000000000000000000000000000000
-107 0000000000000000000000000000000000000000000000000000000000000000000000
-106 0000000000000000000000000000000000000000000000000000000000000000000000
-105 0000000000000000000000000000000000000000000000000000000000000000000000
-104 0000000000000000000000000000000000000000000000000000000000000000000000
-103 0000000000000000000000000000000000000000000000000000000000000000000000
-102 0000000000000000000000000000000000000000000000000000000000000000000000
-101 0000000000000000000000000000000000000000000000000000000000000000000000
-100 0000000000000000000000000000000000000000000000000000000000000000000000
 -99 0000000000000000000000000000000000000000000000000000000000000000000000
 -98 0000000000000000000000000000000000000000000000000000000000000000000000
 -97 0000000000000000000000000000000000000000000000000000000000000000000000
 -96 0000000000000000000000000000000000000000000000000000000000000000000000
 -95 0000000000000000000000000000000000000000000000000000000000000000000000
 -94 0000000000000000000000000000000000000000000000000000000000000000000000
 -93 0000000000000000000000000000000000000000000000000000000000000000000000
 -92 0000000000000000000000000000000000000000000000000000000000000000000000
 -91 0000000000000000000000000000000000000000000000000000000000000000000000
 -90 0000000000000000000000000000000000000000000000000000000000000000000000
 -89 0000000000000000000000000000000000000000000000000000000000000000000000
 -88 0000000000000000000000000000000000000000000000000000000011111100000000
 -87 0000000000000000000001111111111111111111000000000000000011111100000000
 -86 0000000000000000000000000011111111111111000000000000000011111100000000
 -85 0000000000000000000000000011111111111111000000000000000011111100000000
 -84 0000000000000000000000000011111111111111000000000000000011111100000000
 -83 0000000000000000000000000011111111111111000000000000000011111100000000
 -82 0000000000000000000000000011111111111111000000000000000011111100000000
 -81 0000000000000000000000000011111111111111000000000000000000001100000000
 -80 0000000000000000000000000011111111111111000000000000000000001100000000
 -79 0000000000000000000000000011111111111111000000000000000000001100000000
 -78 0000000000000000000000000011111111111111000000000000000000001100000000
 -77 0000000000000000000000000011111111111111000000000000000000001100000000
 -76 0000000000000000000000000011111111111111000000000000000000001100000000
 -75 0000000000000000000000000011111111111111000000000000000000001100000000
 -74 0000000000000000000000000011111111111111000000000000000000001100000000
 -73 0000000000000000000000000011111111111111000000000000000000001100000000
 -72 0000000000000000000000000011111111111111111111111111100000001100000000
 -71 0000000000000000000000000011111111111111111111111111100000001100000000
 -70 0000000000000000000000000011111111111111111111111111100000001100000000
 -69 0000000000000000000000000011111111111111111111111111100000001100000000
 -68 0000000000000000000000000011111111111111111111111111100000001100000000
 -67 0000000000000000000000000011111111111111111111111111100000001100000000
 -66 0000000000000000000000000011111111111111111111111111100000001100000000
 -65 0000000000000000000000000011111111111111111111111111100000001100000000
 -64 0000000000000000000000000011111111111111111111111111100000001100000000
 -63 0000000000000000000000000011111111111111111111111111100000001100000000
 -62 0000000000000000000000000011111111111111111111111111100000001100000000
 -61 0000000000000000000000000011111111111111111111111111100000001100000000
 -60 0000000000000000000000000011111111111111111111111111100000001100000000
 -59 0000000001111111111111111111111111111111111111111111100000001100000000
 -58 0000000001111111111111111111111111111111111111111111100000001100000000
 -57 0000000001111111111111111111111111111111111111111111100000001100000000
 -56 0000000001111111111111111111111111111111111111111111100000001100000000
 -55 0000000001111111111111111111111111111111111111111111100000001100000000
 -54 0000000001111111111111111111111111111111111111111111100000001100000000
 -53 0000000000111111111111111111111111111111111111111111100000001100000000
 -52 0000000000111111111111111111111111111111111111111111100000001100000000
 -51 0000000000111111111111111111111111111111111111111111100000001100000000
 -50 0000000000011111111111111111111111111111111111111111100000001100000000
 -49 0000000000011111111111111111111111111111111111111111100000001100000000
 -48 0000000000001111111111111111111111111111111111111111100000001100000000
 -47 0000000000001111111111111111111111111111111111111111100000001100000000
 -46 0000000000001111111111111111111111111111111111111111100000001100000000
 -45 0000000000001111111111111111111111111111111111111111100000001100000000
 -44 0000000000001111111111111111111111111111111111111111100000001100000000
 -43 0000000000001111111111111111111111111111111111111111100000001100000000
 -42 0000000000001111111111111111111111111111111111111111100000001100000000
 -41 0000000000001111111111111111111111111111111111111111100000001100000000
 -40 0000000000001111111111111111111111111111111111111111100000001100000000
 -39 1000000000011111111111111111111111111111111111111111100000001100000000
 -38 1100000001111111111111111111111111111111111111111111100000001100000000
 -37 1100000001111111111111111111111111111111111111111111100000001100000000
 -36 1100000001111111111111111111111111111111111111111111100000001100000000
 -35 0000000000000000000000000000000000000000000000000000000000000000000000
 -34 0000000000000000000000000000000000000000000000000000000000000000000000
 -33 0000000000000000000000000000000000000000000000000000000000000000000000
 -32 0000000000000000000000000000000000000000000000000000000000000000000000
 -31 0000000000000000000000000000000000000000000000000000000000000000000000
 -30 0000000000000000000000000000000000000000000000000000000000000000000000
 -29 0000000000000000000000000000000000000000000000000000000000000000000000
 -28 1100000001111111111111111111111111111111111111111111100000001100000000
 -27 1100000001111111111111111111111111111111111111111111100000001100000000
 -26 0000000000000000000000000000000000000000000000000000000000000000000000
 -25 0000000000000000000000000000000000000000000000000000000000000000000000
 -24 0000000000000000000000000000000000000000000000000000000000000000000000
 -23 0000000000000000000000000000000000000000000000000000000000000000000000
 -22 0000000000000000000000000000000000000000000000000000000000000000000000
 -21 0000000000000000000000000000000000000000000000000000000000000000000000
 -20                                                                       
 -19                                                                       
 -18                                                                       
 -17                                                                       
 -16                                                                       
 -15                                                                       
 -14                                                                       
 -13                                                                       
 -12                                                                       
 -11                                                                       
 -10                                                                       
  -9                                                                       
  -8                                                                       
  -7                                                                       
  -6                                                                       
  -5                                                                       
  -4                                                                       
  -3                                                                       
  -2                                                                       
  -1                                                                       
   0                                                                       
   1                                                                       
   2                                                                       
   3                                                                       
   4                                                                       
   5                                                                       
   6                                                                       
   7                                                                       
   8                                                                       
   9                                                                       
  10                                                                       
  11                                                                       
  12                                                                       
  13                                                                       
  14                                                                       
  15                                                                       
  16                                                                       
  17                                                                       
  18                                                                       
  19                                                                       
  20 1100000001111111111111111111111111111111111111111111100000001100000000
  21 1100000001111111111111111111111111111111111111111111100000001100000000
  22 0000000000000000000000000000000000000000000000000000000000000000000000
  23 0000000000000000000000000000000000000000000000000000000000000000000000
  24 0000000000000000000000000000000000000000000000000000000000000000000000
  25 0000000000000000000000000000000000000000000000000000000000000000000000
  26 0000000000000000000000000000000000000000000000000000000000000000000000
  27 0000000000000000000000000000000000000000000000000000000000000000000000
  28 0000000000000000000000000000000000000000000000000000000000000000000000
  29 1100000001111111111111111111111111111111111111111111100000001100000000
  30 1100000001111111111111111111111111111111111111111111100000001100000000
  31 1100000001111111111111111111111111111111111111111111100000001100000000
  32 1100000001111111111111111111111111111111111111111110000000000100000000
  33 1100000001111111111111111111111111111111111111111100000000000000000000
  34 1100000001111111111111111111111111111111111111111100000000000000000000
  35 1100000001111111111111111111111111111111111111111100000000000000000000
  36 1100000001111111111111111111111111111111111111111100000000000000000000
  37 1100000001111111111111111111111111111111111111111100000000000000000000
  38 1100000001111111111111111111111111111111111111111100000000000000000000
  39 1100000001111111111111111111111111111111111111111100000000000000000000
  40 1100000001111111111111111111111111111111111111111100000000000000000000
  41 1100000001111111111111111111111111111111111111111100000000000000000000
  42 1100000001111111111111111111111111111111111111111110000000000000000000
  43 1100000001111111111111111111111111111111111111111110000000000000000000
  44 1100000001111111111111111111111111111111111111111111000000000000000000
  45 1100000001111111111111111111111111111111111111111111000000000000000000
  46 1100000001111111111111111111111111111111111111111111000000000000000000
  47 1100000001111111111111111111111111111111111111111111100000000000000000
  48 1100000001111111111111111111111111111111111111111111100000000000000000
  49 1100000001111111111111111111111111111111111111111111100000000000000000
  50 1100000001111111111111111111111111111111111111111111100000000000000000
  51 1100000001111111111111111111111111111111111111111111100000000000000000
  52 1100000001111111111111111111111111111111111111111111100000000000000000
  53 1100000001111111111111111111111111110000000000000000000000000000000000
  54 1100000001111111111111111111111111110000000000000000000000000000000000
  55 1100000001111111111111111111111111110000000000000000000000000000000000
  56 1100000001111111111111111111111111110000000000000000000000000000000000
  57 1100000001111111111111111111111111110000000000000000000000000000000000
  58 1100000001111111111111111111111111110000000000000000000000000000000000
  59 1100000001111111111111111111111111110000000000000000000000000000000000
  60 1100000001111111111111111111111111110000000000000000000000000000000000
  61 1100000001111111111111111111111111110000000000000000000000000000000000
  62 1100000001111111111111111111111111110000000000000000000000000000000000
  63 1100000001111111111111111111111111110000000000000000000000000000000000
  64 1100000001111111111111111111111111110000000000000000000000000000000000
  65 1100000001111111111111111111111111110000000000000000000000000000000000
  66 1100000000000000000000111111111111110000000000000000000000000000000000
  67 1100000000000000000000111111111111110000000000000000000000000000000000
  68 1100000000000000000000111111111111110000000000000000000000000000000000
  69 1100000000000000000000111111111111110000000000000000000000000000000000
  70 1100000000000000000000111111111111110000000000000000000000000000000000
  71 1100000000000000000000111111111111110000000000000000000000000000000000
  72 1100000000000000000000111111111111110000000000000000000000000000000000
  73 1100000000000000000000111111111111110000000000000000000000000000000000
  74 1100000000000000000000111111111111110000000000000000000000000000000000
  75 1111110000000000000000111111111111110000000000000000000000000000000000
  76 1111110000000000000000111111111111110000000000000000000000000000000000
  77 1111110000000000000000111111111111110000000000000000000000000000000000
  78 1111110000000000000000111111111111110000000000000000000000000000000000
  79 1111110000000000000000111111111111110000000000000000000000000000000000
  80 1111110000000000000000111111111111111111100000000000000000000000000000
  81 1111110000000000000000000000000000000000000000000000000000000000000000
  82 0000000000000000000000000000000000000000000000000000000000000000000000
  83 0000000000000000000000000000000000000000000000000000000000000000000000
  84 0000000000000000000000000000000000000000000000000000000000000000000000
  85 0000000000000000000000000000000000000000000000000000000000000000000000
  86 0000000000000000000000000000000000000000000000000000000000000000000000
  87 0000000000000000000000000000000000000000000000000000000000000000000000
  88 0000000000000000000000000000000000000000000000000000000000000000000000
  89 0000000000000000000000000000000000000000000000000000000000000000000000
  90 0000000000000000000000000000000000000000000000000000000000000000000000
  91 0000000000000000000000000011111111000000000000000000000000000000000000
  92 0000000000000000000000000000000000000000000000000000000000000000000000
  93 0000000000000000000000000000000000000000000000000000000000000000000000
  94 0000000000000000000000000000000000000000000000000000000000000000000000
  95 0000000000000000000000000000000000000000000000000000000000000000000000
  96 0000000000000000000000000000000000000000000000000000000000000000000000
  97 0000000000000000000000000000000000000000000000000000000000000000000000
  98 0000000000000000000000000000000000000000000000000000000000000000000000
  99 0000000000000000000000000000000000000000000000000000000000000000000000
 100 0000000000000000000000000000000000000000000000000000000000000000000000
 101 0000000000000000000000000000000000000000000000000000000000000000000000
 102 0000000000000000000000000000000000000000000000001111100000001100000000
 103 0000000000000000000000000000000000000000000000001111100000001100000000
 104 0000000000000000000000000000000000000000000000000000000000000000000000
 105 0000000000000000000000000000000000000000000000000000000000000000000000
 106 0000000000000000000000000000000000000000000000000000000000000000000000
 107 0000000000000000000000000000000000000000000000000000000000000000000000
 108 0000000000000000000000000000000000000000000000000000000000000000000000
 109 0000000000000000000000000000000000000000000000000000000000000000000000
 110                          00000000000000000000                         
 111                          00000000000000000000                         
 112                          00000000000000000000                         
 113                          00000000000000000000                         
 114                          00000000000000000000                         
 115                          00000000000000000000                         
 116                          00000000000000000000                         
 117                          00000000000000000000                         
 118                          00000000000000000000                         
 119                          00000000000000000000                         
 120                          00000000000000000000                         
 121                          00000000000000000000                         
 122                          00000000000000000000                         
 123                          00000000000000000000                         
 124                          00000000000000000000                         
 125                          00000000000000000000                         
 126                          00000000000000000000                         
 127                          00000000000000000000                         
 128                          00000000000000000000                         
 129                          00000000000000000000                         
seats 3684; refused 2920 DR-CLAIM, 2315 DR-KEEP, 1654 DR-SITE, 1627 DR-PASS, 1200 OB19
