CLAIMS  1 char = 1 block  x -60..59 across, z -100..99 down
KEY  0 free  1 water  2 paving  3 structure  4 tree  5 boulder  6 flora  7 spawn keep-out  8 door approach  9 goal clearance  a wool-room keep-out  b structure keep-out  space void
     6        -5        -4        -3        -2        -1         0         1         2         3         4         5         
     098765432109876543210987654321098765432109876543210987654321012345678901234567890123456789012345678901234567890123456789
-100                     00000000000000000000                    77777777777777777777                                        
 -99                     00000088888888800000                    77777777777777777777                                        
 -98                     00000088888888800000                    77777777777777777777                                        
 -97                     00000088888888800000                    77777777777777777777                                        
 -96                     00000088888888800000                    77777777777777777777                                        
 -95                     00000088888888800000                    7777777bbbbbb7777777                                        
 -94                     00000088888888800000                    7777777bbbbbb7777777                                        
 -93                     00000088888888800000                    7777777bbbbbb7777777                                        
 -92                     000bbbbbbbbbbbbbba00                    7777777bbbbbb7777777                                        
 -91                     000bbbbbbbbbbbbbba00                    7777777bbbbbb7777777                                        
 -90                     000bbbbbbbbbbbbbba00                    777aaaabbbbbbaaaa777                              aaaaaaaaaa
 -89                     888bbbbbbbbbbbbbba88                    777aaaaa7777aaaaa777                              aaaaaaaaaa
 -88                     888bbbbbbbbbbbbbba88                    777aaaaa7777aaaaa777                              aabbbbbbaa
 -87                     888bbbbbbbbbbbbbba88                    777aaaaa7777aaaaa777                              aabbbbbbaa
 -86                     888bbbbbbbbbbbbbba88                    777aaaaa7227aaaaa777                              aabbbbbbaa
 -85                     888bbbbbbbbbbbbbba88                    77777777222277777777                              aabbbbbbaa
 -84                     888bbbbbbbbbbbbbba88                    77777777222277777777                              aabbbbbbaa
 -83                     888bbbbbbbbbbbbbba88                    77777777222277777777                              bbbbbbbbbb
 -82                     888bbbbbbbbbbbbbba88                    77777777222277777777                              bbbbbbbbbb
 -81                     888bbbbbbbbbbbbbba88                    77777772222777777777                              bbbbbbbbbb
 -80                     000bbbbbbbbbbbbbba00     00000000000007777777772222777777777777000000444440               bbbbbbbbbb
 -79                     000bbbbbbbbbbbbbba00     00000000000007777777772222777777744477000000444444               bbbbbbbbbb
 -78                     000aaaaaaaaaaaaaaa00     00000400000007777777772222777777444447000000444440               aaaaaaaaaa
 -77                     00000088888888800000     00004444400000000008882222888888444440000000444440               0888888888
 -76                     00000088888888800000     00044444400000000008822228888888444440000000004000               0222222288
 -75                     00000088888888800000     00044444333333300008822228888888044400033333333330               2222222228
 -74                     00000088888888800000     00044444333333300008822228888888000000033333333330               2222222228
 -73                     bbbbbbbbbbbbbbbbbbbb     00004444333333300008222228888888000000033333333330               0222222288
 -72                     bbbbbbbbbbbbbbbbbbbb     40000400333333300008222288888888000000033333333330               0888888888
 -71                     bbbbbbbbbbbbbbbbbbbb     44000033333333330002222288888888000000033333333330               0888888888
 -70                     bbbbbbbbbbbbbbbbbbbb4444444000033333333330022222888888888000000033333333330                         
 -69                     bbbbbbbbbbbbbbbbbbb44444444000033333333330022228888888888000000033333333330                         
 -68                     bbbbbbbbbbbbbbbbbbbb4444444000033333333330222228888888888000000033333333330                         
 -67                     bbbbbbbbbbbbbbbbbbbb4444444000033333333330222288888888888000000033333333330                         
 -66                     000000000000002200222222244000033333333330222288888888888000000033333333330                         
 -65                     000044400000220202220224220000033333333330222200000000000000000000000000000                         
 -64                     000444440000200222022220220000033333333330222220000000000000000000000000000                         
 -63                     000444440020220022222222000000033333333330622222000000000000000000000000000                         
 -62                     000444440022220333333333000000033333333330022222220000000000000000000000000                         
 -61                     000044400220200333333333000000000000000000002222222220000000000000000000000                         
 -60                     000000000222200333333333000000000000000000000022222222220000006666000000000                         
 -59                     000000002022000333333333000000000000000000000002222222222222222600000000000                         
 -58                     000000000002000333333333000000000000000000000000002222222222222222222220000                         
 -57                     000000002222000333333333000000000000000000000000000022222222222222222222000                         
 -56                     000000002222000333333333000000000000000000000000000000002222222222222222000                         
 -55                     000000002022000333333333000000000000000000000000000000000000000222222226060                         
 -54                     000000002022000333333333000000000000000000000000000000000000000444444466660                         
 -53                     000000002202000000000000000000000000000000000000000000000000000444444666600                         
 -52                     000000000222000000000000000000000000000000000000000000000000000000440666600                         
 -51                     000000000202000000000000000000000000000000000000000000000000000000000000000                         
 -50                     00000000222200000000000000000000000000000000000000000000000000000000000000000000                    
 -49                     00000000222200000000000000000000000000000000000000000000000000000000000000000000                    
 -48                     00000000202200000000000000000000000000000005555000000000000000000000000000000000                    
 -47                     00005555522000000000000000000000000000000055555500000000000000000000000000000000                    
 -46                    000055555222200000000000000000000000000000055555550000000000000000000000000000000                    
 -45                   0000055555552000000000000000000000000000000055555550000000000000000000000000000000                    
 -44                  0000005555555000000000000000000000000000000005555555000000000000005555500000000000                     
 -43                 000000005555550000000000000000000000000000000005555500000000000000555555500000000                       
 -42                 0000000000000000000000000000000000000000000000005550000b11111b00055555555500000                         
 -41                000000000000000000000000000000000000000000000000000000bb11111111105555555550000                          
 -40               00000000000000000000000000000000000000000000000000b1111111111111111555555555000                           
 -39              0000000000000000000000000555000000000000000000000001111111111111111105555555000                            
 -38              000000000000000000000000555550000000000000000000000111111111111111110055555000                             
 -37             0000000000000000000000000555550000000000000000000000111111111111111110000000                                
 -36            00000000000000000000000000555550000000000000000000000111111111111111100000000                                
 -35          0000000000000000000000000000055500000000000000000000000111111111111110000000000                                
 -34          00000000000000000001111100bbbbbbbbbbbb11111bbb0000000001111111111111bbb1bb000000                               
 -33          0000000000000000001111111bbbbb1111111111111111bbbbbbbbbb11111bbbbb2b1111111b0000                               
 -32          00000000000000000111111111111111111111111111111111bbbbbb111111bbb21111111111b000                               
 -31          00000000000000001111111111111111111111111111111111111b1111111111111111111111bb000                              
 -30           0000000000000011111111111111111111111111111111111111111111111111111111111111b0000                             
 -29           0000000000000011111111111111111111111111111111111111111111111111111111111111b0000                             
 -28            0000000000000111111111111111111111111111111111111111111111111111111111111111000000                           
 -27            000000000000011111111111111111111111111111111111111111111111111111111111111100000000                         
 -26              000000000001111111111111111111111111111111111111111111111111111111111111110000000000                       
 -25                00000000011111111111111111111111111111111111111111111111111111111111111b000005555000                     
 -24                  000000001111111111111111111111111111111111111111111111111111111111111b0000555550000                    
 -23                    000000111111111111111111111111111111111111111111111111111111111111b00000555555000                    
 -22                     000000111111111111bb1111111111111111111111111111111111111111111bbb00000555550000                    
 -21                     0000000111111111bbbb2211111111111bbbbbbbb111111111111122211111bb0000000555550000                    
 -20                     000000001111111bbb002222b2bb111bbbbbbbbbbbb111111111bb222b2bbb000000000000000000                    
 -19                     000000000011111000002222200000000000000bbbbbbbb11bbbb020222200000000000000000000                    
 -18                     00000000000000000000222222000000000000000000000000000022002200000000000000000000                    
 -17                     00000000000000000000222202000000000000000000000000000022022200000000000000000000                    
 -16                     00000000000000000000222222000000000000000000000000000022222000000000000000000000                    
 -15                     0000000000                         0000000000                         0000000000                    
 -14                     0000000000                         0000000000                         0000000000                    
 -13                     0000000000                         0000000000                         0000000000                    
 -12                     0000000000                         0000000000                         0000000000                    
 -11                     0000000000                         0000000000                         0000000000                    
 -10                                                                                                                         
  -9                                                                                                                         
  -8                                                                                                                         
  -7                                                                                                                         
  -6                                                                                                                         
  -5                                                                                                                         
  -4                                                                                                                         
  -3                                                                                                                         
  -2                                                                                                                         
  -1                                                                                                                         
   0                                                                                                                         
   1                                                                                                                         
   2                                                                                                                         
   3                                                                                                                         
   4                                                                                                                         
   5                                                                                                                         
   6                                                                                                                         
   7                                                                                                                         
   8                                                                                                                         
   9                                                                                                                         
  10                     0000000000                         0000000000                         0000000000                    
  11                     0000000000                         0000000000                         0000000000                    
  12                     0000000000                         0000000000                         0000000000                    
  13                     0000000000                         0000000000                         0000000000                    
  14                     0000000000                         0000000000                         0000000000                    
  15                     00000000000000000000022222000000000000000000000000000022222200000000000000000000                    
  16                     00000000000000000000222022000000000000000000000000000020222200000000000000000000                    
  17                     00000000000000000000220022000000000000000000000000000022222200000000000000000000                    
  18                     000000000000000000002222020bbbb11bbbbbbbb000000000000002222200000111110000000000                    
  19                     000000000000000000bbb2b222bb111111111bbbbbbbbbbbb111bb2b222200bbb111111100000000                    
  20                     0000555550000000bb111112221111111111111bbbbbbbb1111111111122bbbb1111111110000000                    
  21                     00005555500000bbb1111111111111111111111111111111111111111111bb111111111111000000                    
  22                     00055555500000b111111111111111111111111111111111111111111111111111111111111000000                   
  23                     0000555550000b111111111111111111111111111111111111111111111111111111111111100000000                 
  24                      000555500000b11111111111111111111111111111111111111111111111111111111111111000000000               
  25                        000000000011111111111111111111111111111111111111111111111111111111111111100000000000             
  26                          000000001111111111111111111111111111111111111111111111111111111111111110000000000000           
  27                            0000001111111111111111111111111111111111111111111111111111111111111110000000000000           
  28                              0000b1111111111111111111111111111111111111111111111111111111111111100000000000000          
  29                              0000b1111111111111111111111111111111111111111111111111111111111111100000000000000          
  30                               000bb1111111111111111111111b11111111111111111111111111111111111110000000000000000         
  31                                000b11111111112bbb111111bbbbbb11111111111111111111111111111111100000000000000000         
  32                                0000b1111111b2bbbbb11111bbbbbbbbbb1111111111111111bbbbb1111111000000000000000000         
  33                                000000bb1bbb1111111111111000000000bbb11111bbbbbbbbbbbb00111110000000000000000000         
  34                                 0000000000111111111111110000000000000000000000055500000000000000000000000000000         
  35                                 00000000111111111111111100000000000000000000005555500000000000000000000000000           
  36                              0  0000000111111111111111110000000000000000000000555550000000000000000000000000            
  37                             0000555550011111111111111111000000000000000000000055555000000000000000000000000             
  38                            00005555555011111111111111111000000000000000000000005550000000000000000000000000             
  39                           00005555555551111111111111111b00000000000000000000000000000000000000000000000000              
  40                          000005555555550111111111bb000000000000000000000000000000000000000000000000000000               
  41                         000000555555555000b11111b0000555000000000000000000000000000000000000000000000000                
  42                        00000000555555500000000000000555550000000000000000000000000000000005555550000000                 
  43                      000000000005555500000000000000555555500000000000000000000000000000000555555500000                  
  44                     000000000000000000000000000000055555550000000000000000000000000000000255555550000                   
  45                     00000000000000000000000000000005555555000000000000000000000000000000222255555000                    
  46                     00000000000000000000000000000000555555000000000000000000000000000000022555550000                    
  47                     00000000000000000000000000000000055550000000000000000000000000000000220200000000                    
  48                     00000000000000000000000000000000000000000000000000000000000000000000222200000000                    
  49                     00000000000000000000000000000000000000000000000000000000000000000000222200000000                    
  50                          000000000000000000000000000000000000000000000000000000000000000202000000000                    
  51                          000000044000000000000000000000000000000000000000000000000000000222000000000                    
  52                          000000444444000000000000000000000000000000000000000000000000000202200000000                    
  53                          000004444444000000000000000000000000000000000000000333333333000220200000000                    
  54                          000022222222000000000000000000000000000000000000000333333333000220200000000                    
  55                          000222222222222222200000000000000000000000000000000333333333000222200000000                    
  56                          000222222222222222222220000000000000000000000000000333333333000222200000000                    
  57                          000022222222222222222222200000000000000000000000000333333333000200000000000                    
  58                          000000000000222222222222222200000000000000000000000333333333000220200000000                    
  59                          000000000000000000022222222220000000000000000000000333333333002222000000000                    
  60                          000000000000000000000022222222200000000000000000000333333333002022004440000                    
  61                          000000000000000000000000022222220033333333330000000333333333022220044444000                    
  62                          000000000000000000000000000222220033333333330000000222222220022020044444000                    
  63                          000000000000000000000000000022222033333333330000022022220222002000044444000                    
  64                          000000000000000000000000000002222033333333330060022422022202022000004440000                    
  65                          033333333330000000000000000002222033333333330660442222222002200000000000000                    
  66                          033333333330000000088888888882222033333333330660444444400000000000000000000                    
  67                          0333333333300000000888888888222220333333333306604444444bbbbbbbbbbbbbbbbbbbb                    
  68                          03333333333000000008888888882222003333333333066044444444bbbbbbbbbbbbbbbbbbb                    
  69                          0333333333300000000888888882222200333333333306604444444bbbbbbbbbbbbbbbbbbbb                    
  70 0000000000               03333333333000000008888888222228003333333333000044     bbbbbbbbbbbbbbbbbbbb                    
  71 0888888888               03333333333000000008888888222288000333333300400004     bbbbbbbbbbbbbbbbbbbb                    
  72 0822222228               03333333333000000008888882222288000333333344440000     bbbbbbbbbbbbbbbbbbbb                    
  73 0222222222               03333333333000000008888882222888000333333344444000     bbbbbbbbbbbbbbbbbbbb                    
  74 0222222222               03333333333000444008888882222888000333333344444000     00000088888888800000                    
  75 0822222228               00040000000004444408888882222888000000000444444000     00000088888888800000                    
  76 0888888888               04444400000004444408888822228888000000000444440000     00000088888888800000                    
  77 0888888888               04444400000004444408888822228888000000000000400000     00000088888888800000                    
  78 bbbbbbbbbb               44444400000007444777777722227777777777000000000000     000bbbbbbbbbbbbbba00                    
  79 bbbbbbbbbb               04444400000007777777777722227777777777000000000000     000bbbbbbbbbbbbbba00                    
  80 bbbbbbbbbb                              77777777722227777777                    000bbbbbbbbbbbbbba00                    
  81 bbbbbbbbbb                              77777777222277777777                    888bbbbbbbbbbbbbba88                    
  82 bbbbbbbbbb                              77777777222277777777                    888bbbbbbbbbbbbbba88                    
  83 aabbbbbbaa                              77777777222277777777                    888bbbbbbbbbbbbbba88                    
  84 aabbbbbbaa                              77777777222277777777                    888bbbbbbbbbbbbbba88                    
  85 aabbbbbbaa                              777aaaaa7227aaaaa777                    888bbbbbbbbbbbbbba88                    
  86 aabbbbbbaa                              777aaaaa7777aaaaa777                    888bbbbbbbbbbbbbba88                    
  87 aabbbbbbaa                              777aaaaa7777aaaaa777                    888bbbbbbbbbbbbbba88                    
  88 aaaaaaaaaa                              777aaaaa7777aaaaa777                    888bbbbbbbbbbbbbba88                    
  89 aaaaaaaaaa                              777aaaabbbbbbaaaa777                    888bbbbbbbbbbbbbba88                    
  90                                         7777777bbbbbb7777777                    000bbbbbbbbbbbbbba00                    
  91                                         7777777bbbbbb7777777                    000bbbbbbbbbbbbbba00                    
  92                                         7777777bbbbbb7777777                    000aaaaaaaaaaaaaaa00                    
  93                                         7777777bbbbbb7777777                    00000088888888800000                    
  94                                         7777777bbbbbb7777777                    00000088888888800000                    
  95                                         77777777777777777777                    00000088888888800000                    
  96                                         77777777777777777777                    00000088888888800000                    
  97                                         77777777777777777777                    00000088888888800000                    
  98                                         77777777777777777777                    00000088888888800000                    
  99                                         77777777777777777777                    00000088888888800000                    
placed 45, declined 0
