CLAIMS  1 char = 1 block  x -75..74 across, z -150..149 down
KEY  0 free  1 water  2 paving  3 structure  4 tree  5 boulder  6 flora  7 spawn keep-out  8 door approach  9 goal clearance  a wool-room keep-out  b structure keep-out  space void
         -7        -6        -5        -4        -3        -2        -1         0         1         2         3         4         5         6         7    
     543210987654321098765432109876543210987654321098765432109876543210987654321012345678901234567890123456789012345678901234567890123456789012345678901234
-150                                              aaaaaaaaaaaabbbbba0000000000000000000000                                                                 
-149                                              aaaaaaaaaaaabbbbba8888888666000006600000                                                                 
-148                                              aaaaaaaaaaaabbbbba8888888666000066660060                                                                 
-147                                              aaaaaaaaaaaabbbbba8888888666666666666660                                                                 
-146                                              aaaabbbbbbbabbbbba8888888666666666666660                                                                 
-145                                              aaaabbbbbbbabbbbba8888888666666666666660                                                                 
-144                                              aaaabbbbbbbabbbbba8888888666666666666660                                                                 
-143                                              aaaabbbbbbbabbbbba8888888666666666666660                                                                 
-142                                              aaaabbbbbbbabbbbba8888888666666666666660                                                                 
-141                                              aaaabbbbbbbabbbbba8888888666666666666660                                                                 
-140                                              aaaabbbbbbbabbbbba8888888666666666666660                                                                 
-139                                              aaaaaaaaaaaabbbbba8888888666666666666660                                                                 
-138                                              bbbbbbbbbbbbbbbbba8888888666666666666660                                                                 
-137                                              bbbbbbbbbbbbbbbbba8888888666666666666660                                                                 
-136                                              bbbbbbbbbbbbbbbbba8888888066666666666660                                                                 
-135                                              bbbbbbbbbbbbbbb          066666666666660                                                                 
-134                                              bbbbbbbbbbbbbbb          066666666666660                                                                 
-133                                              aaaaaaaaaaaaaaa          066666666666660                                                                 
-132                                              088888888888888          066666666666660                                                                 
-131                                              088888888888888          066666666666660                                                                 
-130                                              088888888888888          066666666666660                                                                 
-129                                              088888888888888          060066666666660                                                                 
-128                                              088888888888888          000000066666660                                                                 
-127                                              088888888888888          000000066666660                                                                 
-126                                              088888888888888          000006000006660                                                                 
-125                                              006600000000000          000006000006660                                                                 
-124                                              066660000000000          000066600006660                                                                 
-123                                              000000000000000          000066600006660                                                                 
-122                                              000000000000000          000066660006660                                                                 
-121                                              000000000000000          000666660006660                                                                 
-120                                              0000000000660000000000000000666666606660                                                                 
-119                                              0000000000666600000000000000666666000660                                                                 
-118                                              0000000006666600000000000000666660000660                                                                 
-117                                              0000000006666600000000000000066600000660                                                                 
-116                                              0000000006666600000000000000000000000660                                                                 
-115                                              0000000006666000000000000000000000000060                                                                 
-114                                              0000000666600000000000000000000000000060                                                                 
-113                                              0666666600000000000000000000000000006660                                                                 
-112                                              0666666000000000000000000000000000006660                                                                 
-111                                              0666666600000000000000000000000000006660                                                                 
-110                                              0666666660000000000000000000000000066660                                                                 
-109                                              0666666660000000000000000000000000000660                                                                 
-108                                              0666666666600000000000000000000006666660                                                                 
-107                                              0666666666600000000000000000000000666660                                                                 
-106                                              0000000000000000000000000000000000006660                                                                 
-105                                                             0000000000000000000000000                                                                 
-104                                                             0000000000000000000000000                                                                 
-103                                                             0000000000000000000000000                                                                 
-102                                                             0000000000000000000000000                                                                 
-101                                                             0000000000000000000000000                                                                 
-100                                                             0000000000000000000000000                                                                 
 -99                                                             0000000000000000000000000                                                                 
 -98                                                             0000000000000000000000000                                                                 
 -97                                                             0000000000000000000000000                                                                 
 -96                                                             0000000000000000000000000                                                                 
 -95                                                             0000000000000000000000000                                                                 
 -94                                                             0000000000000000000000000                                                                 
 -93                                                             0000000000000000000000000                                                                 
 -92                                                             0000000000000000000000000                                                                 
 -91                                                             0000000000000000000000000                                                                 
 -90                                              00000000000000000000000000000000000666600000000000000000000000000000000000000000                         
 -89                                              00000006666600000000000000000000000666666666600000006666666666666666666666666600                         
 -88                                              00000066666660000000000000000660006666666660000000006666666666666666666666666600                         
 -87                                              06000666666666000000000000000060000666666666600000066666660666666666666666666600                         
 -86                                              06600666666666666666660000000066600666666666666666066666666606666666666666666600                         
 -85                                              06606666666666666666666600000666000666666666666666666666666600666666666666666600000777aaaaaaaaa          
 -84                                              06666666666666666666666600006666000666666666666666666660000000006668888888888888888777aaaaaaaaa          
 -83                                              06666666666666666666666600000066000066666666666666666000000000000008888888888888888777aaaaaaaaa          
 -82                                              06666666666666666666666600000000666006666666666666660000000000000008888888888888888777aaaaaaaaa          
 -81                                              06666666666666666666066600000000000006666666666666666600000006666008888888888888888777aaaaaaaaa          
 -80                                              066666666666666666600666000000000000666666666666666666600000666666088888888888888887777bbbbbb77          
 -79                                              066666666666666666666666000000000000066666666666666666000000066666088888888888888887777bbbbbb77          
 -78                                              066666666666666666666666000000000000006666666666666600000000000666088888888888888887777bbbbbb77          
 -77                                              066666666666666666666666600006666666600666066666660000000000000000088888888888888887777bbbbbb77          
 -76                                              000666666666660000000000000000066666660666660000000000000000000000088888888888888887777bbbbbb77          
 -75                                              000000066666660               000000000000000                    008888888888888888777abbbbbb77          
 -74                                              000000006666660               000000000000000                    008888888888888888777aaaaa7777          
 -73                                              000000000666660               000000000000000                    008888888888888888777aaaaa7777          
 -72                                              000000000666660               000000000000000                    008888888888888888777aaaaa7777          
 -71                                              000000000666660               000000000000000                    008888888888888888777aaaaa7777          
 -70                                              000000000666660               000000000000000                    000000000000000                         
 -69                                              000000066666660               000000000000000                    000000000000000                         
 -68                                              000066666666660               000000000000000                    000000000000000                         
 -67                                              066666666666660               000000000000000                    000000000000000                         
 -66                                              066666666666660               000000000000000                    000000000000000                         
 -65                                              066660066666660               000000000000000                    000000000000000                         
 -64                                              066660000666660               000000000000000                    000000000000000                         
 -63                                              066666606666660               000000000000000                    000000000000000                         
 -62                                              066666660666660               000000000000000                    000000000000000                         
 -61                                              066666660666660               000000000000000                    000000000000000                         
 -60                                              066666600066660               000000000000000                    000000000000000                         
 -59                                              066666000066660               000000000000000                    000000000000000                         
 -58                                              066660000060000               000000000000000                    000000000000000                         
 -57                                              000000000060000               000000000000000                    000000000000000                         
 -56                                              000000000660000               000000000000000                    000000000000000                         
 -55                                              000000000000000               000000000000000                    000000000000000                         
 -54                                              000000000000000               000000000000000                    000000000000000                         
 -53                                              000000000000000               000000000000000                    000000000000000                         
 -52                                              000000000060000               000000000000000                    000000000000000                         
 -51                                              000000000000000               000000000000000                    000000000000000                         
 -50      aaaaaaabbbbba000000000000000000000000000000000000000000               066000666600000000000000000000000000666666666666600000000000000bbbbbaaaaaaa
 -49      aaaaaaabbbbba888888800000000000000000000000000000000060               000000666666666666666600006666666666666666666600660000008888888bbbbbaaaaaaa
 -48      aaaaaaabbbbba888888800000000000000000000000000000006660               000000066666666666666600006666666666666666666666660000008888888bbbbbaaaaaaa
 -47      aaaaaaabbbbba888888800000000000000000000000000000066660               000066666666666666666660006666666666666666666666660000008888888bbbbbaaaaaaa
 -46      aaaaaaabbbbba888888800000000000000000000000000000666660               000066666666666666666666666666666666666666660006660000008888888bbbbbaaaaaaa
 -45      aabbbbbbbbbba888888800000000000000000000000000006666660               000066666666666666600666666666666666666666660666660000008888888bbbbbbbbbbaa
 -44      aabbbbbbbbbba888888800000000000000000000000000006666600               000066666666666666600006666600666666666606660666660000008888888bbbbbbbbbbaa
 -43      aabbbbbbbbbba888888800000000000000000000000000006666600               000666666666606666000066666600666666666606666666660000008888888bbbbbbbbbbaa
 -42      aabbbbbbbbbba888888800000000000000000000000000000666660               006666666666600000000066666000666666666666666666660000008888888bbbbbbbbbbaa
 -41      aabbbbbbbbbba888888800000000000000000000000000000066660               006666666666600000000000000000000666666666666666660000008888888bbbbbbbbbbaa
 -40      aabbbbbbbbbba888888800000000000000000000000000660006660               006666666666660000000000000000000666666666666666660000008888888bbbbbbbbbbaa
 -39      aaaaaaabbbbba888888800000000000000000000000000060666660               006666666666600000000000000000000666666666666666660000008888888bbbbbaaaaaaa
 -38      aaaaaaabbbbba888888800000000000000000000000000006666660               006666666666600000000000000000000066666666666666660000008888888bbbbbaaaaaaa
 -37      aaaaaaabbbbba888888800000000000000000000000000066666660               000666666666000000000000000000000066666666666666660000008888888bbbbbaaaaaaa
 -36      aaaaaaabbbbba888888800000000000000000000000000666666660               000666666666000000000000000000000066666666666666600000008888888bbbbbaaaaaaa
 -35                                              00000000666666000000000000000006666600000666666666666666666666660000000666666000                         
 -34                                              00000000666666666600000006666666666660000000066666666666666666660000066666666600                         
 -33                                              00000006666666666666000006666666660066066660000666666666666666660000006666666660                         
 -32                                              00000066666666666666000006666666600066666666000666666666666666660000006666666660                         
 -31                                              00000066666666666666000066666600000006666666066666666666666666666000066666666660                         
 -30                                              00000066666666666666666666000000000000666666666666666666666666666600666666666660                         
 -29                                              00000006666666666666666660000000000000666666666666666666666666666666666666666660                         
 -28                                              00000000666666666666666660000000000000666666666666666666666666666666666666666660                         
 -27                                              00000000666666666666666600000000000000000666666666666660600066666666666666666660                         
 -26                                              00000666600666666666666600000000000000000066666666666000600066666666666666666660                         
 -25                                              06006666600666666666666000000000000000000006666666660000600066666000066666666660                         
 -24                                              06666666660666666606660000000000000000000000666666000000600066666000066666666660                         
 -23                                              06666666660666666600600000600000000000000000066660000006666666666000066666666660                         
 -22                                              06666666660666666600006006660000000000000000006000000066666666660000666666666660                         
 -21                                              06666666666666666660000000000006666660000000006000000066666666660000000000000000                         
 -20                                              00000000000000000000          00000000000000000000000000000000000                                        
 -19                                              00000000000000000000          00000000000000000000000000000000000                                        
 -18                                              00000000000000000000          00000000000000000000000000000000000                                        
 -17                                              00000000000000000000          00000000000000000000000000000000000                                        
 -16                                              00000000000000000000          00000000000000000000000000000000000                                        
 -15                                              00000000000000000000          00000000000000000000000000000000000                                        
 -14                                              00000000000000000000          00000000000000000000000000000000000                                        
 -13                                              00000000000000000000          00000000000000000000000000000000000                                        
 -12                                              00000000000000000000          00000000000000000000000000000000000                                        
 -11                                              00000000000000000000          00000000000000000000000000000000000                                        
 -10                                                                                                                                                       
  -9                                                                                                                                                       
  -8                                                                                                                                                       
  -7                                                                                                                                                       
  -6                                                                                                                                                       
  -5                                                                                                                                                       
  -4                                                                                                                                                       
  -3                                                                                                                                                       
  -2                                                                                                                                                       
  -1                                                                                                                                                       
   0                                                                                                                                                       
   1                                                                                                                                                       
   2                                                                                                                                                       
   3                                                                                                                                                       
   4                                                                                                                                                       
   5                                                                                                                                                       
   6                                                                                                                                                       
   7                                                                                                                                                       
   8                                                                                                                                                       
   9                                                                                                                                                       
  10                                         00000000000000000000000000000000000          00000000000000000000                                             
  11                                         00000000000000000000000000000000000          00000000000000000000                                             
  12                                         00000000000000000000000000000000000          00000000000000000000                                             
  13                                         00000000000000000000000000000000000          00000000000000000000                                             
  14                                         00000000000000000000000000000000000          00000000000000000000                                             
  15                                         00000000000000000000000000000000000          00000000000000000000                                             
  16                                         00000000000000000000000000000000000          00000000000000000000                                             
  17                                         00000000000000000000000000000000000          00000000000000000000                                             
  18                                         00000000000000000000000000000000000          00000000000000000000                                             
  19                                         00000000000000000000000000000000000          00000000000000000000                                             
  20                          00000000000000006666666666000000060000000006666660000000000006666666666666666660                                             
  21                          06666666666600006666666666000000060000000000000000006660060000666666606666666660                                             
  22                          06666666666000066666666660000006666000000000000000000600000600666666606666666660                                             
  23                          06666666666000066666000600000066666600000000000000000000006660666666606666666660                                             
  24                          06666666666000066666000600006666666660000000000000000000066666666666600666660060                                             
  25                          06666666666666666666000600066666666666000000000000000000666666666666600666600000                                             
  26                          06666666666666666666000606666666666666600000000000000000666666666666666600000000                                             
  27                          06666666666666666666666666666666666666666600000000000006666666666666666600000000                                             
  28                          06666666666666666666666666666666666666666600000000000006666666666666666660000000                                             
  29                          06666666666600666666666666666666666666666600000000000066666666666666666666000000                                             
  30                          06666666666000066666666666666666666066666660000000666666000066666666666666000000                                             
  31                          06666666660000006666666666666666600066666666000666666660000066666666666666000000                                             
  32                          06666666660000006666666666666666600006666066006666666660000066666666666660000000                                             
  33                          00666666666000006666666666666666666000000006666666666660000000666666666600000000                                             
  34                          00066666600000006666666666666666666666600000666660000000000000000066666600000000                                             
  35 aaaaaaabbbbba00000000000006666666666666660000000000000000000000666666666000               0666666660000000000000000000000000000000000bbbbbaaaaaaa     
  36 aaaaaaabbbbba88888880000066666666666666660000000000000000000000666666666000               0666666600000000000000000000000000008888888bbbbbaaaaaaa     
  37 aaaaaaabbbbba88888880000066666666666666660000000000000000000006666666666600               0666666000000000000000000000000000008888888bbbbbaaaaaaa     
  38 aaaaaaabbbbba88888880000066666666666666666000000000000000000006666666666600               0666660600000000000000000000000000008888888bbbbbaaaaaaa     
  39 aabbbbbbbbbba88888880000066666666666666666000000000000000000066666666666600               0666000660000000000000000000000000008888888bbbbbbbbbbaa     
  40 aabbbbbbbbbba88888880000066666666666666666000000000000000000006666666666600               0666600000000000000000000000000000008888888bbbbbbbbbbaa     
  41 aabbbbbbbbbba88888880000066666666666666666666000666660000000006666666666600               0666660000000000000000000000000000008888888bbbbbbbbbbaa     
  42 aabbbbbbbbbba88888880000066666666606666666666006666660000666606666666666000               0066666000000000000000000000000000008888888bbbbbbbbbbaa     
  43 aabbbbbbbbbba88888880000066666066606666666666006666600006666666666666660000               0066666000000000000000000000000000008888888bbbbbbbbbbaa     
  44 aabbbbbbbbbba88888880000066666066666666666666666666666006666666666666660000               0666666000000000000000000000000000008888888bbbbbbbbbbaa     
  45 aaaaaaabbbbba88888880000066600066666666666666666666666666666666666666660000               0666660000000000000000000000000000008888888bbbbbaaaaaaa     
  46 aaaaaaabbbbba88888880000066666666666666666666666600066666666666666666660000               0666600000000000000000000000000000008888888bbbbbaaaaaaa     
  47 aaaaaaabbbbba88888880000066666666666666666666666600006666666666666660000000               0666000000000000000000000000000000008888888bbbbbaaaaaaa     
  48 aaaaaaabbbbba88888880000066006666666666666666666600006666666666666666000000               0600000000000000000000000000000000008888888bbbbbaaaaaaa     
  49 aaaaaaabbbbba88888880000006666666666666000000000000000000000000006666000660               0000000000000000000000000000000000008888888bbbbbaaaaaaa     
  50                          000000000000000                    000000000000000               000000000000000                                             
  51                          000000000000000                    000000000000000               000060000000000                                             
  52                          000000000000000                    000000000000000               000000000000000                                             
  53                          000000000000000                    000000000000000               000000000000000                                             
  54                          000000000000000                    000000000000000               000000000000000                                             
  55                          000000000000000                    000000000000000               000066000000000                                             
  56                          000000000000000                    000000000000000               000060000000000                                             
  57                          000000000000000                    000000000000000               000060000066660                                             
  58                          000000000000000                    000000000000000               066660000666660                                             
  59                          000000000000000                    000000000000000               066660006666660                                             
  60                          000000000000000                    000000000000000               066666066666660                                             
  61                          000000000000000                    000000000000000               066666066666660                                             
  62                          000000000000000                    000000000000000               066666606666660                                             
  63                          000000000000000                    000000000000000               066666000066660                                             
  64                          000000000000000                    000000000000000               066666660066660                                             
  65                          000000000000000                    000000000000000               066666666666660                                             
  66                          000000000000000                    000000000000000               066666666666660                                             
  67                          000000000000000                    000000000000000               066666666660000                                             
  68                          000000000000000                    000000000000000               066666660000000                                             
  69                          000000000000000                    000000000000000               066666000000000                                             
  70           aaaaaaaaa777700000000000000000                    000000000000000               066666000000000                                             
  71           aaaaaaaaa777788888888888888880                    000000000000000               066666000000000                                             
  72           aaaaaaaaa777788888888888888880                    000000000000000               066666000000000                                             
  73           aaaaaaaaa777788888888888888880                    000000000000000               066666600000000                                             
  74           aabbbbbba777788888888888888880                    000000000000000               066666660000000                                             
  75           77bbbbbb777778888888888888888000000000000000000000066666066666660000000000000000066666666666000                                             
  76           77bbbbbb777778888888888888888000000000000000066666660666006666666600006666666666666666666666660                                             
  77           77bbbbbb777778888888888888888666000000000006666666666666600000000000000666666666666666666666660                                             
  78           77bbbbbb777778888888888888888666660000000666666666666666660000000000000666666666666666666666660                                             
  79           77bbbbbb777778888888888888888666666000006666666666666666666000000000000666006666666666666666660                                             
  80           7777aaaaa77778888888888888888066660000000666666666666666660000000000000666066666666666666666660                                             
  81           7777aaaaa77778888888888888888000000000000006666666666666660066600000000666666666666666666666660                                             
  82           7777aaaaa77778888888888888888000000000000066666666666666666000066000000666666666666666666666660                                             
  83           7777aaaaa77778888888888888888660000000006666666666666666666600066660000666666666666666666666660                                             
  84           7777aaaaa77778888888888888888666600666666666666666666666666600066600000666666666666666666660660                                             
  85                          00666666666666666660666666666066666666666666600666000000006666666666666666600660                                             
  86                          00666666666666666666606666666000000666666666600006000000000000000066666666600060                                             
  87                          00666666666666666666666666660000000006666666660006600000000000000006666666000000                                             
  88                          00666666666666666666666666660000000666666666600000000000000000000000666660000000                                             
  89                          00000000000000000000000000000000000000000666600000000000000000000000000000000000                                             
  90                                                                  0000000000000000000000000                                                            
  91                                                                  0000000000000000000000000                                                            
  92                                                                  0000000000000000000000000                                                            
  93                                                                  0000000000000000000000000                                                            
  94                                                                  0000000000000000000000000                                                            
  95                                                                  0000000000000000000000000                                                            
  96                                                                  0000000000000000000000000                                                            
  97                                                                  0000000000000000000000000                                                            
  98                                                                  0000000000000000000000000                                                            
  99                                                                  0000000000000000000000000                                                            
 100                                                                  0000000000000000000000000                                                            
 101                                                                  0000000000000000000000000                                                            
 102                                                                  0000000000000000000000000                                                            
 103                                                                  0000000000000000000000000                                                            
 104                                                                  0000000000000000000000000                                                            
 105                                                                  0666000000000000000000000000000000000000                                             
 106                                                                  0666660000000000000000000000066666666660                                             
 107                                                                  0666666000000000000000000000066666666660                                             
 108                                                                  0660000000000000000000000000000666666660                                             
 109                                                                  0666600000000000000000000000000666666660                                             
 110                                                                  0666000000000000000000000000000066666660                                             
 111                                                                  0666000000000000000000000000000006666660                                             
 112                                                                  0666000000000000000000000000000066666660                                             
 113                                                                  0600000000000000000000000000066660000000                                             
 114                                                                  0600000000000000000000000006666000000000                                             
 115                                                                  0660000000000000000000000066666000000000                                             
 116                                                                  0660000066600000000000000066666000000000                                             
 117                                                                  0660000666660000000000000066666000000000                                             
 118                                                                  0660006666660000000000000066660000000000                                             
 119                                                                  0666066666660000000000000000660000000000                                             
 120                                                                  066600066666000          000000000000000                                             
 121                                                                  066600066660000          000000000000000                                             
 122                                                                  066600006660000          000000000000000                                             
 123                                                                  066600006660000          000000000066660                                             
 124                                                                  066600000600000          000000000006600                                             
 125                                                                  066600000600000          000000000000000                                             
 126                                                                  066666660000000          088888888888888                                             
 127                                                                  066666660000000          088888888888888                                             
 128                                                                  066666666660060          088888888888888                                             
 129                                                                  066666666666660          088888888888888                                             
 130                                                                  066666666666660          088888888888888                                             
 131                                                                  066666666666660          088888888888888                                             
 132                                                                  066666666666660          088888888888888                                             
 133                                                                  066666666666660          bbbbbbbbbbbbbbb                                             
 134                                                                  066666666666660          bbbbbbbbbbbbbbb                                             
 135                                                                  06666666666666000000000bbbbbbbbbbbbbbbbb                                             
 136                                                                  06666666666666608888888bbbbbbbbbbbbbbbbb                                             
 137                                                                  06666666666666608888888bbbbbbbbbbbbbbbbb                                             
 138                                                                  06666666666666608888888bbbbbaaaaaaaaaaaa                                             
 139                                                                  06666666666666608888888bbbbbabbbbbbbaaaa                                             
 140                                                                  06666666666666608888888bbbbbabbbbbbbaaaa                                             
 141                                                                  06666666666666608888888bbbbbabbbbbbbaaaa                                             
 142                                                                  06666666666666608888888bbbbbabbbbbbbaaaa                                             
 143                                                                  06666666666666608888888bbbbbabbbbbbbaaaa                                             
 144                                                                  06666666666666608888888bbbbbabbbbbbbaaaa                                             
 145                                                                  06666666666666608888888bbbbbabbbbbbbaaaa                                             
 146                                                                  06666666666666608888888bbbbbaaaaaaaaaaaa                                             
 147                                                                  06006666000066608888888bbbbbaaaaaaaaaaaa                                             
 148                                                                  00000660000066608888888bbbbbaaaaaaaaaaaa                                             
 149                                                                  00000000000000008888888bbbbbaaaaaaaaaaaa                                             
placed 12, declined 0
