## tree
SEATS  tree, footprint 1x1, 3 blocks off a route  1 char = 1 block  x -120..119 across, z -40..39 down
KEY  1 the footprint seats with its minimum corner here  0 refused  space void
     2        -1        -0        -9        -8        -7        -6        -5        -4        -3        -2        -1         0         1         2         3         4         5         6         7         8         9         0         1         
     098765432109876543210987654321098765432109876543210987654321098765432109876543210987654321098765432109876543210987654321012345678901234567890123456789012345678901234567890123456789012345678901234567890123456789012345678901234567890123456789
 -40                     1111                                                                                 111                        111                                                                                   11                    
 -39                      1111111111                                        1111                        111111111                        11111111                                                   11111                   1111                     
 -38                       111111111111             11111                 111111111               111111111111111                        111011111111                     11111                 1111111111111            1111111                     
 -37                       1111111111111111    11111111111111          1111111111111111    1111111111111111111111                        1101001111111111             1111111111111111      1111111111111111111111   1111111111                      
 -36                        111111111111111111111111111111111111    100000000000000000000000011111111111111111111                        11000101111111111111    1111111111111111111111111111111111111001111111111111111111111                       
 -35                         111111111111111111111111111111111111111100000000000000000000000001111111111111111111                        1111000111111111111111111111111111111111100000000000000000000001100000000000000000011                       
 -34                          11111111111111111111111111111111111111100000000000000000000000001111111111111111111                        111000011111111110111111111111111111111110000000000000000000001110000000000000000001                        
 -33                          11111111111111111111111111111111111111111111111110000000001100001111111111111111111                        111100001111111111100000010101111111111110000000000000000000001110000000000000000001                        
 -32                           1111111111111111111111111111111111111111111111110000000001100001111111111111111111                        11111000011111111111100000000111111111111000000000000000000000111000000000000000000                         
 -31                           1111111111111111111111111111111111111111111111110000000001100001111111111111111111                        11111100001111111111111111111111111111111000000000000000000000011000000000000000000                         
 -30                          11111111111111111111111111111111111111111111111110000000001100001111111111111111111                        111111100000111111111111111111111111111110000000000000000000000110000000000000000001                        
 -29                          11111111111111111111111111111111111111111111111110000000001100001111111111111111111                        111111110000101111111111111111111111111110000000000000000000001110000000000000000001                        
 -28                          11111111111111111111111111111111111111111111111110000000001110000111111111111111111                        111111111000000001111111111111111111111110000000000000000000001110000000000000000001                        
 -27                         111111111111111111111111111111111111111111111111111111111111110001111111111111111111                        1111111111000000000011111111111111110111100000000000000000000011100000000000000000011                       
 -26                         111111111111111111111111111111111111111111111111111111111111110001111111111111111111                        1111111111110000000000111111111110111111100000000000000000000011100000000000000000011                       
 -25                         111111111111111111111111111111111111111111111111111111111111111111111111111111111111                        1111111111111000000000001010000000001111100000000000000000000011100000000000000000011                       
 -24                         111111111111111111111111111111111111111111111111111111111111111111111111111111111111                        1111111111111110100000000000000000010111100000000000000000000011100000000000000000011                       
 -23                        1111111111111111111111111111111111111111111111111111111111111111111111111111111111111                        11111111111111111000000000000000001011111000000000000000000000011000000000000000000111                      
 -22                        1111111111111111111111111111111111111111111111111111111111111111111111111111111111111                        11111111111111111111100000000000011111111000000000000000000000011000000000000000000111                      
 -21                        1111111111111111111111111111111111111111111111111111111111111111111111111111111111111                        11111111111111111111111000000001111111111000000000000000000000111000000000000000000111                      
 -20                       11111111111111111111111111111111111111111111111111111111111111111111111111111111111111                        11111111111111111111111111111111111111111000000000000000000000111000000000000000000111                      
 -19                       11111111111111111111111111111111111111111111111111111111111111111111111111111111111111                        111111111111111111111111111111111111111110000000000000000000001110000000000000000001111                     
 -18                       11111111111111111111111111111111111111111111111111111111111111111111111111111111111111                        111111111111111111111111111111111111111110000000000000000000000110000000000000000001111                     
 -17                      111111111111111111111111111111111111111111111111111111111111111111111111111111111111111                        111111111111111111111111111111111111111110000000000000000000000000001111000000000111111                     
 -16                      111111111111111111111111111111111111111111111111111111111111111111111111111111111111111                        111111111111111111111111111111111111111110000000000000000000000000001111000000000111111                     
 -15                      111111111111111111111111111111111111111111111111111111111111111111111111111111111111111                        111111111111111111111111111111111111111110000000000000000000001111111111111111111111111                     
 -14                     0001111111111111111111111111111111111111111111111111111111111111111111111111111111111111                        1111111111111111111111111111111111111111111111111111111111111111111111111111111111111100                    
 -13                     0001111111111111111111111111111111111111111111111111111111111111111111111111111111111111                        1111111111111111111111111111111111111111111111111111111111111111111111111111111111111100                    
 -12 000000000000000000000001111111111111111111111111111111111111111111111111111111111111111111111111111111111111                        111111111111111111111111111111111111111111111111111111111111111111111111111111111111110000000000000000000000
 -11 000000000000000000000001111111111111111111111111111111111111110000000111110001110001000001111111111111111111                        111111111111111111111111111111111111111111111111111111111111111111111111111111111111110000000000000000000000
 -10 000000000000000000000001111111111111111111111111111111111111100000000001000000000000000001111111111111111111                        111111111111111111111111111111111111111111111111111111111111111111111111111111111111110000000000000000000000
  -9 000000000000000000000001111111111111111111111111111111111111100000000000000000000000000001111111111111111111                        111111111111111111111111111111111111111111111111111111111111111111111111111111111111110000000000000000000000
  -8 000000000000000000000001111111111111111111111111111111111111000000000000000000000000000001111111111111111111                        111111111111111111111111111111111111111111111111111111111111111111111111111111111111110000000000000000000000
  -7 000000000000000000000000000000000000111111111111111111111111000000000000000000000000000001111111111111111111                        111111111111111111111111111111111111111111111111111111111111111111111111100000000000000000000000000000000000
  -6 000000000000000000000000000000000000111111111111111111111111100000000001000001110001000001111111111111111111                        111111111111111111111111111111111111111111111111111111111111111111111111100000000000000000000000000000000000
  -5 000000000000000000000000000000000000111111111111111111111111110000000011111111111111111111111111111111111111                        111111111111111111111111111111111111111111111111111111111111111111111111100000000000000000000000000000000000
  -4 000000000000000000000000000000000000111111111111111111111111111110011111111111111111111111111111111111111111                        111111111111111111111111111111111111111111111111111111111111111111111111100000000000000000000000000000000000
  -3 000000000000000000000000000000000000111111111111111111111111111111111111111111111111111111111111111111111111                        111111111111111111111111111111111111111111111111111111111111111111111111100000000000000000000000000000000000
  -2 000000000000000000000000000000000000111111111111111111111111111111111111111111111111111111111111111111111111                        111111111111111111111111111111111111111111111111111111111111111111111111100000000000000000000000000000000000
  -1 000000000000000000000000000000000000111111111111111111111111111111111111111111111111111111111111111111111111                        111111111111111111111111111111111111111111111111111111111111111111111111100000000000000000000000000000000000
   0 000000000000000000000000000000000000111111111111111111111111111111111111111111111111111111111111111111111111                        111111111111111111111111111111111111111111111111111111111111111111111111100000000000000000000000000000000000
   1 000000000000000000000000000000000000111111111111111111111111111111111111111111111111111111111111111111111111                        111111111111111111111111111111111111111111111111111111111111111111111111100000000000000000000000000000000000
   2 000000000000000000000000000000000000111111111111111111111111111111111111111111111111111111111111111111111111                        111111111111111111111111111111111111111111111111111111111111111111111111100000000000000000000000000000000000
   3 000000000000000000000000000000000000111111111111111111111111111111111111111111111111111111111111111111111111                        111111111111111111111111111111111111111110011111111111111111111111111111100000000000000000000000000000000000
   4 000000000000000000000000000000000000111111111111111111111111111111111111111111111111111111111111111111111111                        111111111111111111111111111111111111110000000011111111111111111111111111100000000000000000000000000000000000
   5 000000000000000000000000000000000000111111111111111111111111111111111111111111111111111111111111111111111111                        111111111111111111100000100011100000100000000001111111111111111111111111100000000000000000000000000000000000
   6 000000000000000000000000000000000000111111111111111111111111111111111111111111111111111111111111111111111111                        111111111111111111100000000000000000000000000000111111111111111111111111100000000000000000000000000000000000
   7 000000000000000000000000000000000000111111111111111111111111111111111111111111111111111111111111111111111111                        111111111111111111100000000000000000000000000000111111111111111111111111100000000000000000000000000000000000
   8 000000000000000000000001111111111111111111111111111111111111111111111111111111111111111111111111111111111111                        111111111111111111100000000000000000000000000001111111111111111111111111111111111111110000000000000000000000
   9 000000000000000000000001111111111111111111111111111111111111111111111111111111111111111111111111111111111111                        111111111111111111100000000000000000100000000001111111111111111111111111111111111111110000000000000000000000
  10 000000000000000000000001111111111111111111111111111111111111111111111111111111111111111111111111111111111111                        111111111111111111100000100011100011111000000011111111111111111111111111111111111111110000000000000000000000
  11 000000000000000000000001111111111111111111111111111111111111111111111111111111111111111111111111111111111111                        111111111111111111111111111111111111111111111111111111111111111111111111111111111111110000000000000000000000
  12                     0001111111111111111111111111111111111111111111111111111111111111111111111111111111111111                        1111111111111111111111111111111111111111111111111111111111111111111111111111111111111100                    
  13                     0001111111111111111111111111111111111111111111111111111111111111111111111111111111111111                        1111111111111111111111111111111111111111111111111111111111111111111111111111111111111100                    
  14                      001111111111111111111111100000000000000000000011111111111111111111111111111111111111111                        111111111111111111111111111111111111111111111111111111111111111111111111111111111111110                     
  15                      111111000000000111100000000000000000000000000011111111111111111111111111111111111111111                        111111111111111111111111111111111111111111111111111111111111111111111111111111111111111                     
  16                      111111111111111111111111000000000000000000000011111111111111111111111111111111111111111                        111111111111111111111111111111111111111111111111111111111111111111111111111111111111111                     
  17                      111100000000000000000011000000000000000000000011111111111111111111111111111111111111111                        11111111111111111111111111111111111111111111111111111111111111111111111111111111111111                      
  18                      111100000000000000000011100000000000000000000011111111111111111111111111111111111111111                        11111111111111111111111111111111111111111111111111111111111111111111111111111111111111                      
  19                       11100000000000000000011100000000000000000000011111111111111111111111111111111111111111                        11111111111111111111111111111111111111111111111111111111111111111111111111111111111111                      
  20                       11100000000000000000011100000000000000000000011111111110000000011111111111111111111111                        1111111111111111111111111111111111111111111111111111111111111111111111111111111111111                       
  21                       11100000000000000000011000000000000000000000011111111000000000000111111111111111111111                        1111111111111111111111111111111111111111111111111111111111111111111111111111111111111                       
  22                       11100000000000000000011000000000000000000000011111010000000000000000011111111111111111                        1111111111111111111111111111111111111111111111111111111111111111111111111111111111111                       
  23                        1100000000000000000011100000000000000000000011110100000000000000000010111111111111111                        111111111111111111111111111111111111111111111111111111111111111111111111111111111111                        
  24                        1100000000000000000011100000000000000000000011111000000000101000000000001111111111111                        111111111111111111111111111111111111111111111111111111111111111111111111111111111111                        
  25                        1100000000000000000011100000000000000000000011111110111111111110000000000111111111111                        111111111111111111100011111111111111111111111111111111111111111111111111111111111111                        
  26                        1100000000000000000011100000000000000000000011110111111111111111100000000001111111111                        111111111111111111100011111111111111111111111111111111111111111111111111111111111111                        
  27                         100000000000000000011100000000000000000000011111111111111111111111100000000111111111                        11111111111111111100001100000000001111111111111111111111111111111111111111111111111                         
  28                         100000000000000000011100000000000000000000011111111111111111111111111101000011111111                        11111111111111111110000100000000001111111111111111111111111111111111111111111111111                         
  29                         100000000000000000011000000000000000000000011111111111111111111111111111000001111111                        11111111111111111110000100000000001111111111111111111111111111111111111111111111111                         
  30                          00000000000000000011000000000000000000000011111111111111111111111111111110000111111                        1111111111111111111000010000000000111111111111111111111111111111111111111111111111                          
  31                          00000000000000000011100000000000000000000011111111111100000000111111111111000011111                        1111111111111111111000010000000000111111111111111111111111111111111111111111111111                          
  32                         100000000000000000011100000000000000000000011111111111101010000001111111111100001111                        11111111111111111110000000000000000000000000111111111111111111111111111111111111111                         
  33                         100000000000000000011100000000000000000000011111111111111111111111011111111110000111                        11111111111111111110000000000000000000000000111111111111111111111111111111111111111                         
  34                        1100000000000000000011000000000000000000000011111111111111111111111111111111110001111                        111111111111111111100000000000000000000000001111111111111111111111111111111111111111                        
  35                        1111111111111111111111001111111111111111111111111111111111111    11111111111110100011                        111111111111111111111111000000000111111111111    111111111111111111111111111111111111                       
  36                       1111111111   1111111111111111111111      1111111111111111             1111111111001011                        1111111111111111111111    1111111111111111          11111111111111    111111111111111                       
  37                      1111111            1111111111111                111111                    1111111110111                        111111111111111               111111111                 11111             111111111111                      
  38                      1111                   11111                                                   11111111                        111111111                        1111                                        1111111111                     
  39                     11                                                                                   111                        111                                                                                 1111                    
seats 9806; refused 2391 DR-KEEP, 882 OB19, 500 DR-ROOT, 284 DR-CLAIM

## boulder
SEATS  boulder, footprint 1x1, 2 blocks off a route  1 char = 1 block  x -120..119 across, z -40..39 down
KEY  1 the footprint seats with its minimum corner here  0 refused  space void
     2        -1        -0        -9        -8        -7        -6        -5        -4        -3        -2        -1         0         1         2         3         4         5         6         7         8         9         0         1         
     098765432109876543210987654321098765432109876543210987654321098765432109876543210987654321098765432109876543210987654321012345678901234567890123456789012345678901234567890123456789012345678901234567890123456789012345678901234567890123456789
 -40                     1111                                                                                 111                        111                                                                                   11                    
 -39                      1111111111                                        1111                        111111111                        11111111                                                   11111                   1111                     
 -38                       111111111111             11111                 111111111               111111111111111                        111111111111                     11111                 1111111111111            1111111                     
 -37                       1111111111111111    11111111111111          1111111111111111    1111111111111111111111                        1111111111111111             1111111111111111      1111111111111111111111   1111111111                      
 -36                        111111111111111111111111111111111111    100000000000000000000000011111111111111111111                        11111111111111111111    1111111111111111111111111111111111111001111111111111111111111                       
 -35                         111111111111111111111111111111111111111100000000000000000000000011111111111111111111                        1111111111111111111111111111111111111111100000000000000000000001100000000000000000011                       
 -34                          11111111111111111111111111111111111111100000000000000000000000011111111111111111111                        111111111111111111111111111111111111111110000000000000000000001110000000000000000001                        
 -33                          11111111111111111111111111111111111111111111111111111111111111111111111111111111111                        111111111111111111111111111111111111111110000000000000000000001110000000000000000001                        
 -32                           1111111111111111111111111111111111111111111111111111111111111111111111111111111111                        11111111111111111111111111111111111111111000000000000000000000111000000000000000000                         
 -31                           1111111111111111111111111111111111111111111111111111111111111111111111111111111111                        11111111111111111111111111111111111111111000000000000000000000011000000000000000000                         
 -30                          11111111111111111111111111111111111111111111111111111111111111111111111111111111111                        111111111111111111111111111111111111111110000000000000000000000110000000000000000001                        
 -29                          11111111111111111111111111111111111111111111111111111111111111111111111111111111111                        111111111111111111111111111111111111111110000000000000000000001110000000000000000001                        
 -28                          11111111111111111111111111111111111111111111111111111111111111111111111111111111111                        111111111111111111111111111111111111111110000000000000000000001110000000000000000001                        
 -27                         111111111111111111111111111111111111111111111111111111111111111111111111111111111111                        1111111111111111111111111111111111111111100000000000000000000011100000000000000000011                       
 -26                         111111111111111111111111111111111111111111111111111111111111111111111111111111111111                        1111111111111111111111111111111111111111100000000000000000000011100000000000000000011                       
 -25                         111111111111111111111111111111111111111111111111111111111111111111111111111111111111                        1111111111111111111111111111111111111111100000000000000000000011100000000000000000011                       
 -24                         111111111111111111111111111111111111111111111111111111111111111111111111111111111111                        1111111111111111111111111111111111111111100000000000000000000011100000000000000000011                       
 -23                        1111111111111111111111111111111111111111111111111111111111111111111111111111111111111                        11111111111111111111111111111111111111111000000000000000000000011000000000000000000111                      
 -22                        1111111111111111111111111111111111111111111111111111111111111111111111111111111111111                        11111111111111111111111111111111111111111000000000000000000000011000000000000000000111                      
 -21                        1111111111111111111111111111111111111111111111111111111111111111111111111111111111111                        11111111111111111111111111111111111111111000000000000000000000111000000000000000000111                      
 -20                       11111111111111111111111111111111111111111111111111111111111111111111111111111111111111                        11111111111111111111111111111111111111111000000000000000000000111000000000000000000111                      
 -19                       11111111111111111111111111111111111111111111111111111111111111111111111111111111111111                        111111111111111111111111111111111111111110000000000000000000001110000000000000000001111                     
 -18                       11111111111111111111111111111111111111111111111111111111111111111111111111111111111111                        111111111111111111111111111111111111111110000000000000000000000110000000000000000001111                     
 -17                      111111111111111111111111111111111111111111111111111111111111111111111111111111111111111                        111111111111111111111111111111111111111110000000000000000000000000001111000000000111111                     
 -16                      111111111111111111111111111111111111111111111111111111111111111111111111111111111111111                        111111111111111111111111111111111111111110000000000000000000000000001111000000000111111                     
 -15                      111111111111111111111111111111111111111111111111111111111111111111111111111111111111111                        111111111111111111111111111111111111111110000000000000000000001111111111111111111111111                     
 -14                     0001111111111111111111111111111111111111111111111111111111111111111111111111111111111111                        1111111111111111111111111111111111111111111111111111111111111111111111111111111111111100                    
 -13                     0001111111111111111111111111111111111111111111111111111111111111111111111111111111111111                        1111111111111111111111111111111111111111111111111111111111111111111111111111111111111100                    
 -12 000000000000000000000001111111111111111111111111111111111111111111111111111111111111111111111111111111111111                        111111111111111111111111111111111111111111111111111111111111111111111111111111111111110000000000000000000000
 -11 000000000000000000000001111111111111111111111111111111111111110000000111110001110001000001111111111111111111                        111111111111111111111111111111111111111111111111111111111111111111111111111111111111110000000000000000000000
 -10 000000000000000000000001111111111111111111111111111111111111100000000001000000000000000001111111111111111111                        111111111111111111111111111111111111111111111111111111111111111111111111111111111111110000000000000000000000
  -9 000000000000000000000001111111111111111111111111111111111111100000000000000000000000000001111111111111111111                        111111111111111111111111111111111111111111111111111111111111111111111111111111111111110000000000000000000000
  -8 000000000000000000000001111111111111111111111111111111111111000000000000000000000000000001111111111111111111                        111111111111111111111111111111111111111111111111111111111111111111111111111111111111110000000000000000000000
  -7 000000000000000000000000000000000000111111111111111111111111000000000000000000000000000001111111111111111111                        111111111111111111111111111111111111111111111111111111111111111111111111100000000000000000000000000000000000
  -6 000000000000000000000000000000000000111111111111111111111111100000000001000001110001000001111111111111111111                        111111111111111111111111111111111111111111111111111111111111111111111111100000000000000000000000000000000000
  -5 000000000000000000000000000000000000111111111111111111111111110000000011111111111111111111111111111111111111                        111111111111111111111111111111111111111111111111111111111111111111111111100000000000000000000000000000000000
  -4 000000000000000000000000000000000000111111111111111111111111111110011111111111111111111111111111111111111111                        111111111111111111111111111111111111111111111111111111111111111111111111100000000000000000000000000000000000
  -3 000000000000000000000000000000000000111111111111111111111111111111111111111111111111111111111111111111111111                        111111111111111111111111111111111111111111111111111111111111111111111111100000000000000000000000000000000000
  -2 000000000000000000000000000000000000111111111111111111111111111111111111111111111111111111111111111111111111                        111111111111111111111111111111111111111111111111111111111111111111111111100000000000000000000000000000000000
  -1 000000000000000000000000000000000000111111111111111111111111111111111111111111111111111111111111111111111111                        111111111111111111111111111111111111111111111111111111111111111111111111100000000000000000000000000000000000
   0 000000000000000000000000000000000000111111111111111111111111111111111111111111111111111111111111111111111111                        111111111111111111111111111111111111111111111111111111111111111111111111100000000000000000000000000000000000
   1 000000000000000000000000000000000000111111111111111111111111111111111111111111111111111111111111111111111111                        111111111111111111111111111111111111111111111111111111111111111111111111100000000000000000000000000000000000
   2 000000000000000000000000000000000000111111111111111111111111111111111111111111111111111111111111111111111111                        111111111111111111111111111111111111111111111111111111111111111111111111100000000000000000000000000000000000
   3 000000000000000000000000000000000000111111111111111111111111111111111111111111111111111111111111111111111111                        111111111111111111111111111111111111111110011111111111111111111111111111100000000000000000000000000000000000
   4 000000000000000000000000000000000000111111111111111111111111111111111111111111111111111111111111111111111111                        111111111111111111111111111111111111110000000011111111111111111111111111100000000000000000000000000000000000
   5 000000000000000000000000000000000000111111111111111111111111111111111111111111111111111111111111111111111111                        111111111111111111100000100011100000100000000001111111111111111111111111100000000000000000000000000000000000
   6 000000000000000000000000000000000000111111111111111111111111111111111111111111111111111111111111111111111111                        111111111111111111100000000000000000000000000000111111111111111111111111100000000000000000000000000000000000
   7 000000000000000000000000000000000000111111111111111111111111111111111111111111111111111111111111111111111111                        111111111111111111100000000000000000000000000000111111111111111111111111100000000000000000000000000000000000
   8 000000000000000000000001111111111111111111111111111111111111111111111111111111111111111111111111111111111111                        111111111111111111100000000000000000000000000001111111111111111111111111111111111111110000000000000000000000
   9 000000000000000000000001111111111111111111111111111111111111111111111111111111111111111111111111111111111111                        111111111111111111100000000000000000100000000001111111111111111111111111111111111111110000000000000000000000
  10 000000000000000000000001111111111111111111111111111111111111111111111111111111111111111111111111111111111111                        111111111111111111100000100011100011111000000011111111111111111111111111111111111111110000000000000000000000
  11 000000000000000000000001111111111111111111111111111111111111111111111111111111111111111111111111111111111111                        111111111111111111111111111111111111111111111111111111111111111111111111111111111111110000000000000000000000
  12                     0001111111111111111111111111111111111111111111111111111111111111111111111111111111111111                        1111111111111111111111111111111111111111111111111111111111111111111111111111111111111100                    
  13                     0001111111111111111111111111111111111111111111111111111111111111111111111111111111111111                        1111111111111111111111111111111111111111111111111111111111111111111111111111111111111100                    
  14                      001111111111111111111111100000000000000000000011111111111111111111111111111111111111111                        111111111111111111111111111111111111111111111111111111111111111111111111111111111111110                     
  15                      111111000000000111100000000000000000000000000011111111111111111111111111111111111111111                        111111111111111111111111111111111111111111111111111111111111111111111111111111111111111                     
  16                      111111111111111111111111000000000000000000000011111111111111111111111111111111111111111                        111111111111111111111111111111111111111111111111111111111111111111111111111111111111111                     
  17                      111100000000000000000011000000000000000000000011111111111111111111111111111111111111111                        11111111111111111111111111111111111111111111111111111111111111111111111111111111111111                      
  18                      111100000000000000000011100000000000000000000011111111111111111111111111111111111111111                        11111111111111111111111111111111111111111111111111111111111111111111111111111111111111                      
  19                       11100000000000000000011100000000000000000000011111111111111111111111111111111111111111                        11111111111111111111111111111111111111111111111111111111111111111111111111111111111111                      
  20                       11100000000000000000011100000000000000000000011111111111111111111111111111111111111111                        1111111111111111111111111111111111111111111111111111111111111111111111111111111111111                       
  21                       11100000000000000000011000000000000000000000011111111111111111111111111111111111111111                        1111111111111111111111111111111111111111111111111111111111111111111111111111111111111                       
  22                       11100000000000000000011000000000000000000000011111111111111111111111111111111111111111                        1111111111111111111111111111111111111111111111111111111111111111111111111111111111111                       
  23                        1100000000000000000011100000000000000000000011111111111111111111111111111111111111111                        111111111111111111111111111111111111111111111111111111111111111111111111111111111111                        
  24                        1100000000000000000011100000000000000000000011111111111111111111111111111111111111111                        111111111111111111111111111111111111111111111111111111111111111111111111111111111111                        
  25                        1100000000000000000011100000000000000000000011111111111111111111111111111111111111111                        111111111111111111111111111111111111111111111111111111111111111111111111111111111111                        
  26                        1100000000000000000011100000000000000000000011111111111111111111111111111111111111111                        111111111111111111111111111111111111111111111111111111111111111111111111111111111111                        
  27                         100000000000000000011100000000000000000000011111111111111111111111111111111111111111                        11111111111111111111111111111111111111111111111111111111111111111111111111111111111                         
  28                         100000000000000000011100000000000000000000011111111111111111111111111111111111111111                        11111111111111111111111111111111111111111111111111111111111111111111111111111111111                         
  29                         100000000000000000011000000000000000000000011111111111111111111111111111111111111111                        11111111111111111111111111111111111111111111111111111111111111111111111111111111111                         
  30                          00000000000000000011000000000000000000000011111111111111111111111111111111111111111                        1111111111111111111111111111111111111111111111111111111111111111111111111111111111                          
  31                          00000000000000000011100000000000000000000011111111111111111111111111111111111111111                        1111111111111111111111111111111111111111111111111111111111111111111111111111111111                          
  32                         100000000000000000011100000000000000000000011111111111111111111111111111111111111111                        11111111111111111111000000000000000000000000111111111111111111111111111111111111111                         
  33                         100000000000000000011100000000000000000000011111111111111111111111111111111111111111                        11111111111111111111000000000000000000000000111111111111111111111111111111111111111                         
  34                        1100000000000000000011000000000000000000000011111111111111111111111111111111111111111                        111111111111111111110000000000000000000000001111111111111111111111111111111111111111                        
  35                        1111111111111111111111001111111111111111111111111111111111111    11111111111111111111                        111111111111111111111111111111111111111111111    111111111111111111111111111111111111                       
  36                       1111111111   1111111111111111111111      1111111111111111             1111111111111111                        1111111111111111111111    1111111111111111          11111111111111    111111111111111                       
  37                      1111111            1111111111111                111111                    1111111111111                        111111111111111               111111111                 11111             111111111111                      
  38                      1111                   11111                                                   11111111                        111111111                        1111                                        1111111111                     
  39                     11                                                                                   111                        111                                                                                 1111                    
seats 10306; refused 2391 DR-KEEP, 882 OB19, 284 DR-CLAIM

## house
SEATS  house, footprint 9x7, no route standoff  1 char = 1 block  x -120..119 across, z -40..39 down
KEY  1 the footprint seats with its minimum corner here  0 refused  space void
     2        -1        -0        -9        -8        -7        -6        -5        -4        -3        -2        -1         0         1         2         3         4         5         6         7         8         9         0         1         
     098765432109876543210987654321098765432109876543210987654321098765432109876543210987654321098765432109876543210987654321012345678901234567890123456789012345678901234567890123456789012345678901234567890123456789012345678901234567890123456789
 -40                     0000                                                                                 000                        000                                                                                   00                    
 -39                      0000000000                                        0000                        000000000                        00000000                                                   00000                   0000                     
 -38                       000000000000             00000                 000000000               000000000000000                        000000000000                     00000                 0000000000000            0000000                     
 -37                       0000000000000000    00000000000000          0000000000000000    0000000000000000000000                        0000000000000000             0000000000000000      0000000000000000000000   0000000000                      
 -36                        000000000000111100000000000000000000    000000000000000000000000000000000000000000000                        00000000000000000000    0000000000000000000000000000000000000000000000000000000000000                       
 -35                         000000000000000000000000000000000000000000000000000000000000000000000000000000000000                        0000000000000000000000000000000000000000000000000000000000000000000000000000000000000                       
 -34                          00000000000000000000000000000000000000000000000000000000000000000000000000000000000                        000000000000000000000000000000000000000000000000000000000000000000000000000000000000                        
 -33                          00000000000000000000000000000000000000000000000000000000000000000000000000000000000                        000000000000000000000000000000000000000000000000000000000000000000000000000000000000                        
 -32                           0000000000000000000000000000000000000000000000000000000000000000000000000000000000                        00000000000000000000000000000000000000000000000000000000000000000000000000000000000                         
 -31                           0000000000000000000000000000000000000000000000000000000000000000000000000000000000                        00000000000000000000000000000000000000000000000000000000000000000000000000000000000                         
 -30                          00000000000000000000000000000000000000000000000000000000000000000000000000100000000                        000000000000000000000000000000000000000000000000000000000000000000000000000000000000                        
 -29                          00000000000000000000000000000000000000000000100000000000000000000000000001100000000                        110000000000000000000000000000000000000000000000000000000000000000000000000000000000                        
 -28                          00000000000000000110000000000000000000000111111110000000000000111100000001100000000                        110000000000000000000000000000000000000000000000000000000000000000000000000000000000                        
 -27                         000000000111111111100000001000000000000111111111111111110000000111100000001100000000                        1100000000000000000000000000000000000000000000000000000000000000000000000000000000000                       
 -26                         000000000111111111110000001111111111111111111111111111110000000111100000001100000000                        1100000000000000000000000000000000000000000000000000000000000000000000000000000000000                       
 -25                         000000000111111111111000001111111111111111111111111111111000000111100000001100000000                        1100000001000000000000000000000000000000000000000000000000000000000000000000000000000                       
 -24                         000000000111111111110000010111111111111111111111111111111100000111100000001100000000                        1100000001110000000000000000000000000000000000000000000000000000000000000000000000000                       
 -23                        0000000001111111111010000001111111111111111111111111111111111111111100000001100000000                        11000000011111000000000000000001100000000000000000000000000000000000000000000000000000                      
 -22                        0000000001111111111000000001111111111111111111111111111111111111111100000001100000000                        11000000011111111110111111111111100000000000000000000000000000000000000000000000000000                      
 -21                        0000000001111111110000000011111111111111111111111111111111111111111100000001100000000                        11000000011111111111111111111111100000000000000000000000000000000000000000000000000000                      
 -20                       00000000011111110100000000001111111111111111111111111111111111111111100000001100000000                        11000000011111111111111111111111100000000000000000000000000000000000000000000000000000                      
 -19                       00000000011110100000000000001111111111111111111111111111111111111111100000001100000000                        110000000111111111111111111111111000000000000000000000000000000000000000000000000000000                     
 -18                       00000000011100100000000001011111111111111111111111111111111111111111100000001100000000                        110000000111111111111111111111111000000000000000000000000000000000000000000000000000000                     
 -17                      000000000111100000001010111111111000000000000000000000000000000000001100000001100000000                        110000000111111111111111111111111000000000000000000000000000000000000000000000000000000                     
 -16                      000000000111111001011111111111110000000000000000000000000000000000001100000001100000000                        110000000111111111111111111111111000000000000000000000000000000000000000000000000000000                     
 -15                      000000000111111111111111111111110000000000000000000000000000000000001100000001100000000                        110000000111111111111111111111111000000000000000000000000000001111111100000000000000000                     
 -14                     0000000001111111111111111111111100000000000000000000000000000000000001100000001100000000                        1100000001111111111111111111111111111111111111111111111111111111111111100000000000000000                    
 -13                     0000000000000000111111111111111100000000000000000000000000000000000001100000001100000000                        1100000001111111111111111111111111111111111111111111111111111111100000000000000000000000                    
 -12 000000000000000000000000000000000000111111111111111100000000000000000000000000000000000001100000001100000000                        110000000111111111111111111111111111111111111111111111111111111110000000000000000000000000000000000000000000
 -11 000000000000000000000000000000000000111111111111111100000000000000000000000000000000000001100000001100000000                        110000000111111111111111111111111111111111111111111111111111111110000000000000000000000000000000000000000000
 -10 000000000000000000000000000000000000111111111111111100000000000000000000000000000000000001100000001100000000                        110000000111111111111111111111111111111111111111111111111111111110000000000000000000000000000000000000000000
  -9 000000000000000000000000000000000000111111111111111100000000000000000000000000000000000001100000001100000000                        110000000111111111111111111111111111111111111111111111111111111110000000000000000000000000000000000000000000
  -8 000000000000000000000000000000000000111111111111111100000000000000000000000000000000000001100000001100000000                        110000000111111111111111111111111111111111111111111111111111111110000000000000000000000000000000000000000000
  -7 000000000000000000000000000000000000111111111111111100000000000000000000000000000000000001100000001100000000                        110000000111111111111111111111111111111111111111111111111111111110000000000000000000000000000000000000000000
  -6 000000000000000000000000000000000000111111111111111110000000000000000000000000000000000001100000001100000000                        110000000111111111111111111111111111111111111111111111111111111110000000000000000000000000000000000000000000
  -5 000000000000000000000000000000000000111111111111111111000000000000000011111111111111111111100000001100000000                        110000000111111111111111111111111111111111111111111111111111111110000000000000000000000000000000000000000000
  -4 000000000000000000000000000000000000111111111111111111111000000000011111111111111111111111100000001100000000                        110000000111111111111111111111111111111111111111111111111111111110000000000000000000000000000000000000000000
  -3 000000000000000000000000000000000000111111111111111111111111111111111111111111111111111111100000001100000000                        110000000111111111111111111111111000000000011111111111111111111110000000000000000000000000000000000000000000
  -2 000000000000000000000000000000000000111111111111111111111111111111111111111111111111111111100000001100000000                        110000000111111111111111111111000000000000000011111111111111111110000000000000000000000000000000000000000000
  -1 000000000000000000000000000000000000111111111111111111111111111111111111111111111111111111100000001100000000                        110000000110000000000000000000000000000000000001111111111111111110000000000000000000000000000000000000000000
   0 000000000000000000000000000000000000111111111111111111111111111111111111111111111111111111100000001100000000                        110000000110000000000000000000000000000000000000111111111111111110000000000000000000000000000000000000000000
   1 000000000000000000000000000000000000111111111111111111111111111111111111111111111111111111100000001100000000                        110000000110000000000000000000000000000000000000111111111111111110000000000000000000000000000000000000000000
   2 000000000000000000000000000000000000111111111111111111111111111111111111111111111111111111100000001100000000                        110000000110000000000000000000000000000000000000111111111111111110000000000000000000000000000000000000000000
   3 000000000000000000000000000000000000111111111111111111111111111111111111111111111111111111100000001100000000                        110000000110000000000000000000000000000000000000111111111111111110000000000000000000000000000000000000000000
   4 000000000000000000000000000000000000111111111111111111111111111111111111111111111111111111100000001100000000                        110000000110000000000000000000000000000000000000111111111111111110000000000000000000000000000000000000000000
   5 000000000000000000000000000000000000111111111111111111111111111111111111111111111111111111100000001100000000                        110000000110000000000000000000000000000000000000111111111111111110000000000000000000000000000000000000000000
   6 000000000000000000000000000000000000111111111111111111111111111111111111111111111111111111100000001100000000                        110000000110000000000000000000000000000000000000111111111111111110000000000000000000000000000000000000000000
   7 000000000000000000000000000000000000111111111111111111111111111111111111111111111111111111100000001100000000                        110000000110000000000000000000000000000000000000111111111111111110000000000000000000000000000000000000000000
   8 000000000000000000000000000000111111110000000000000000000000000000011111111111111111111111100000001100000000                        110000000110000000000000000000000000000000000001111111111111111111111100000000000000000000000000000000000000
   9 000000000000000000000000000000000000000000000000000000000000000000011111111111111111111111100000001100000000                        110000000110000000000000000000000000000000000001111111111111010011111100000000000000000000000000000000000000
  10 000000000000000000000000000000000000000000000000000000000000000000011111111111111111111111100000001100000000                        110000000110000000000000000000000000000000000011111111101010000000111100000000000000000000000000000000000000
  11 000000000000000000000000000000000000000000000000000000000000000000011111111111111111111111100000001100000000                        110000000111111111111111111111111111111111111111111010000000000100111000000000000000000000000000000000000000
  12                     0000000000000000000000000000000000000000000000011111111111111111111111100000001100000000                        1100000001111111111111111111111111111111111111111100000000000001011110000000000000000000                    
  13                     0000000000000000000000000000000000000000000000011111111111111111111111100000001100000000                        1100000001111111111111111111111111111111111111111100000000001011111110000000000000000000                    
  14                      000000000000000000000000000000000000000000000011111111111111111111111100000001100000000                        110000000111111111111111111111111111111111111111111000000001111111110000000000000000000                     
  15                      000000000000000000000000000000000000000000000011111111111110111111111100000001100000000                        110000000111111111111111111111111111111111111111110000000011111111110000000000000000000                     
  16                      000000000000000000000000000000000000000000000011000000000000000001111100000001100000000                        110000000111111111111111111111111111111111111111110000001011111111110000000000000000000                     
  17                      000000000000000000000000000000000000000000000000000000000000000000011100000001100000000                        11000000011110000011111111111111111111111111111110100000111111111110000000000000000000                      
  18                      000000000000000000000000000000000000000000000000000000000000000000000100000001100000000                        11000000011110000001111111111111111111111111111111000001111111111110000000000000000000                      
  19                       00000000000000000000000000000000000000000000000000000000000000000000000000001100000000                        11000000011110000000111111111111111111111111111111000000111111111110000000000000000000                      
  20                       00000000000000000000000000000000000000000000000000000000000000000000000000001100000000                        1100000001111000000011111111111111111000000000000100000001111111111000000000000000000                       
  21                       00000000000000000000000000000000000000000000000000000000000000000000000000001100000000                        1100000001111000000000000011111111000000000000000000000011000000000000000000000000000                       
  22                       00000000000000000000000000000000000000000000000000000000000000000000000000001100000000                        1100000000000000000000000000001000000000000000000000000000000000000000000000000000000                       
  23                        0000000000000000000000000000000000000000000000000000000000000000000000000000000000000                        100000000000000000000000000000000000000000000000000000000000000000000000000000000000                        
  24                        0000000000000000000000000000000000000000000000000000000000000000000000000000000000000                        000000000000000000000000000000000000000000000000000000000000000000000000000000000000                        
  25                        0000000000000000000000000000000000000000000000000000000000000000000000000000000000000                        000000000000000000000000000000000000000000000000000000000000000000000000000000000000                        
  26                        0000000000000000000000000000000000000000000000000000000000000000000000000000000000000                        000000000000000000000000000000000000000000000000000000000000000000000000000000000000                        
  27                         000000000000000000000000000000000000000000000000000000000000000000000000000000000000                        00000000000000000000000000000000000000000000000000000000000000000000000000000000000                         
  28                         000000000000000000000000000000000000000000000000000000000000000000000000000000000000                        00000000000000000000000000000000000000000000000000000000000000000000000000000000000                         
  29                         000000000000000000000000000000000000000000000000000000000000000000000000000000000000                        00000000000000000000000000000000000000000000000000000000000001111000000000000000000                         
  30                          00000000000000000000000000000000000000000000000000000000000000000000000000000000000                        0000000000000000000000000000000000000000000000000000000000000000000000000000000000                          
  31                          00000000000000000000000000000000000000000000000000000000000000000000000000000000000                        0000000000000000000000000000000000000000000000000000000000000000000000000000000000                          
  32                         000000000000000000000000000000000000000000000000000000000000000000000000000000000000                        00000000000000000000000000000000000000000000000000000000000000000000000000000000000                         
  33                         000000000000000000000000000000000000000000000000000000000000000000000000000000000000                        00000000000000000000000000000000000000000000000000000000000000000000000000000000000                         
  34                        0000000000000000000000000000000000000000000000000000000000000000000000000000000000000                        000000000000000000000000000000000000000000000000000000000000000000000000000000000000                        
  35                        0000000000000000000000000000000000000000000000000000000000000    00000000000000000000                        000000000000000000000000000000000000000000000    000000000000000000000000000000000000                       
  36                       0000000000   0000000000000000000000      0000000000000000             0000000000000000                        0000000000000000000000    0000000000000000          00000000000000    000000000000000                       
  37                      0000000            0000000000000                000000                    0000000000000                        000000000000000               000000000                 00000             000000000000                      
  38                      0000                   00000                                                   00000000                        000000000                        0000                                        0000000000                     
  39                     00                                                                                   000                        000                                                                                 0000                    
seats 3469; refused 3472 DR-KEEP, 1785 DR-SITE, 1785 DR-PASS, 1336 DR-SLOPE, 1294 OB19, 722 DR-CLAIM
DR-SLOPE asked: a site rising 7 or more is refused
NOT ASKED  DR-CROSS, DR-WAY — the pass may still decline a seat marked 1 under these
