CLAIMS  1 char = 1 block  x -55..54 across, z -110..109 down
KEY  0 free  1 water  2 paving  3 structure  4 tree  5 boulder  6 flora  7 spawn keep-out  8 door approach  9 goal clearance  a wool-room keep-out  b structure keep-out  space void
         -5        -4        -3        -2        -1         0         1         2         3         4         5    
     54321098765432109876543210987654321098765432109876543210123456789012345678901234567890123456789012345678901234
-110                                                                       aaaaaaaaaa                              
-109                                                                       aaaaaaaaaa                              
-108                                                                       aabbbbbbaa                              
-107                                                                       aabbbbbbaa                              
-106                                                                       aabbbbbbaa                              
-105                                                                       aabbbbbbaa                              
-104                                                                       aabbbbbbaa                              
-103                                                                       bbbbbbbbbb                              
-102                                                                       bbbbbbbbbb                              
-101                                                                       bbbbbbbbbb                              
-100                                                             44400000bbbbbbbbbbbbbba0000444                    
 -99                                                             44440000bbbbbbbbbbbbbba0000444                    
 -98                                                             44400000aaaaa2222aaaaaa0004444                    
 -97                                                             444400000008822228880000004444                    
 -96                                                             444000000008822228880000000444                    
 -95                                                             444400000008822228880000000004                    
 -94                                                             444444444008822228880000000000                    
 -93                                                             444444444408222228880040000000                    
 -92                                                             444444444408222288884444405000                    
 -91                                                             444444444408222288884444455500                    
 -90                                                             4444444444          4444555550                    
 -89                                                             0004444444          4444455500                    
 -88                                                             0000444440          4444400000                    
 -87                                                             0022000000          0040000000                    
 -86                                                             2200200000          0000000000                    
 -85                                                             2202220000          0020020000                    
 -84                                                             2000222002          0222202000                    
 -83                                                             2200202002          2200202200                    
 -82                                                             2022002022          2222222200                    
 -81                                                             0020202222          2220222000                    
 -80                                    0000000200020000000000000022220222220000000022220022000                    
 -79                                    0000200202000000000000000020002222200000000002220020000                    
 -78                                    0000002220220000000000000000222222200000000022220202000                    
 -77                                    0002022222200000000000000002222222000000000002022222000                    
 -76                                    0002200222000000000000000022222220000000000002002202000                    
 -75                7777aaaaa777700000000002222202200000000000002222222000000000000022020200000                    
 -74                7777aaaaa777788888888882828882000000000000222222220000000000000000022022000                    
 -73                7777aaaaa777788888888882282222000000000222222222222220200000000002022220000                    
 -72                7777aaaaa777788888888882822280200000222222222220202002022200000000002200000                    
 -71                7777aaaaa777788888888888882882222222222222222200022000002000000060000000000                    
 -70                777777777777788888882222222222          2220020002               6000000000                    
 -69                777777777777722222222222222222          2200020000               6660600000                    
 -68                77bbbbbb7222222222222222222222          0000202002               2260000000                    
 -67                77bbbbbb2222222222222222222220          0000200066               0200000444                    
 -66                77bbbbbb2222222222222888888880          2222222222               2220000444                    
 -65                77bbbbbba22222222222228888888000022222222222222222222222226662262222200044444400000000400044400
 -64                77bbbbbba72222222222222222222222222222222222222222222222222222620222200044444000000044444444440
 -63                77bbbbbba77222222222222222222222222222222222222222222222222222222202200004440055500444444444440
 -62                7777aaaaa77778822222222222222222222222200000006666622222222222222222200000000555550444444444440
 -61                7777aaaaa77778888888882222222222222002000000006666666602222222222222222000000555550044444044400
 -60                                    000000000002222222200000006644666602020002222222222220000555550044444000000
 -59                                    000000000002220202200000046644466002020002220022222222200055500000488888888
 -58                                    000000000002022222200000444444400000000002222220222222220000000000888888888
 -57                                    000000000002222202000004444444400002020000020220000222222000000000888888888
 -56                                    000000000022222220000000444040000002200000222222000022222220000000888888888
 -55                                         00000022220000000440044000000020200022202022000002          0888888888
 -54                                         00000022202020004444444400000022200022220220000000          0888888888
 -53                                         00000222202000004444444400000022200000002220000000          0888888888
 -52                                         00000022202200044440444400000002200000202000000000          bbbbbbbbbb
 -51                                         00000000220000004400440000000022200000222000000000          bbbbbbbbbb
 -50                                         00000202000000000000000000000202000000000000000000          bbbbbbbbbb
 -49                                         00000022000000000000000000000022000000000000000000          bbbbbbbbbb
 -48                                         06666222000200666666666666000222200200000000000000          bb2222bbbb
 -47                                         06666220002226266226266266000222222220200055500040          2222222baa
 -46                                         06666266260026222622266262200202002202200555554444          a222bb2baa
 -45                                         06666222662266226626622660000020000002000055544444          aab2bbbbaa
 -44                                         00666222022026226222220222220222000000000000444444          aabbbbbbaa
 -43                                         00666202202226662666200022002222000202000000044444          aabbbbbbaa
 -42                                         00662620002206622222222220202222220220000000004444          aaaaaaaaaa
 -41                                         00662262202220226620020000222022022020000000000400          aaaaaaaaaa
 -40                                         006662662200022          000022200200000                              
 -39                                         006626266600020          022020000000000                              
 -38                                         006626666666000          000220000000000                              
 -37                                         006662266666000          000200000000000                              
 -36                                         000662266666000          000220000000000                              
 -35                                         000662266666000          000222000000000                              
 -34                                         000666666666000          000000000000000                              
 -33                                         000666666660000          000000000000000                              
 -32                                         000000000000000          000000000000000                              
 -31                                         000000000000000          000000000000000                              
 -30                                                                                                               
 -29                                                                                                               
 -28                                                                                                               
 -27                                                                                                               
 -26                                                                                                               
 -25                                                                                                               
 -24                                                                                                               
 -23                                                                                                               
 -22                                                                                                               
 -21                                                                                                               
 -20                                                                                                               
 -19                                                                                                               
 -18                                                                                                               
 -17                                                                                                               
 -16                                                                                                               
 -15                          000000220000002002066660000000000000002202022220000000000000                         
 -14                          000002002020000000000000000000000000000000000200000000000000                         
 -13                          000020222222000000000000000000000000000000000000000000000000                         
 -12                          000022202220000000000000000000000000066666640000000000000000                         
 -11                          000020202002000000000000000000000006666666444000000000000000                         
 -10                          000000222202000000000000000000000006666666444000000000000000                         
  -9                          000002000202200000000000000000000006666666444000000000000000                         
  -8                          000000222222200000000000000000000000066666600000000000000000                         
  -7                          000002220222220000000000001111110000000666000000046644460000                         
  -6                          000000222222220000006001111111111100000660000004444444440000                         
  -5                          000000222202222000066111111111111110000000000024444444440000                         
  -4                          000000220222222200661111111111111111000000022202244444460000                         
  -3                          000060222222202006661111111111111111111000202222226644460000                         
  -2                          000066022220220226661111111111111111111000020200666666660000                         
  -1                          000066602202002626661111111111111111111100022202022066660000                         
   0                          000066600220202226661111111111111111111100020200202206660000                         
   1                          000066600000002626666111111111111111111100022022022220660000                         
   2                          000064440022222262666111111111111111111100000202222222060000                         
   3                          000064444442202226666660111111111111111100002222222022060000                         
   4                          000044444444420006666600011111111111111000000222202222060000                         
   5                          000044444444400000666600001111111111100000000022222222060000                         
   6                          000004440040000000066000000011111100000000000022222022260000                         
   7                          000000000000000000000000000000000000000000000002222222660000                         
   8                          000000000000000444000000000000000000000000000002202006260000                         
   9                          000000000000000444000000000000000000000000000006202222600000                         
  10                          000000000060000444000000000000000000000000000006266262620000                         
  11                          000000000060000040000000000000000000000000000006622262220000                         
  12                          000000000000000000000000000000000000000000000006222222620000                         
  13                          000000000000002000000000000000000000000000000066626266260000                         
  14                          000000000000022220202200000000000000000000200266666622600000                         
  15                                                                                                               
  16                                                                                                               
  17                                                                                                               
  18                                                                                                               
  19                                                                                                               
  20                                                                                                               
  21                                                                                                               
  22                                                                                                               
  23                                                                                                               
  24                                                                                                               
  25                                                                                                               
  26                                                                                                               
  27                                                                                                               
  28                                                                                                               
  29                                                                                                               
  30                               000000000000000          000000000000000                                        
  31                               000000000000000          000000000000000                                        
  32                               000000000006666          000000000000000                                        
  33                               000000000006666          000000000000000                                        
  34                               000000000222666          000000002200000                                        
  35                               000000000022666          000000002200000                                        
  36                               000000000002666          000000002200000                                        
  37                               000000000022666          000000000020000                                        
  38                               000000000026226          020000002020000                                        
  39                               000002002226666          220002200200000                                        
  40 aaaaaaaaaa          00400000000002022022622266602002002202220220220000                                        
  41 aaaaaaaaaa          44440000000002202222226262222222222000220002020000                                        
  42 aabbbbbbaa          44444000000020200022226622660200020002220220200000                                        
  43 aabbbbbbaa          44444400000000000022262222262222202202022022200000                                        
  44 aabbbb2baa          44444555000020000062666666622002002200220022200000                                        
  45 aab2bb222a          44445555500220220626266226266222022202000200200000                                        
  46 aab2222222          04000555000202222222266666266262200202220002200000                                        
  47 bbbb2222bb          00000000000000266222266666666666000000200022200000                                        
  48 bbbbbbbbbb          00000000000000000022000000000000000000000022000000                                        
  49 bbbbbbbbbb          00000000000000000020200000000000000000000020200000                                        
  50 bbbbbbbbbb          00000000022200000222000000004400440000002200000000                                        
  51 bbbbbbbbbb          00000000020200000220000000444404444000220222000000                                        
  52 aaaaaaaaaa          00000002220000000222000000444444440000020222200000                                        
  53 0888888888          00000002202222000222000000444444440002020222000000                                        
  54 0888888888          20000022020222000202000000044004400000002222000000                                        
  55 088888888800000022222220000222222000002200000040444000000022222220000000000                                   
  56 088888888800000000222222000022020000020200004444444400000202222200000000000                                   
  57 088888888800000000022222222022222200000000004444444000002222220200000000000                                   
  58 088888884800005550002222222220022200020200004440040000002202022200000000000                                   
  59 088888444440055555000022222222222200020200000440000000002222222200000000000                                   
  60 00444044444005555500000022222222222222220000000000000000020022222222222220000000000777aaaaa7777               
  61 04444444444405555500000006222222222222222222000000000000222222222222222222222222888777aaaaa7777               
  62 04444444444400555004440006220222222222222222222222222222222222222222222222222222222277abbbbbb77               
  63 04444444444000000044444006222202022222222222222222222222222222222222222222222222222227abbbbbb77               
  64 00444000400000000444444000222220220002222222222222222222222222000008888882222222222222abbbbbb77               
  65                     4440000222               2222222222          0088888882222222222222bbbbbb77               
  66                     4440000020               0000020000          0222222222222222222222bbbbbb77               
  67                     0000000022               2002020000          2222222222222222222227bbbbbb77               
  68                     0000000000               0000200022          222222222222222228777777777777               
  69                     0000000000               2000200222          222222222288888888777777777777               
  70                     000000000000006660200000220002222222222222222208288888888888888777aaaaa7777               
  71                     000002200000006662220200202022222222222000002002228288888888888777aaaaa7777               
  72                     000022220200006660002022222222222222000000000222282288888888888777aaaaa7777               
  73                     000220220000006660000000022222222000000000000208828288888888888777aaaaa7777               
  74                     000002020220006660000000222222200000000000002202222288888888888777aaaaa7777               
  75                     0002022002000066600000222222200000000000000002220022000                                   
  76                     0002222202000066600002222222000000000000000022222202000                                   
  77                     0002020222200066600022222220000000000000000220222000000                                   
  78                     0000200222000000000022222000200000000000000002020020000                                   
  79                     0002200222200000000222220222200000000000000200020000000                                   
  80                     0002220222          2222020200                                                            
  81                     0022222222          2202002202                                                            
  82                     0022020022          2002020022                                                            
  83                     0002022220          2002220002                                                            
  84                     0000200200          0000222022                                                            
  85                     0000000000          0000020022                                                            
  86                     0000000400          0000002200                                                            
  87                     0000044444          0444440000                                                            
  88                     0055544444          4444444000                                                            
  89                     0555554444          4444444444                                                            
  90                     005554444400002222004444444444                                                            
  91                     000504444408882222884444444444                                                            
  92                     000000040008822222884444444444                                                            
  93                     000000000008822228880444444444                                                            
  94                     400000000008822228880000004444                                                            
  95                     444000000008822228880000000444                                                            
  96                     444400000008822228880000004444                                                            
  97                     444400000008822228880000000444                                                            
  98                     44400000bbbbbbbbbbbbbba0004444                                                            
  99                     44400000bbbbbbbbbbbbbba0000444                                                            
 100                               bbbbbbbbbb                                                                      
 101                               bbbbbbbbbb                                                                      
 102                               bbbbbbbbbb                                                                      
 103                               aabbbbbbaa                                                                      
 104                               aabbbbbbaa                                                                      
 105                               aabbbbbbaa                                                                      
 106                               aabbbbbbaa                                                                      
 107                               aabbbbbbaa                                                                      
 108                               aaaaaaaaaa                                                                      
 109                               aaaaaaaaaa                                                                      
placed 74, declined 0
