CLAIMS  1 char = 1 block  x -60..59 across, z -108..107 down
KEY  0 free  1 water  2 paving  3 structure  4 tree  5 boulder  6 flora  7 spawn keep-out  8 door approach  9 goal clearance  a wool-room keep-out  b structure keep-out  space void
     6        -5        -4        -3        -2        -1         0         1         2         3         4         5         
     098765432109876543210987654321098765432109876543210987654321012345678901234567890123456789012345678901234567890123456789
-108                                                                 7777777777777777                                        
-107                                                                 77777bbbbbb77777                                        
-106                                                                 77777bbbbbb77777                                        
-105                                                                 aaaaabbbbbbaaaaa                                        
-104                                                                 aaaaabbbbbbaaaaa                                        
-103                                                                 aaaaabbbbbbaaaaa                                        
-102                                                                 aaaaabbbbbbaaaaa                                        
-101                                                                 aaaaa777777aaaaa                                        
-100                                                                 7777777777777777                                        
 -99                                                                 7777777777777777                                        
 -98                                                                 7777777777777777                                        
 -97                                                                 0888888888888888                                        
 -96                                 000000000000000000000000000000000888888888888888                                        
 -95                                 066666600000006666666660000000066888888888888888                                        
 -94                                 066666600000006606666660000000066888888888888888                                        
 -93                                 006666600000006606666600000060006888888888888888                                        
 -92                                 000006600060066600000000000660006888888888888888                                        
 -91                                 000000600060000000000000000060000888888888888888                                        
 -90                                 000000600000000000000000000000000888888888888888                                        
 -89                                 000006666600000000000000000000000888888888888888                                        
 -88         000000000000000000000000000066666660000000000000000660006888888888888888                                        
 -87         066666666666000000000000000666666666000000000000000060000888888888888888                                        
 -86         066666666666000000000000600666666666666666660000000066600888888888888888                                        
 -85         066666666666000000000000606666666666666666666600000666000888888888888888                                        
 -84         066666666666000000000000666660666666666666666600006666000888888888888888                                        
 -83         066666666666000000000000666660666666666666666600000066000888888888888888                                        
 -82         066666666666000000000000666660666666666666666600000000666888888888888888                                        
 -81         066666666666000000000000666660666666666000000000000000000888888888888888                                        
 -80         0666666666660000000000006666600000000000                0000006006666660                                        
 -79         0666666666660000000000006666660000000000                0000000666666660                                        
 -78         bba6666666660000000000000666660000000000                0000066666666660                                        
 -77         bba0006666600000000000000000000000000000                0006666666666660                                        
 -76 aaaaabbbbba000000000            0000000000000000                0066660666666660                                        
 -75 aaaaabbbbba888888800            0000000000000000                0066606666066660                                        
 -74 aaaaabbbbba888888800            0000000000000000                0000060606666660                                        
 -73 abbbbbbbbba888888800            0006600000000000                0000000066666660                                        
 -72 abbbbbbbbba888888800            0066660000000000                0000006666666660                                        
 -71 abbbbbbbbba888888800            0066600000000000                0000060600666660                                        
 -70 abbbbbbbbba888888800            0066000000000000                0006666066660660                                        
 -69 abbbbbbbbba888888800            0666000000006000                0000606666666660                                        
 -68 abbbbbbbbba888888800            0666660000066000                0000000666666660                                        
 -67 aaaaabbbbba888888860            0666660000000000                0000000666666660                                        
 -66 aaaaabbbbba888888860            0666660000000000                0000066666666660                                        
 -65 aaaaabbbbba888888860            0666660000000000                0000066666666660                                        
 -64         bba666666660000000000000000000000006600000000000000000000666666666600000                                        
 -63         bba666666666000000000000000000000006666000000000000660066666666666600000                                        
 -62         aaa666666666000000000000000000000000006000000000000660066666666666600000                                        
 -61         006666666666000000000000000060000000000000000000000000006666666666600000                                        
 -60         00666666666600000000000000666600066600000000000000000000066666666600000000000000000000bbbbbaaaaa                
 -59         00666666666600000000000066666600000000000000000000000000666666666600000000000008888888bbbbbaaaaa                
 -58         06666666666600000000000066666000000000000000000000600006666666666660000000000008888888bbbbbaaaaa                
 -57         06666666666600000000000066666600000000000000000000000000666666666000000000000008888888bbbbbbbbba                
 -56         06666666666600000000000066666660000000000000000000000000006666660000000000000008888888bbbbbbbbba                
 -55         06666666666600000000000066666660000000000000000000066600066666600000000000000008888888bbbbbbbbba                
 -54         06666666666600000000000066666660000000000000000000666600666666000000000000000008888888bbbbbbbbba                
 -53         00000000000000000000000006666660000000000000000066666600666666000000000000000008888888bbbbbbbbba                
 -52                                 06666660000000000000000666666600006666000000000000000008888888bbbbbbbbba                
 -51                                 06666660000000000000006666666600666666000000000000000008888888bbbbbaaaaa                
 -50                                 06666660000000000000666666666666666666000000000000000008888888bbbbbaaaaa                
 -49                                 06666660000000000666666666666666666666600000000000000008888888bbbbbaaaaa                
 -48                                 066666600000006666666666666000000006666666666660                                        
 -47                                 066666666000666666666666666000006666666666666660                                        
 -46                                 066666666666666666666666666000006666666666666660                                        
 -45                                 066666666666666666666666666000006666666666666660                                        
 -44                                 060006666606660666666666666000006666666666666660                                        
 -43                                 066666666666666666666666660000066666666660666600                                        
 -42                                 066666660666666666666666660000666666666660000000                                        
 -41                                 066666666666666666666666660000666666666660000000                                        
 -40                                 006666666666666666666666660000666666666666000000                                        
 -39                                 000666006666666666666606660000666666666660000000                                        
 -38                                 000000006666666666666606660000666666666660000000                                        
 -37                                 000000000006666666666666600000066666666600000000                                        
 -36                                 000000000000666666666666600000066666666600000000                                        
 -35                                 000000000000066666666666600000066666666600000000                                        
 -34                                 006666660666066666660006600000066666666600000000                                        
 -33                                 000000000666666000000000000000000666666000000000                                        
 -32                                         00000000                000000000000                                            
 -31                                         00000000                000000000000                                            
 -30                                         00000000                000000000000                                            
 -29                                         00000000                000000000000                                            
 -28                                         00000000                000000000000                                            
 -27                                         00000000                000000000000                                            
 -26                                         00000000                000000000000                                            
 -25                                         00000000                000000000000                                            
 -24                                                                                                                         
 -23                                                                                                                         
 -22                                                                                                                         
 -21                                                                                                                         
 -20                                                                                                                         
 -19                                                                                                                         
 -18                                                                                                                         
 -17                                                                                                                         
 -16                                                                                                                         
 -15                                                                                                                         
 -14                                                                                                                         
 -13                                                                                                                         
 -12                                             00000000000000000000000000000000                                            
 -11                                             00000000000000000000000000000000                                            
 -10                                             00000000000000000000000000000000                                            
  -9                                             00000000000000000000000000000000                                            
  -8                                             00000000000000000000000000000000                                            
  -7                                             00000000000000000000000000000000                                            
  -6                                             00000000000000000000000000000000                                            
  -5                                             00000000000000000000000000000000                                            
  -4                                             00000000000000000000000000000000                                            
  -3                                             00000000000000000000000000000000                                            
  -2                                             00000000000000000000000000000000                                            
  -1                                             00000000000000000000000000000000                                            
   0                                             00000000000000000000000000000000                                            
   1                                             00000000000000000000000000000000                                            
   2                                             00000000000000000000000000000000                                            
   3                                             00000000000000000000000000000000                                            
   4                                             00000000000000000000000000000000                                            
   5                                             00000000000000000000000000000000                                            
   6                                             00000000000000000000000000000000                                            
   7                                             00000000000000000000000000000000                                            
   8                                             00000000000000000000000000000000                                            
   9                                             00000000000000000000000000000000                                            
  10                                             00000000000000000000000000000000                                            
  11                                             00000000000000000000000000000000                                            
  12                                                                                                                         
  13                                                                                                                         
  14                                                                                                                         
  15                                                                                                                         
  16                                                                                                                         
  17                                                                                                                         
  18                                                                                                                         
  19                                                                                                                         
  20                                                                                                                         
  21                                                                                                                         
  22                                                                                                                         
  23                                                                                                                         
  24                                             000000000000                00000000                                        
  25                                             000000000000                00000000                                        
  26                                             000000000000                00000000                                        
  27                                             000000000000                00000000                                        
  28                                             000000000000                00000000                                        
  29                                             000000000000                00000000                                        
  30                                             000000000000                00000000                                        
  31                                             000000000000                00000000                                        
  32                                         000000000666666000000000000000000666666000000000                                
  33                                         000000006666666660000006600066666660666066666600                                
  34                                         000000006666666660000006666666666660000000000000                                
  35                                         000000006666666660000006666666666666000000000000                                
  36                                         000000006666666660000006666666666666600000000000                                
  37                                         000000066666666666000066606666666666666600000000                                
  38                                         000000066666666666000066606666666666666600666000                                
  39                                         000000666666666666000066666666666666666666666600                                
  40                                         000000066666666666000066666666666666666666666660                                
  41                                         000000066666666666000066666666666666666066666660                                
  42                                         006666066666666660000066666666666666666666666660                                
  43                                         066666666666666600000666666666666066606666600060                                
  44                                         066666666666666600000666666666666666666666666660                                
  45                                         066666666666666600000666666666666666666666666660                                
  46                                         066666666666666600000666666666666666000666666660                                
  47                                         066666666666600000000666666666666600000006666660                                
  48                 aaaaabbbbba0000000000000000000000666666666666666666666600000000006666660                                
  49                 aaaaabbbbba8888888000000000000000066666666666666666600000000000006666660                                
  50                 aaaaabbbbba8888888000000000000000066666600666666660000000000000006666660                                
  51                 abbbbbbbbba8888888000000000000000066660000666666600000000000000006666660                                
  52                 abbbbbbbbba8888888000000000000000066666600666666000000000000000006666660000000000000000000000000        
  53                 abbbbbbbbba8888888000000000000000066666600666600000000000000000006666666000000000000666666666660        
  54                 abbbbbbbbba8888888000000000000000666666000666000000000000000000006666666000000000000666666666660        
  55                 abbbbbbbbba8888888000000000000006666660000000000000000000000000006666666000000000000666666666660        
  56                 abbbbbbbbba8888888000000000000066666666600000000000000000000000000666666000000000000666666666660        
  57                 aaaaabbbbba8888888000000000006666666666660000600000000000000000000066666000000000000666666666660        
  58                 aaaaabbbbba8888888000000000000666666666600000000000000000000000000666666000000000000666666666600        
  59                 aaaaabbbbba8888888000000000000666666666000000000000000000000666000666600000000000000666666666600        
  60                                         000006666666666600000000000000000000000000060000000000000000666666666600        
  61                                         000006666666666660066000000000000600000000000000000000000000666666666000        
  62                                         0000066666666666600660000000000006666000000000000000000000006666666660bb        
  63                                         0000066666666660000000000000000000066000000000000000000000000666666660bb        
  64                                         0666666666600000                0000000000666660            0666666660bbbbbaaaaa
  65                                         0666666666600000                0000000000666660            0668888888bbbbbaaaaa
  66                                         0666666660000000                0000000000666660            0668888888bbbbbaaaaa
  67                                         0666666660000000                0006600000666660            0008888888bbbbbbbbba
  68                                         0666666666060000                0006000000006660            0008888888bbbbbbbbba
  69                                         0660666606666000                0000000000006600            0008888888bbbbbbbbba
  70                                         0666660060600000                0000000000066600            0008888888bbbbbbbbba
  71                                         0666666666000000                0000000000666600            0008888888bbbbbbbbba
  72                                         0666666600000000                0000000000066000            0008888888bbbbbbbbba
  73                                         0666666060600000                0000000000000000            0008888888bbbbbaaaaa
  74                                         0666606666066600                0000000000000000            0008888888bbbbbaaaaa
  75                                         0666666660666600                0000000000000000            0008888888bbbbbaaaaa
  76                                         0666666666666000                00000000000000000000000000000666660000bb        
  77                                         0666666666600000                00000000006666600000000000006666666666bb        
  78                                         0666666660000000                00000000006666660000000000006666666666aa        
  79                                         0666666006000000                0000000000066666000000000000666666666660        
  80                                         066666666666600000000000000000000666666666066666000000000000666666666660        
  81                                         088888888888888866000000006666666666666666066666000000000000666666666660        
  82                                         088888888888888800660000006666666666666666066666000000000000666666666660        
  83                                         088888888888888800666600006666666666666666066666000000000000666666666660        
  84                                         088888888888888800666000006666666666666666666606000000000000666666666660        
  85                                         088888888888888806660000000066666666666666666006000000000000666666666660        
  86                                         088888888888888800060000000000000000666666666000000000000000666666666660        
  87                                         088888888888888800066000000000000000066666660000000000000000000000000000        
  88                                         088888888888888800000000000000000000006666600000                                
  89                                         088888888888888800000000000000000000000006000000                                
  90                                         088888888888888800060000000000000000060006000000                                
  91                                         088888888888888800066000000000006660060006600000                                
  92                                         088888888888888800060000006666606600000006666600                                
  93                                         088888888888888860000000066666606600000006666660                                
  94                                         088888888888888860000000066666666600000006666660                                
  95                                         088888888888888800000000000000000000000000000000                                
  96                                         0888888888888888                                                                
  97                                         0888888888888888                                                                
  98                                         7777777777777777                                                                
  99                                         7777777777777777                                                                
 100                                         aaaaa777777aaaaa                                                                
 101                                         aaaaabbbbbbaaaaa                                                                
 102                                         aaaaabbbbbbaaaaa                                                                
 103                                         aaaaabbbbbbaaaaa                                                                
 104                                         aaaaabbbbbbaaaaa                                                                
 105                                         77777bbbbbb77777                                                                
 106                                         77777bbbbbb77777                                                                
 107                                         7777777777777777                                                                
placed 12, declined 0
