## tree
SEATS  tree, footprint 1x1, 3 blocks off a route  1 char = 1 block  x -60..59 across, z -108..107 down
KEY  1 the footprint seats with its minimum corner here  0 refused  space void
     6        -5        -4        -3        -2        -1         0         1         2         3         4         5         
     098765432109876543210987654321098765432109876543210987654321012345678901234567890123456789012345678901234567890123456789
-108                                                                 0000000000000000                                        
-107                                                                 0000000000000000                                        
-106                                                                 0000000000000000                                        
-105                                                                 0000000000000000                                        
-104                                                                 0000000000000000                                        
-103                                                                 0000000000000000                                        
-102                                                                 0000000000000000                                        
-101                                                                 0000000000000000                                        
-100                                                                 0000000000000000                                        
 -99                                                                 0000000000000000                                        
 -98                                                                 0000000000000000                                        
 -97                                                                 1000000000000000                                        
 -96                                 111111111111111111111111111111111000000000000000                                        
 -95                                 111111111111111111111111111111111000000000000000                                        
 -94                                 111111111111111111111111111111111000000000000000                                        
 -93                                 111111111111111111111111111111111000000000000000                                        
 -92                                 111111111111111111111111111111111000000000000000                                        
 -91                                 111111111111111111111111111111111000000000000000                                        
 -90                                 111111111111111111111111111111111000000000000000                                        
 -89                                 111111111111111111111111111111111000000000000000                                        
 -88         111111111111111111111111111111111111111111111111111111111000000000000000                                        
 -87         111111111111111111111111111111111111111111111111111111111000000000000000                                        
 -86         111111111111111111111111111111111111111111111111111111111000000000000000                                        
 -85         111111111111111111111111111111111111111111111111111111111000000000000000                                        
 -84         111111111111111111111111111111111111111111111111111111111000000000000000                                        
 -83         111111111111111111111111111111111111111111111111111111111000000000000000                                        
 -82         111111111111111111111111111111111111111111111111111111111000000000000000                                        
 -81         111111111111111111111111111111111111111111111111111111111000000000000000                                        
 -80         1111111111111111111111111111111111111111                1111111111111111                                        
 -79         1111111111111111111111111111111111111111                1111111111111111                                        
 -78         0001111111111111111111111111111111111111                1111111111111111                                        
 -77         0001111111111111111111111111111111111111                1111111111111111                                        
 -76 00000000000111111111            1111111111111111                1111111111111111                                        
 -75 00000000000000000011            1111111111111111                1111111111111111                                        
 -74 00000000000000000011            1111111111111111                1111111111111111                                        
 -73 00000000000000000011            1111111111111111                1111111111111111                                        
 -72 00000000000000000011            1111111111111111                1111111111111111                                        
 -71 00000000000000000011            1111111111111111                1111111111111111                                        
 -70 00000000000000000011            1111111111111111                1111111111111111                                        
 -69 00000000000000000011            1111111111111111                1111111111111111                                        
 -68 00000000000000000011            1111111111111111                1111111111111111                                        
 -67 00000000000000000011            1111111111111111                1111111111111111                                        
 -66 00000000000000000011            1111111111111111                1111111111111111                                        
 -65 00000000000000000011            1111111111111111                1111111111111111                                        
 -64         000111111111111111111111111111111111111111111111111111111111111111111111                                        
 -63         000111111111111111111111111111111111111111111111111111111111111111111111                                        
 -62         000111111111111111111111111111111111111111111111111111111111111111111111                                        
 -61         111111111111111111111111111111111111111111111111111111111111111111111111                                        
 -60         111111111111111111111111111111111111111111111111111111111111111111111111111111111111110000000000                
 -59         111111111111111111111111111111111111111111111111111111111111111111111111111111100000000000000000                
 -58         111111111111111111111111111111111111111111111111111111111111111111111111111111100000000000000000                
 -57         111111111111111111111111111111111111111111111111111111111111111111111111111111100000000000000000                
 -56         111111111111111111111111111111111111111111111111111111111111111111111111111111100000000000000000                
 -55         111111111111111111111111111111111111111111111111111111111111111111111111111111100000000000000000                
 -54         111111111111111111111111111111111111111111111111111111111111111111111111111111100000000000000000                
 -53         111111111111111111111111111111111111111111111111111111111111111111111111111111100000000000000000                
 -52                                 111111111111111111111111111111111111111111111111111111100000000000000000                
 -51                                 111111111111111111111111111111111111111111111111111111100000000000000000                
 -50                                 111111111111111111111111111111111111111111111111111111100000000000000000                
 -49                                 111111111111111111111111111111111111111111111111111111100000000000000000                
 -48                                 111111111111111111111111111111111111111111111111                                        
 -47                                 111111111111111111111111111111111111111111111111                                        
 -46                                 111111111111111111111111111111111111111111111111                                        
 -45                                 111111111111111111111111111111111111111111111111                                        
 -44                                 111111111111111111111111111111111111111111111111                                        
 -43                                 111111111111111111111111111111111111111111111111                                        
 -42                                 111111111111111111111111111111111111111111111111                                        
 -41                                 111111111111111111111111111111111111111111111111                                        
 -40                                 111111111111111111111111111111111111111111111111                                        
 -39                                 111111111111111111111111111111111111111111111111                                        
 -38                                 111111111111111111111111111111111111111111111111                                        
 -37                                 111111111111111111111111111111111111111111111111                                        
 -36                                 111111111111111111111111111111111111111111111111                                        
 -35                                 111111111111111111111111111111111111111111111111                                        
 -34                                 111111111111111111111111111111111111111111111111                                        
 -33                                 111111111111111111111111111111111111111111111111                                        
 -32                                         11111111                111111111111                                            
 -31                                         11111111                111111111111                                            
 -30                                         11111111                111111111111                                            
 -29                                         11111111                111111111111                                            
 -28                                         11111111                111111111111                                            
 -27                                         11111111                111111111111                                            
 -26                                         11111111                111111111111                                            
 -25                                         11111111                111111111111                                            
 -24                                                                                                                         
 -23                                                                                                                         
 -22                                                                                                                         
 -21                                                                                                                         
 -20                                                                                                                         
 -19                                                                                                                         
 -18                                                                                                                         
 -17                                                                                                                         
 -16                                                                                                                         
 -15                                                                                                                         
 -14                                                                                                                         
 -13                                                                                                                         
 -12                                             11111111111111111111111111111111                                            
 -11                                             11111111111111111111111111111111                                            
 -10                                             11111111111111111111111111111111                                            
  -9                                             11111111111111111111111111111111                                            
  -8                                             11111111111111111111111111111111                                            
  -7                                             11111111111111111111111111111111                                            
  -6                                             11111111111111111111111111111111                                            
  -5                                             11111111111111111111111111111111                                            
  -4                                             11111111111111111111111111111111                                            
  -3                                             11111111111111111111111111111111                                            
  -2                                             11111111111111111111111111111111                                            
  -1                                             11111111111111111111111111111111                                            
   0                                             11111111111111111111111111111111                                            
   1                                             11111111111111111111111111111111                                            
   2                                             11111111111111111111111111111111                                            
   3                                             11111111111111111111111111111111                                            
   4                                             11111111111111111111111111111111                                            
   5                                             11111111111111111111111111111111                                            
   6                                             11111111111111111111111111111111                                            
   7                                             11111111111111111111111111111111                                            
   8                                             11111111111111111111111111111111                                            
   9                                             11111111111111111111111111111111                                            
  10                                             11111111111111111111111111111111                                            
  11                                             11111111111111111111111111111111                                            
  12                                                                                                                         
  13                                                                                                                         
  14                                                                                                                         
  15                                                                                                                         
  16                                                                                                                         
  17                                                                                                                         
  18                                                                                                                         
  19                                                                                                                         
  20                                                                                                                         
  21                                                                                                                         
  22                                                                                                                         
  23                                                                                                                         
  24                                             111111111111                11111111                                        
  25                                             111111111111                11111111                                        
  26                                             111111111111                11111111                                        
  27                                             111111111111                11111111                                        
  28                                             111111111111                11111111                                        
  29                                             111111111111                11111111                                        
  30                                             111111111111                11111111                                        
  31                                             111111111111                11111111                                        
  32                                         111111111111111111111111111111111111111111111111                                
  33                                         111111111111111111111111111111111111111111111111                                
  34                                         111111111111111111111111111111111111111111111111                                
  35                                         111111111111111111111111111111111111111111111111                                
  36                                         111111111111111111111111111111111111111111111111                                
  37                                         111111111111111111111111111111111111111111111111                                
  38                                         111111111111111111111111111111111111111111111111                                
  39                                         111111111111111111111111111111111111111111111111                                
  40                                         111111111111111111111111111111111111111111111111                                
  41                                         111111111111111111111111111111111111111111111111                                
  42                                         111111111111111111111111111111111111111111111111                                
  43                                         111111111111111111111111111111111111111111111111                                
  44                                         111111111111111111111111111111111111111111111111                                
  45                                         111111111111111111111111111111111111111111111111                                
  46                                         111111111111111111111111111111111111111111111111                                
  47                                         111111111111111111111111111111111111111111111111                                
  48                 000000000001111111111111111111111111111111111111111111111111111111111111                                
  49                 000000000000000000111111111111111111111111111111111111111111111111111111                                
  50                 000000000000000000111111111111111111111111111111111111111111111111111111                                
  51                 000000000000000000111111111111111111111111111111111111111111111111111111                                
  52                 000000000000000000111111111111111111111111111111111111111111111111111111111111111111111111111111        
  53                 000000000000000000111111111111111111111111111111111111111111111111111111111111111111111111111111        
  54                 000000000000000000111111111111111111111111111111111111111111111111111111111111111111111111111111        
  55                 000000000000000000111111111111111111111111111111111111111111111111111111111111111111111111111111        
  56                 000000000000000000111111111111111111111111111111111111111111111111111111111111111111111111111111        
  57                 000000000000000000111111111111111111111111111111111111111111111111111111111111111111111111111111        
  58                 000000000000000000111111111111111111111111111111111111111111111111111111111111111111111111111111        
  59                 000000000000000000111111111111111111111111111111111111111111111111111111111111111111111111111111        
  60                                         111111111111111111111111111111111111111111111111111111111111111111111111        
  61                                         111111111111111111111111111111111111111111111111111111111111111111111111        
  62                                         111111111111111111111111111111111111111111111111111111111111111111111100        
  63                                         111111111111111111111111111111111111111111111111111111111111111111111100        
  64                                         1111111111111111                1111111111111111            11111111110000000000
  65                                         1111111111111111                1111111111111111            11100000000000000000
  66                                         1111111111111111                1111111111111111            11100000000000000000
  67                                         1111111111111111                1111111111111111            11100000000000000000
  68                                         1111111111111111                1111111111111111            11100000000000000000
  69                                         1111111111111111                1111111111111111            11100000000000000000
  70                                         1111111111111111                1111111111111111            11100000000000000000
  71                                         1111111111111111                1111111111111111            11100000000000000000
  72                                         1111111111111111                1111111111111111            11100000000000000000
  73                                         1111111111111111                1111111111111111            11100000000000000000
  74                                         1111111111111111                1111111111111111            11100000000000000000
  75                                         1111111111111111                1111111111111111            11100000000000000000
  76                                         1111111111111111                1111111111111111111111111111111111111100        
  77                                         1111111111111111                1111111111111111111111111111111111111100        
  78                                         1111111111111111                1111111111111111111111111111111111111100        
  79                                         1111111111111111                1111111111111111111111111111111111111111        
  80                                         111111111111111111111111111111111111111111111111111111111111111111111111        
  81                                         100000000000000011111111111111111111111111111111111111111111111111111111        
  82                                         100000000000000011111111111111111111111111111111111111111111111111111111        
  83                                         100000000000000011111111111111111111111111111111111111111111111111111111        
  84                                         100000000000000011111111111111111111111111111111111111111111111111111111        
  85                                         100000000000000011111111111111111111111111111111111111111111111111111111        
  86                                         100000000000000011111111111111111111111111111111111111111111111111111111        
  87                                         100000000000000011111111111111111111111111111111111111111111111111111111        
  88                                         100000000000000011111111111111111111111111111111                                
  89                                         100000000000000011111111111111111111111111111111                                
  90                                         100000000000000011111111111111111111111111111111                                
  91                                         100000000000000011111111111111111111111111111111                                
  92                                         100000000000000011111111111111111111111111111111                                
  93                                         100000000000000011111111111111111111111111111111                                
  94                                         100000000000000011111111111111111111111111111111                                
  95                                         100000000000000011111111111111111111111111111111                                
  96                                         1000000000000000                                                                
  97                                         1000000000000000                                                                
  98                                         0000000000000000                                                                
  99                                         0000000000000000                                                                
 100                                         0000000000000000                                                                
 101                                         0000000000000000                                                                
 102                                         0000000000000000                                                                
 103                                         0000000000000000                                                                
 104                                         0000000000000000                                                                
 105                                         0000000000000000                                                                
 106                                         0000000000000000                                                                
 107                                         0000000000000000                                                                
seats 7629; refused 1683 DR-KEEP

## boulder
SEATS  boulder, footprint 1x1, 2 blocks off a route  1 char = 1 block  x -60..59 across, z -108..107 down
KEY  1 the footprint seats with its minimum corner here  0 refused  space void
     6        -5        -4        -3        -2        -1         0         1         2         3         4         5         
     098765432109876543210987654321098765432109876543210987654321012345678901234567890123456789012345678901234567890123456789
-108                                                                 0000000000000000                                        
-107                                                                 0000000000000000                                        
-106                                                                 0000000000000000                                        
-105                                                                 0000000000000000                                        
-104                                                                 0000000000000000                                        
-103                                                                 0000000000000000                                        
-102                                                                 0000000000000000                                        
-101                                                                 0000000000000000                                        
-100                                                                 0000000000000000                                        
 -99                                                                 0000000000000000                                        
 -98                                                                 0000000000000000                                        
 -97                                                                 1000000000000000                                        
 -96                                 111111111111111111111111111111111000000000000000                                        
 -95                                 111111111111111111111111111111111000000000000000                                        
 -94                                 111111111111111111111111111111111000000000000000                                        
 -93                                 111111111111111111111111111111111000000000000000                                        
 -92                                 111111111111111111111111111111111000000000000000                                        
 -91                                 111111111111111111111111111111111000000000000000                                        
 -90                                 111111111111111111111111111111111000000000000000                                        
 -89                                 111111111111111111111111111111111000000000000000                                        
 -88         111111111111111111111111111111111111111111111111111111111000000000000000                                        
 -87         111111111111111111111111111111111111111111111111111111111000000000000000                                        
 -86         111111111111111111111111111111111111111111111111111111111000000000000000                                        
 -85         111111111111111111111111111111111111111111111111111111111000000000000000                                        
 -84         111111111111111111111111111111111111111111111111111111111000000000000000                                        
 -83         111111111111111111111111111111111111111111111111111111111000000000000000                                        
 -82         111111111111111111111111111111111111111111111111111111111000000000000000                                        
 -81         111111111111111111111111111111111111111111111111111111111000000000000000                                        
 -80         1111111111111111111111111111111111111111                1111111111111111                                        
 -79         1111111111111111111111111111111111111111                1111111111111111                                        
 -78         0001111111111111111111111111111111111111                1111111111111111                                        
 -77         0001111111111111111111111111111111111111                1111111111111111                                        
 -76 00000000000111111111            1111111111111111                1111111111111111                                        
 -75 00000000000000000011            1111111111111111                1111111111111111                                        
 -74 00000000000000000011            1111111111111111                1111111111111111                                        
 -73 00000000000000000011            1111111111111111                1111111111111111                                        
 -72 00000000000000000011            1111111111111111                1111111111111111                                        
 -71 00000000000000000011            1111111111111111                1111111111111111                                        
 -70 00000000000000000011            1111111111111111                1111111111111111                                        
 -69 00000000000000000011            1111111111111111                1111111111111111                                        
 -68 00000000000000000011            1111111111111111                1111111111111111                                        
 -67 00000000000000000011            1111111111111111                1111111111111111                                        
 -66 00000000000000000011            1111111111111111                1111111111111111                                        
 -65 00000000000000000011            1111111111111111                1111111111111111                                        
 -64         000111111111111111111111111111111111111111111111111111111111111111111111                                        
 -63         000111111111111111111111111111111111111111111111111111111111111111111111                                        
 -62         000111111111111111111111111111111111111111111111111111111111111111111111                                        
 -61         111111111111111111111111111111111111111111111111111111111111111111111111                                        
 -60         111111111111111111111111111111111111111111111111111111111111111111111111111111111111110000000000                
 -59         111111111111111111111111111111111111111111111111111111111111111111111111111111100000000000000000                
 -58         111111111111111111111111111111111111111111111111111111111111111111111111111111100000000000000000                
 -57         111111111111111111111111111111111111111111111111111111111111111111111111111111100000000000000000                
 -56         111111111111111111111111111111111111111111111111111111111111111111111111111111100000000000000000                
 -55         111111111111111111111111111111111111111111111111111111111111111111111111111111100000000000000000                
 -54         111111111111111111111111111111111111111111111111111111111111111111111111111111100000000000000000                
 -53         111111111111111111111111111111111111111111111111111111111111111111111111111111100000000000000000                
 -52                                 111111111111111111111111111111111111111111111111111111100000000000000000                
 -51                                 111111111111111111111111111111111111111111111111111111100000000000000000                
 -50                                 111111111111111111111111111111111111111111111111111111100000000000000000                
 -49                                 111111111111111111111111111111111111111111111111111111100000000000000000                
 -48                                 111111111111111111111111111111111111111111111111                                        
 -47                                 111111111111111111111111111111111111111111111111                                        
 -46                                 111111111111111111111111111111111111111111111111                                        
 -45                                 111111111111111111111111111111111111111111111111                                        
 -44                                 111111111111111111111111111111111111111111111111                                        
 -43                                 111111111111111111111111111111111111111111111111                                        
 -42                                 111111111111111111111111111111111111111111111111                                        
 -41                                 111111111111111111111111111111111111111111111111                                        
 -40                                 111111111111111111111111111111111111111111111111                                        
 -39                                 111111111111111111111111111111111111111111111111                                        
 -38                                 111111111111111111111111111111111111111111111111                                        
 -37                                 111111111111111111111111111111111111111111111111                                        
 -36                                 111111111111111111111111111111111111111111111111                                        
 -35                                 111111111111111111111111111111111111111111111111                                        
 -34                                 111111111111111111111111111111111111111111111111                                        
 -33                                 111111111111111111111111111111111111111111111111                                        
 -32                                         11111111                111111111111                                            
 -31                                         11111111                111111111111                                            
 -30                                         11111111                111111111111                                            
 -29                                         11111111                111111111111                                            
 -28                                         11111111                111111111111                                            
 -27                                         11111111                111111111111                                            
 -26                                         11111111                111111111111                                            
 -25                                         11111111                111111111111                                            
 -24                                                                                                                         
 -23                                                                                                                         
 -22                                                                                                                         
 -21                                                                                                                         
 -20                                                                                                                         
 -19                                                                                                                         
 -18                                                                                                                         
 -17                                                                                                                         
 -16                                                                                                                         
 -15                                                                                                                         
 -14                                                                                                                         
 -13                                                                                                                         
 -12                                             11111111111111111111111111111111                                            
 -11                                             11111111111111111111111111111111                                            
 -10                                             11111111111111111111111111111111                                            
  -9                                             11111111111111111111111111111111                                            
  -8                                             11111111111111111111111111111111                                            
  -7                                             11111111111111111111111111111111                                            
  -6                                             11111111111111111111111111111111                                            
  -5                                             11111111111111111111111111111111                                            
  -4                                             11111111111111111111111111111111                                            
  -3                                             11111111111111111111111111111111                                            
  -2                                             11111111111111111111111111111111                                            
  -1                                             11111111111111111111111111111111                                            
   0                                             11111111111111111111111111111111                                            
   1                                             11111111111111111111111111111111                                            
   2                                             11111111111111111111111111111111                                            
   3                                             11111111111111111111111111111111                                            
   4                                             11111111111111111111111111111111                                            
   5                                             11111111111111111111111111111111                                            
   6                                             11111111111111111111111111111111                                            
   7                                             11111111111111111111111111111111                                            
   8                                             11111111111111111111111111111111                                            
   9                                             11111111111111111111111111111111                                            
  10                                             11111111111111111111111111111111                                            
  11                                             11111111111111111111111111111111                                            
  12                                                                                                                         
  13                                                                                                                         
  14                                                                                                                         
  15                                                                                                                         
  16                                                                                                                         
  17                                                                                                                         
  18                                                                                                                         
  19                                                                                                                         
  20                                                                                                                         
  21                                                                                                                         
  22                                                                                                                         
  23                                                                                                                         
  24                                             111111111111                11111111                                        
  25                                             111111111111                11111111                                        
  26                                             111111111111                11111111                                        
  27                                             111111111111                11111111                                        
  28                                             111111111111                11111111                                        
  29                                             111111111111                11111111                                        
  30                                             111111111111                11111111                                        
  31                                             111111111111                11111111                                        
  32                                         111111111111111111111111111111111111111111111111                                
  33                                         111111111111111111111111111111111111111111111111                                
  34                                         111111111111111111111111111111111111111111111111                                
  35                                         111111111111111111111111111111111111111111111111                                
  36                                         111111111111111111111111111111111111111111111111                                
  37                                         111111111111111111111111111111111111111111111111                                
  38                                         111111111111111111111111111111111111111111111111                                
  39                                         111111111111111111111111111111111111111111111111                                
  40                                         111111111111111111111111111111111111111111111111                                
  41                                         111111111111111111111111111111111111111111111111                                
  42                                         111111111111111111111111111111111111111111111111                                
  43                                         111111111111111111111111111111111111111111111111                                
  44                                         111111111111111111111111111111111111111111111111                                
  45                                         111111111111111111111111111111111111111111111111                                
  46                                         111111111111111111111111111111111111111111111111                                
  47                                         111111111111111111111111111111111111111111111111                                
  48                 000000000001111111111111111111111111111111111111111111111111111111111111                                
  49                 000000000000000000111111111111111111111111111111111111111111111111111111                                
  50                 000000000000000000111111111111111111111111111111111111111111111111111111                                
  51                 000000000000000000111111111111111111111111111111111111111111111111111111                                
  52                 000000000000000000111111111111111111111111111111111111111111111111111111111111111111111111111111        
  53                 000000000000000000111111111111111111111111111111111111111111111111111111111111111111111111111111        
  54                 000000000000000000111111111111111111111111111111111111111111111111111111111111111111111111111111        
  55                 000000000000000000111111111111111111111111111111111111111111111111111111111111111111111111111111        
  56                 000000000000000000111111111111111111111111111111111111111111111111111111111111111111111111111111        
  57                 000000000000000000111111111111111111111111111111111111111111111111111111111111111111111111111111        
  58                 000000000000000000111111111111111111111111111111111111111111111111111111111111111111111111111111        
  59                 000000000000000000111111111111111111111111111111111111111111111111111111111111111111111111111111        
  60                                         111111111111111111111111111111111111111111111111111111111111111111111111        
  61                                         111111111111111111111111111111111111111111111111111111111111111111111111        
  62                                         111111111111111111111111111111111111111111111111111111111111111111111100        
  63                                         111111111111111111111111111111111111111111111111111111111111111111111100        
  64                                         1111111111111111                1111111111111111            11111111110000000000
  65                                         1111111111111111                1111111111111111            11100000000000000000
  66                                         1111111111111111                1111111111111111            11100000000000000000
  67                                         1111111111111111                1111111111111111            11100000000000000000
  68                                         1111111111111111                1111111111111111            11100000000000000000
  69                                         1111111111111111                1111111111111111            11100000000000000000
  70                                         1111111111111111                1111111111111111            11100000000000000000
  71                                         1111111111111111                1111111111111111            11100000000000000000
  72                                         1111111111111111                1111111111111111            11100000000000000000
  73                                         1111111111111111                1111111111111111            11100000000000000000
  74                                         1111111111111111                1111111111111111            11100000000000000000
  75                                         1111111111111111                1111111111111111            11100000000000000000
  76                                         1111111111111111                1111111111111111111111111111111111111100        
  77                                         1111111111111111                1111111111111111111111111111111111111100        
  78                                         1111111111111111                1111111111111111111111111111111111111100        
  79                                         1111111111111111                1111111111111111111111111111111111111111        
  80                                         111111111111111111111111111111111111111111111111111111111111111111111111        
  81                                         100000000000000011111111111111111111111111111111111111111111111111111111        
  82                                         100000000000000011111111111111111111111111111111111111111111111111111111        
  83                                         100000000000000011111111111111111111111111111111111111111111111111111111        
  84                                         100000000000000011111111111111111111111111111111111111111111111111111111        
  85                                         100000000000000011111111111111111111111111111111111111111111111111111111        
  86                                         100000000000000011111111111111111111111111111111111111111111111111111111        
  87                                         100000000000000011111111111111111111111111111111111111111111111111111111        
  88                                         100000000000000011111111111111111111111111111111                                
  89                                         100000000000000011111111111111111111111111111111                                
  90                                         100000000000000011111111111111111111111111111111                                
  91                                         100000000000000011111111111111111111111111111111                                
  92                                         100000000000000011111111111111111111111111111111                                
  93                                         100000000000000011111111111111111111111111111111                                
  94                                         100000000000000011111111111111111111111111111111                                
  95                                         100000000000000011111111111111111111111111111111                                
  96                                         1000000000000000                                                                
  97                                         1000000000000000                                                                
  98                                         0000000000000000                                                                
  99                                         0000000000000000                                                                
 100                                         0000000000000000                                                                
 101                                         0000000000000000                                                                
 102                                         0000000000000000                                                                
 103                                         0000000000000000                                                                
 104                                         0000000000000000                                                                
 105                                         0000000000000000                                                                
 106                                         0000000000000000                                                                
 107                                         0000000000000000                                                                
seats 7629; refused 1683 DR-KEEP

## house
SEATS  house, footprint 9x7, no route standoff  1 char = 1 block  x -60..59 across, z -108..107 down
KEY  1 the footprint seats with its minimum corner here  0 refused  space void
     6        -5        -4        -3        -2        -1         0         1         2         3         4         5         
     098765432109876543210987654321098765432109876543210987654321012345678901234567890123456789012345678901234567890123456789
-108                                                                 0000000000000000                                        
-107                                                                 0000000000000000                                        
-106                                                                 0000000000000000                                        
-105                                                                 0000000000000000                                        
-104                                                                 0000000000000000                                        
-103                                                                 0000000000000000                                        
-102                                                                 0000000000000000                                        
-101                                                                 0000000000000000                                        
-100                                                                 0000000000000000                                        
 -99                                                                 0000000000000000                                        
 -98                                                                 0000000000000000                                        
 -97                                                                 0000000000000000                                        
 -96                                 110000000111111111111111000000000000000000000000                                        
 -95                                 110000000000000000000000000000000000000000000000                                        
 -94                                 000000000000000000000000000000000000000000000000                                        
 -93                                 000000000000000000000000000000000000000000000000                                        
 -92                                 000000000000000000000000000000000000000000000000                                        
 -91                                 000000000000000000000000000000000000000000000000                                        
 -90                                 000000000000000000000000000000000000000000000000                                        
 -89                                 000000000000000000000000000000000000000000000000                                        
 -88         110000000000000000000000000000000000000000000000000000000000000000000000                                        
 -87         110000000000000000000000111111110000000011111111000000000000000000000000                                        
 -86         000000000000000000000000000000000000000000000000000000000000000000000000                                        
 -85         000000000000000000000000000000000000000000000000000000000000000000000000                                        
 -84         000000000000000000000000000000000000000000000000000000000000000000000000                                        
 -83         000000000000000000000000000000000000000000000000000000000000000000000000                                        
 -82         000000000000000000000000000000000000000000000000000000000000000000000000                                        
 -81         000000000000000000000000000000000000000000000000000000000000000000000000                                        
 -80         0000000000000000000000000000000000000000                0000000000000000                                        
 -79         0000000000000000000000000000000000000000                0000000000000000                                        
 -78         0000000000000000000000000000000000000000                0000000000000000                                        
 -77         0000000000000000000000000000000000000000                0000000000000000                                        
 -76 00000000000000000000            0000000000000000                0000000000000000                                        
 -75 00000000000000000000            0000000000000000                0000000000000000                                        
 -74 00000000000000000000            0000000000000000                0000000000000000                                        
 -73 00000000000000000000            0000000000000000                0000000000000000                                        
 -72 00000000000000000000            0000000000000000                0000000000000000                                        
 -71 00000000000000000000            0000000000000000                0000000000000000                                        
 -70 00000000000000000000            0000000000000000                0000000000000000                                        
 -69 00000000000000000000            0000000000000000                0000000000000000                                        
 -68 00000000000000000000            0000000000000000                0000000000000000                                        
 -67 00000000000000000000            0000000000000000                0000000000000000                                        
 -66 00000000000000000000            0000000000000000                0000000000000000                                        
 -65 00000000000000000000            0000000000000000                0000000000000000                                        
 -64         000000000000000000000000111111110000000011111111000000000000000000000000                                        
 -63         000000000000000000000000111111110000000011111111000000000000000000000000                                        
 -62         000000000000000000000000111111110000000000000000000000000000000000000000                                        
 -61         000000000000000000000000111111110000000000000000000000000000000000000000                                        
 -60         110000000000000000000000111111110000000000000000000000001111111100000000000000000000000000000000                
 -59         110000000000000000000000111111110000000000000000000000001111111100000000000000000000000000000000                
 -58         000000000000000000000000000000000000000000000000000000001111111100000000000000000000000000000000                
 -57         000000000000000000000000000000000000000000000000000000001111111100000000000000000000000000000000                
 -56         000000000000000000000000000000000000000000000000000000001111111100000000000000000000000000000000                
 -55         000000000000000000000000000000000111111111111111111111111111111100000000000000000000000000000000                
 -54         000000000000000000000000000000000111111111111111111111100000000000000000000000000000000000000000                
 -53         000000000000000000000000000000000111111111111111111111100000000000000000000000000000000000000000                
 -52                                 110000000111111111111111111111100000000000000000000000000000000000000000                
 -51                                 110000000111111111111111111111100000000000000000000000000000000000000000                
 -50                                 110000000111111111111111111111100000000000000000000000000000000000000000                
 -49                                 110000000111111111111111111111100000000000000000000000000000000000000000                
 -48                                 110000000111111111111111111111100000001100000000                                        
 -47                                 000000000000000000000000000000000000000000000000                                        
 -46                                 000000000000000000000000000000000000000000000000                                        
 -45                                 000000000000000000000000000000000000000000000000                                        
 -44                                 000000000000000000000000000000000000000000000000                                        
 -43                                 000000000000000000000000000000000000000000000000                                        
 -42                                 000000000000000000000000000000000000000000000000                                        
 -41                                 000000000000000000000000000000000000000000000000                                        
 -40                                 000000000000000011111111000000000000000000000000                                        
 -39                                 000000000000000011111111000000000000000000000000                                        
 -38                                 000000000000000000000000000000000000000000000000                                        
 -37                                 000000000000000000000000000000000000000000000000                                        
 -36                                 000000000000000000000000000000000000000000000000                                        
 -35                                 000000000000000000000000000000000000000000000000                                        
 -34                                 000000000000000000000000000000000000000000000000                                        
 -33                                 000000000000000000000000000000000000000000000000                                        
 -32                                         00000000                000000000000                                            
 -31                                         00000000                000000000000                                            
 -30                                         00000000                000000000000                                            
 -29                                         00000000                000000000000                                            
 -28                                         00000000                000000000000                                            
 -27                                         00000000                000000000000                                            
 -26                                         00000000                000000000000                                            
 -25                                         00000000                000000000000                                            
 -24                                                                                                                         
 -23                                                                                                                         
 -22                                                                                                                         
 -21                                                                                                                         
 -20                                                                                                                         
 -19                                                                                                                         
 -18                                                                                                                         
 -17                                                                                                                         
 -16                                                                                                                         
 -15                                                                                                                         
 -14                                                                                                                         
 -13                                                                                                                         
 -12                                             11000000011111100000001100000000                                            
 -11                                             11000000011111100000001100000000                                            
 -10                                             00000000000000000000000000000000                                            
  -9                                             00000000000000000000000000000000                                            
  -8                                             00000000000000000000000000000000                                            
  -7                                             00000000000000000000000000000000                                            
  -6                                             00000000000000000000000000000000                                            
  -5                                             00000000000000000000000000000000                                            
  -4                                             00000000000000000000000000000000                                            
  -3                                             00000000000000000000000000000000                                            
  -2                                             00000000000000000000000000000000                                            
  -1                                             00000000000000000000000000000000                                            
   0                                             00000000000000000000000000000000                                            
   1                                             00000000000000000000000000000000                                            
   2                                             00000000000000000000000000000000                                            
   3                                             00000000000000000000000000000000                                            
   4                                             11000000011111100000001100000000                                            
   5                                             11000000011111100000001100000000                                            
   6                                             00000000000000000000000000000000                                            
   7                                             00000000000000000000000000000000                                            
   8                                             00000000000000000000000000000000                                            
   9                                             00000000000000000000000000000000                                            
  10                                             00000000000000000000000000000000                                            
  11                                             00000000000000000000000000000000                                            
  12                                                                                                                         
  13                                                                                                                         
  14                                                                                                                         
  15                                                                                                                         
  16                                                                                                                         
  17                                                                                                                         
  18                                                                                                                         
  19                                                                                                                         
  20                                                                                                                         
  21                                                                                                                         
  22                                                                                                                         
  23                                                                                                                         
  24                                             000000000000                00000000                                        
  25                                             000000000000                00000000                                        
  26                                             000000000000                00000000                                        
  27                                             000000000000                00000000                                        
  28                                             000000000000                00000000                                        
  29                                             000000000000                00000000                                        
  30                                             000000000000                00000000                                        
  31                                             000000000000                00000000                                        
  32                                         000000000000000011111111000000000000000000000000                                
  33                                         000000000000000011111111000000000000000000000000                                
  34                                         000000000000000000000000000000000000000000000000                                
  35                                         000000000000000000000000000000000000000000000000                                
  36                                         000000000000000000000000000000000000000000000000                                
  37                                         000000000000000000000000000000000000000000000000                                
  38                                         000000000000000000000000000000000000000000000000                                
  39                                         000000000000000000000000000000000000000000000000                                
  40                                         000000000000000000000000000000000000000000000000                                
  41                                         110000000111111111111111111111100000001100000000                                
  42                                         000000000111111111111111111111100000001100000000                                
  43                                         000000000111111111111111111111100000001100000000                                
  44                                         000000000111111111111111111111100000001100000000                                
  45                                         000000000111111111111111111111100000001100000000                                
  46                                         000000000111111111111111111111100000000000000000                                
  47                                         000000000111111111111111111111100000000000000000                                
  48                 000000000000000000000000111111111111111111111111111111100000000000000000                                
  49                 000000000000000000000000111111110000000000000000000000000000000000000000                                
  50                 000000000000000000000000111111110000000000000000000000000000000000000000                                
  51                 000000000000000000000000111111110000000000000000000000000000000000000000                                
  52                 000000000000000000000000111111110000000000000000000000001111111100000000000000000000001100000000        
  53                 000000000000000000000000111111110000000000000000000000001111111100000000000000000000001100000000        
  54                 000000000000000000000000000000000000000000000000000000001111111100000000000000000000000000000000        
  55                 000000000000000000000000000000000000000000000000000000001111111100000000000000000000000000000000        
  56                 000000000000000000000000000000000000000011111111000000001111111100000000000000000000000000000000        
  57                 000000000000000000000000000000000000000011111111000000001111111100000000000000000000000000000000        
  58                 000000000000000000000000000000000000000000000000000000000000000000000000000000000000000000000000        
  59                 000000000000000000000000000000000000000000000000000000000000000000000000000000000000000000000000        
  60                                         000000000000000000000000000000000000000000000000000000000000000000000000        
  61                                         000000000000000000000000000000000000000000000000000000000000000000000000        
  62                                         000000000000000000000000000000000000000000000000000000000000000000000000        
  63                                         000000000000000000000000000000000000000000000000000000000000000000000000        
  64                                         0000000000000000                0000000000000000            00000000000000000000
  65                                         0000000000000000                0000000000000000            00000000000000000000
  66                                         0000000000000000                0000000000000000            00000000000000000000
  67                                         0000000000000000                0000000000000000            00000000000000000000
  68                                         0000000000000000                0000000000000000            00000000000000000000
  69                                         0000000000000000                0000000000000000            00000000000000000000
  70                                         0000000000000000                0000000000000000            00000000000000000000
  71                                         0000000000000000                0000000000000000            00000000000000000000
  72                                         0000000000000000                0000000000000000            00000000000000000000
  73                                         0000000000000000                0000000000000000            00000000000000000000
  74                                         0000000000000000                0000000000000000            00000000000000000000
  75                                         0000000000000000                0000000000000000            00000000000000000000
  76                                         0000000000000000                0000000000000000000000000000000000000000        
  77                                         0000000000000000                0000000000000000000000000000000000000000        
  78                                         0000000000000000                0000000000000000000000000000000000000000        
  79                                         0000000000000000                0000000000000000000000000000000000000000        
  80                                         000000000000000011111111000000001111111100000000000000000000001100000000        
  81                                         000000000000000000000000000000000000000000000000000000000000001100000000        
  82                                         000000000000000000000000000000000000000000000000000000000000000000000000        
  83                                         000000000000000000000000000000000000000000000000000000000000000000000000        
  84                                         000000000000000000000000000000000000000000000000000000000000000000000000        
  85                                         000000000000000000000000000000000000000000000000000000000000000000000000        
  86                                         000000000000000000000000000000000000000000000000000000000000000000000000        
  87                                         000000000000000000000000000000000000000000000000000000000000000000000000        
  88                                         000000000000000000000000000000000000001100000000                                
  89                                         000000000000000011111111111111100000001100000000                                
  90                                         000000000000000000000000000000000000000000000000                                
  91                                         000000000000000000000000000000000000000000000000                                
  92                                         000000000000000000000000000000000000000000000000                                
  93                                         000000000000000000000000000000000000000000000000                                
  94                                         000000000000000000000000000000000000000000000000                                
  95                                         000000000000000000000000000000000000000000000000                                
  96                                         0000000000000000                                                                
  97                                         0000000000000000                                                                
  98                                         0000000000000000                                                                
  99                                         0000000000000000                                                                
 100                                         0000000000000000                                                                
 101                                         0000000000000000                                                                
 102                                         0000000000000000                                                                
 103                                         0000000000000000                                                                
 104                                         0000000000000000                                                                
 105                                         0000000000000000                                                                
 106                                         0000000000000000                                                                
 107                                         0000000000000000                                                                
seats 760; refused 3554 DR-PASS, 2874 DR-SITE, 2124 DR-KEEP
